,entry_count,positive_count,negative_count,correctly_guessed,positive_guess_count,negative_guess_count
A0A286YEV6,6,0,6,6,0,6
A0A3B3IT33,30,0,30,15,15,15
A6NFH5,14,3,11,9,6,8
A6NI73,30,0,30,21,9,21
A6NJR5,19,0,19,8,11,8
A6NL46,31,2,29,14,19,12
A6NNC1,143,1,142,72,70,73
A8MV72,27,1,26,12,16,11
A8MVM7,61,0,61,32,29,32
O00165,33,8,25,18,21,12
O43598,13,6,7,6,7,6
O43825,27,0,27,21,6,21
O43866,23,0,23,17,6,17
O95210,54,19,35,32,37,17
O95298,2,0,2,1,1,1
O95445,11,0,11,10,1,10
P01116,11,2,9,6,7,4
P03901,8,0,8,8,0,8
P04432,18,0,18,13,5,13
P07492,13,0,13,4,9,4
P0C7T7,29,0,29,8,21,8
P17081,7,1,6,5,1,6
P22304,45,0,45,28,17,28
P29972,22,1,21,18,3,19
P30793,17,2,15,11,8,9
P42224,60,12,48,39,19,41
P46821,449,155,294,253,251,198
P48739,10,1,9,6,5,5
P49716,17,3,14,9,11,6
P51149,12,4,8,8,6,6
P62760,9,0,9,7,2,7
Q0P6D6,54,5,49,33,26,28
Q12791,144,15,129,103,42,102
Q12918,30,0,30,26,4,26
Q14642,27,0,27,12,15,12
Q15019,18,5,13,8,11,7
Q15818,29,1,28,17,11,18
Q1RN00,20,0,20,13,7,13
Q2NL68,75,7,68,44,38,37
Q3SXY8,19,3,16,11,11,8
Q53H64,5,0,5,5,0,5
Q58FF8,31,5,26,19,13,18
Q5FYB1,35,0,35,23,12,23
Q5VUG0,63,4,59,35,32,31
Q5W150,9,0,9,5,4,5
Q5XG85,8,0,8,0,8,0
Q6JHZ5,10,0,10,8,2,8
Q6STE5,43,7,36,22,24,19
Q6ZS27,27,0,27,22,5,22
Q6ZS92,15,0,15,6,9,6
Q6ZSR6,19,0,19,17,2,17
Q6ZT98,80,0,80,42,38,42
Q6ZVT6,92,1,91,57,36,56
Q86VK4,61,0,61,45,16,45
Q86W54,15,0,15,10,5,10
Q86W74,14,0,14,11,3,11
Q8IUF8,38,6,32,26,16,22
Q8N814,10,0,10,4,6,4
Q8N976,14,0,14,9,5,9
Q8N9P0,19,0,19,8,11,8
Q8NDY8,17,0,17,11,6,11
Q8NGK5,21,0,21,19,2,19
Q8NGQ5,22,0,22,16,6,16
Q8TAI7,14,0,14,13,1,13
Q8TBE9,12,1,11,10,3,9
Q8TER0,104,0,104,69,35,69
Q96A70,33,1,32,28,4,29
Q96BN8,14,1,13,9,6,8
Q96C45,117,5,112,79,43,74
Q96DC9,16,0,16,10,6,10
Q96F07,78,3,75,46,31,47
Q96GS4,43,10,33,19,28,15
Q96HM7,21,0,21,13,8,13
Q96HQ2,8,0,8,4,4,4
Q96S07,27,0,27,12,15,12
Q99675,28,1,27,17,12,16
Q9BRT6,3,0,3,0,3,0
Q9BVW5,19,4,15,12,9,10
Q9BW04,116,35,81,64,79,37
Q9BYR6,5,0,5,5,0,5
Q9BZS9,3,1,2,2,0,3
Q9H0H0,95,0,95,69,26,69
Q9H0Q3,4,0,4,4,0,4
Q9H4I9,13,0,13,4,9,4
Q9H521,3,0,3,3,0,3
Q9H6L4,16,1,15,11,6,10
Q9HAT2,40,1,39,30,11,29
Q9NPF2,19,0,19,11,8,11
Q9NQA5,48,7,41,30,19,29
Q9NRR2,29,0,29,19,10,19
Q9NX02,68,4,64,48,22,46
Q9NX08,12,0,12,6,6,6
Q9NXK8,22,0,22,13,9,13
Q9NZT2,77,28,49,39,56,21
Q9UET6,24,2,22,16,8,16
Q9UKG1,90,20,70,56,42,48
Q9UMX1,41,6,35,27,18,23
Q9Y274,14,0,14,8,6,8
Q9Y5P0,22,0,22,19,3,19
Q9Y6G9,68,26,42,39,35,33
A0A1B0GUV8,6,0,6,4,2,4
A2RUT3,8,0,8,6,2,6
A3QJZ6,36,0,36,20,16,20
A6NDV4,30,0,30,27,3,27
A6NEQ0,69,0,69,16,53,16
B7ZW38,33,6,27,10,29,4
O14867,95,13,82,63,33,62
O15519,39,2,37,28,13,26
O43310,53,5,48,35,19,34
O43513,10,1,9,5,4,6
O43572,97,19,78,64,36,61
O60242,135,4,131,96,43,92
O75078,56,3,53,39,18,38
O75095,80,0,80,74,6,74
O75113,97,27,70,55,43,54
O75643,141,23,118,87,59,82
O94956,68,3,65,54,17,51
O95800,58,0,58,45,13,45
O95816,30,10,20,14,18,12
P01036,9,3,6,5,3,6
P02741,23,0,23,17,6,17
P07384,59,11,48,31,31,28
P0C0S8,2,0,2,0,2,0
P0DJD9,44,0,44,41,3,41
P0DOY3,14,0,14,10,4,10
P0DX04,2,0,2,2,0,2
P14210,40,1,39,32,9,31
P19013,63,7,56,37,33,30
P20338,15,3,12,10,8,7
P30039,17,0,17,12,5,12
P35452,16,0,16,9,7,9
P37088,68,3,65,49,20,48
P45880,32,9,23,21,8,24
P51970,6,1,5,3,4,2
P53007,14,2,12,9,7,7
P55055,38,2,36,22,18,20
P56282,38,1,37,31,8,30
P58005,31,0,31,21,10,21
P60509,36,0,36,27,9,27
Q02318,25,1,24,14,12,13
Q04724,95,17,78,61,43,52
Q07954,318,10,308,250,76,242
Q13129,214,26,188,152,74,140
Q13526,35,13,22,17,23,12
Q14573,195,20,175,129,72,123
Q14602,3,0,3,2,1,2
Q15349,55,7,48,23,37,18
Q17RN3,23,0,23,13,10,13
Q3MIT2,37,4,33,22,13,24
Q494V2,49,1,48,25,25,24
Q53GD3,47,0,47,38,9,38
Q5SWX8,37,0,37,28,9,28
Q5TEC6,5,0,5,0,5,0
Q5THK1,286,29,257,196,105,181
Q5TYX0,27,0,27,24,3,24
Q5VT40,16,0,16,9,7,9
Q5VU36,156,0,156,124,32,124
Q5VXJ0,23,0,23,17,6,17
Q6ISB3,65,10,55,45,24,41
Q6URK8,17,0,17,12,5,12
Q6UWV6,19,0,19,10,9,10
Q7L0R7,34,0,34,21,13,21
Q7RTV3,26,4,22,17,13,13
Q7Z4Q2,51,0,51,35,16,35
Q7Z7K2,48,0,48,27,21,27
Q86UT6,60,2,58,41,21,39
Q86VE3,91,0,91,69,22,69
Q86X10,170,30,140,104,68,102
Q8N3U4,101,16,85,66,29,72
Q8N465,32,0,32,17,15,17
Q8N4C8,132,36,96,71,83,49
Q8N7R7,37,10,27,23,20,17
Q8NDT2,127,40,87,62,97,30
Q8NFP7,10,2,8,3,7,3
Q8WTU2,23,0,23,19,4,19
Q8WUM9,80,15,65,60,23,57
Q8WXG9,506,8,498,368,134,372
Q92905,25,3,22,18,10,15
Q969M1,16,0,16,13,3,13
Q96CA5,20,2,18,12,10,10
Q96DZ9,14,0,14,13,1,13
Q96GL9,14,0,14,9,5,9
Q96LS8,17,0,17,10,7,10
Q9BQT9,73,1,72,52,22,51
Q9BR76,41,6,35,27,16,25
Q9BYV6,35,1,34,19,17,18
Q9H0I9,43,0,43,36,7,36
Q9H2C5,16,0,16,16,0,16
Q9H4L5,155,44,111,95,62,93
Q9HB40,33,0,33,26,7,26
Q9NXK6,30,0,30,29,1,29
Q9P104,23,1,22,9,15,8
Q9P1D8,2,0,2,2,0,2
Q9P241,124,5,119,79,48,76
Q9UDX3,22,0,22,11,11,11
Q9UL59,55,1,54,46,10,45
Q9UMX6,5,0,5,3,2,3
Q9WJR5,50,0,50,33,17,33
Q9Y233,53,3,50,40,16,37
A0A5A2,7,0,7,3,4,3
A0A6Q8PGS0,2,0,2,0,2,0
A6NCL1,35,0,35,25,10,25
A8MWY0,96,3,93,83,14,82
O00444,128,18,110,75,65,63
O14508,14,0,14,7,7,7
O14657,16,0,16,13,3,13
O15400,32,12,20,15,27,5
O43194,53,4,49,39,16,37
O43304,53,0,53,36,17,36
O75444,36,1,35,18,19,17
O95487,159,6,153,125,36,123
P03886,19,0,19,18,1,18
P06133,36,0,36,30,6,30
P08185,37,0,37,32,5,32
P08F94,373,1,372,273,99,274
P09417,22,3,19,14,7,15
P09543,27,6,21,13,18,9
P0DMC3,2,0,2,2,0,2
P0DV77,18,0,18,10,8,10
P10997,7,0,7,6,1,6
P14415,9,0,9,8,1,8
P19875,5,0,5,3,2,3
P22528,1,0,1,1,0,1
P22692,14,0,14,6,8,6
P24752,31,5,26,20,10,21
P25398,4,1,3,3,2,2
P35269,82,33,49,40,49,33
P35372,35,5,30,24,12,23
P42681,41,0,41,24,17,24
P50225,16,2,14,10,6,10
P51684,31,0,31,25,6,25
P51801,55,0,55,45,10,45
P53985,43,6,37,31,14,29
P59773,18,0,18,9,9,9
P59797,26,0,26,16,10,16
P62910,9,3,6,6,4,5
P78386,47,0,47,31,16,31
P98164,352,14,338,281,71,281
Q04118,18,1,17,6,13,5
Q06945,94,11,83,61,40,54
Q09MP3,112,3,109,73,40,72
Q13114,53,5,48,38,14,39
Q13115,45,5,40,28,18,27
Q14674,194,24,170,119,89,105
Q14766,125,7,118,97,33,92
Q14957,103,1,102,61,43,60
Q15035,16,1,15,11,6,10
Q15057,82,16,66,38,50,32
Q16671,40,1,39,27,12,28
Q3B7T1,136,4,132,101,37,99
Q3SXZ3,35,0,35,30,5,30
Q53FV1,10,0,10,9,1,9
Q5I0G3,30,0,30,22,8,22
Q5JTW2,67,7,60,37,37,30
Q5STR5,1,0,1,0,1,0
Q5T5C0,133,25,108,84,66,67
Q5T686,11,0,11,6,5,6
Q5T6J7,13,0,13,12,1,12
Q5T7W0,85,5,80,54,30,55
Q70EL2,87,0,87,54,33,54
Q71F56,262,32,230,177,89,173
Q7RTT3,9,0,9,3,6,3
Q86XM0,62,0,62,56,6,56
Q8IYI6,50,10,40,27,27,23
Q8IZC4,49,5,44,30,22,27
Q8N0Z3,103,27,76,56,58,45
Q8N2U0,7,0,7,6,1,6
Q8N608,71,4,67,47,24,47
Q8N806,39,10,29,25,14,25
Q8N8F6,31,1,30,26,6,25
Q8NAF0,41,10,31,20,31,10
Q8NCX0,64,1,63,33,32,32
Q8NGE9,19,0,19,17,2,17
Q8NGI6,22,0,22,19,3,19
Q8NGS7,27,0,27,25,2,25
Q8NH64,22,0,22,17,5,17
Q8WU76,47,2,45,36,11,36
Q8WXK1,27,0,27,21,6,21
Q92504,39,3,36,29,13,26
Q92995,67,7,60,46,24,43
Q93052,64,21,43,40,19,45
Q96CM8,38,5,33,22,17,21
Q96JB3,62,8,54,42,26,36
Q96MC9,26,0,26,15,11,15
Q96Q89,169,20,149,95,84,85
Q9GZU0,14,0,14,4,10,4
Q9H158,95,4,91,69,30,65
Q9HAQ2,68,8,60,36,36,32
Q9NQX0,53,1,52,41,13,40
Q9NRE2,150,12,138,85,67,83
Q9NRU3,77,6,71,40,41,36
Q9P0L9,51,0,51,34,17,34
Q9UBR1,19,0,19,12,7,12
Q9UH90,58,0,58,43,15,43
Q9UHV5,44,2,42,21,23,21
Q9ULE4,74,5,69,30,49,25
Q9UMW8,28,0,28,18,10,18
A0A0B4J1X8,12,0,12,11,1,11
A0A1W2PQ72,34,0,34,24,10,24
A5PLN9,32,0,32,28,4,28
A8MQ14,86,2,84,76,10,76
A8MVZ5,20,0,20,16,4,16
O00453,10,3,7,4,7,3
O00591,44,3,41,36,11,33
O00622,25,1,24,20,6,19
O14544,78,12,66,44,44,34
O14595,17,0,17,11,6,11
O14810,5,2,3,2,3,2
O15021,394,49,345,197,238,156
O15050,182,5,177,118,63,119
O15117,91,19,72,57,45,46
O15144,19,3,16,14,8,11
O15156,37,4,33,20,21,16
O15194,24,3,21,14,11,13
O15552,24,2,22,20,6,18
O43820,21,0,21,16,5,16
O43847,73,8,65,50,27,46
O75460,91,9,82,64,34,57
O75787,39,3,36,29,11,28
P05455,23,6,17,12,17,6
P05496,14,0,14,8,6,8
P08754,25,5,20,15,13,12
P15391,54,3,51,35,22,32
P16402,26,11,15,13,18,8
P22626,42,19,23,22,35,7
P29274,24,1,23,18,5,19
P30837,23,5,18,13,13,10
P42695,171,32,139,102,81,90
P50120,3,0,3,2,1,2
P78334,48,1,47,37,10,38
Q01538,147,17,130,83,73,74
Q07325,7,0,7,4,3,4
Q09327,25,0,25,16,9,16
Q13257,21,5,16,11,7,14
Q13371,28,8,20,17,19,9
Q13630,20,3,17,12,9,11
Q15544,18,3,15,10,9,9
Q16625,66,21,45,38,33,33
Q4G0X9,74,4,70,34,44,30
Q538Z0,4,0,4,3,1,3
Q56VL3,13,1,12,10,2,11
Q587J7,74,0,74,50,24,50
Q5T0D9,15,1,14,9,7,8
Q5TCM9,21,0,21,16,5,16
Q5VTY9,34,0,34,32,2,32
Q5VZR4,9,1,8,7,3,6
Q63HM9,18,0,18,11,7,11
Q6P3W7,83,10,73,63,14,69
Q6UWY2,19,0,19,13,6,13
Q6ZNH5,39,0,39,27,12,27
Q7Z434,98,28,70,63,35,63
Q86SQ0,233,72,161,130,117,116
Q86VZ5,19,0,19,13,6,13
Q86YH2,55,5,50,39,19,36
Q86YR6,46,1,45,30,15,31
Q8IU81,50,14,36,28,34,16
Q8IV33,113,2,111,77,36,77
Q8IVF6,53,1,52,32,22,31
Q8IZL2,137,11,126,99,45,92
Q8N1L9,31,2,29,20,13,18
Q8N336,17,0,17,9,8,9
Q8N5M4,8,1,7,3,4,4
Q8N5M9,17,1,16,13,5,12
Q8N9F0,10,0,10,8,2,8
Q8NC60,39,2,37,25,16,23
Q8NDX2,42,0,42,36,6,36
Q8NG85,24,0,24,21,3,21
Q8TAB5,21,0,21,9,12,9
Q8TAC1,10,1,9,9,2,8
Q8TBY0,36,2,34,25,13,23
Q96E52,38,2,36,25,15,23
Q96FT9,18,2,16,12,8,10
Q96HQ0,47,2,45,31,18,29
Q96IU4,15,2,13,9,6,9
Q96IX9,6,0,6,2,4,2
Q96L91,286,46,240,173,133,153
Q9BRQ0,35,6,29,21,16,19
Q9BRZ2,43,6,37,26,19,24
Q9BUL8,12,1,11,8,3,9
Q9BYR5,15,0,15,15,0,15
Q9H1M3,12,0,12,10,2,10
Q9H5I1,26,4,22,19,7,19
Q9HCX3,67,5,62,57,15,52
Q9NQ32,27,0,27,18,9,18
Q9NQF3,17,0,17,14,3,14
Q9NQI0,62,2,60,31,31,31
Q9NR99,280,12,268,175,111,169
Q9NRY6,13,2,11,8,7,6
Q9NRZ7,18,0,18,10,8,10
Q9NV35,7,0,7,2,5,2
Q9NY74,124,17,107,79,56,68
Q9NY87,9,0,9,3,6,3
Q9UBS3,25,4,21,14,11,14
Q9UQG0,46,0,46,29,17,29
Q9Y2Z4,31,3,28,19,13,18
A0A075B6H9,21,0,21,12,9,12
A0A096LPG2,1,0,1,1,0,1
A0A2R8Y4M4,8,0,8,3,5,3
A6NFA1,33,0,33,21,12,21
A8MUZ8,24,0,24,21,3,21
B0I1T2,55,5,50,36,22,33
O00253,3,0,3,2,1,2
O00566,69,21,48,34,44,25
O14905,30,0,30,17,13,17
O15528,29,0,29,21,8,21
O75093,100,0,100,82,18,82
O75534,58,13,45,38,19,39
O94875,177,40,137,94,107,70
O95455,22,0,22,16,6,16
O95868,9,0,9,8,1,8
P04216,22,3,19,16,7,15
P0C7N1,27,0,27,25,2,25
P0DN81,26,0,26,24,2,24
P0DPI3,17,0,17,14,3,14
P17031,56,3,53,40,19,37
P28039,54,4,50,38,18,36
P30085,14,3,11,6,9,5
P30301,19,3,16,15,7,12
P32247,41,0,41,36,5,36
P32302,25,2,23,17,10,15
P50151,2,0,2,2,0,2
P51687,37,1,36,24,12,25
P51811,42,5,37,30,17,25
P55773,10,0,10,9,1,9
P56278,4,0,4,4,0,4
P63172,10,1,9,9,0,10
P68366,35,14,21,19,16,19
P84243,11,5,6,6,10,1
Q00532,15,0,15,8,7,8
Q01851,33,2,31,21,12,21
Q01974,74,3,71,55,22,52
Q05195,35,7,28,15,23,12
Q05329,32,1,31,20,13,19
Q12802,407,88,319,248,199,208
Q13415,108,31,77,53,74,34
Q13938,27,3,24,13,17,10
Q14410,37,0,37,30,7,30
Q14831,58,3,55,43,16,42
Q16595,19,3,16,7,15,4
Q3KNW5,26,0,26,22,4,22
Q4G0A6,94,18,76,55,47,47
Q4ZHG4,228,22,206,112,128,100
Q5SY68,6,0,6,5,1,5
Q5T871,8,0,8,7,1,7
Q5VXU9,147,2,145,99,46,101
Q6PB30,6,0,6,3,3,3
Q6UX65,19,0,19,18,1,18
Q6ZS62,11,0,11,7,4,7
Q7L2K0,30,0,30,17,13,17
Q7L5A8,24,0,24,16,8,16
Q7Z478,110,14,96,57,57,53
Q86VZ2,38,0,38,29,9,29
Q86WH2,18,2,16,8,12,6
Q86WR6,21,0,21,8,13,8
Q8IXQ3,14,6,8,8,12,2
Q8N146,29,0,29,27,2,27
Q8N302,69,9,60,41,33,36
Q8N8E3,73,14,59,44,41,32
Q8TAS1,32,1,31,18,15,17
Q8TC21,37,0,37,35,2,35
Q96F63,25,7,18,15,11,14
Q96FQ7,9,1,8,6,4,5
Q96M32,37,3,34,28,10,27
Q96M94,42,1,41,34,7,35
Q96NJ3,47,0,47,35,12,35
Q96PZ7,341,2,339,253,88,253
Q96QH8,10,0,10,10,0,10
Q96R28,30,0,30,24,6,24
Q96T88,80,21,59,43,44,36
Q99437,14,0,14,13,1,13
Q99784,37,0,37,32,5,32
Q9BQ39,90,13,77,50,49,41
Q9BWS9,29,2,27,20,9,20
Q9BWU0,86,19,67,48,39,47
Q9BY41,23,1,22,17,7,16
Q9BY79,57,0,57,52,5,52
Q9H1K1,16,6,10,9,7,9
Q9H313,33,0,33,28,5,28
Q9HC78,98,16,82,68,32,66
Q9NSQ0,3,0,3,0,3,0
Q9NWH9,169,56,113,72,139,30
Q9NYZ2,25,0,25,20,5,20
Q9P203,117,10,107,75,50,67
Q9P2X8,9,0,9,6,3,6
Q9UHF5,14,0,14,8,6,8
Q9UL18,43,6,37,24,19,24
Q9UMR3,56,0,56,42,14,42
Q9UNK4,5,0,5,5,0,5
Q9Y3U8,5,1,4,1,5,0
Q9Y5H3,88,1,87,58,31,57
Q9Y6E2,23,2,21,14,11,12
Q9Y6E7,26,3,23,18,9,17
Q9Y6F6,106,11,95,51,60,46
Q9Y6Q9,213,35,178,135,93,120
A0A087WT01,10,0,10,8,2,8
A0A2U3TZM8,34,0,34,10,24,10
A0A6Q8PGZ7,2,0,2,2,0,2
A0FGR8,96,21,75,50,45,51
A9YTQ3,60,2,58,37,23,37
B2RXF0,23,0,23,18,5,18
C4AMC7,37,0,37,26,11,26
E2RYF7,19,0,19,11,8,11
O14817,11,0,11,11,0,11
O14901,51,5,46,34,22,29
O15537,20,3,17,16,5,15
O43529,14,0,14,9,5,9
O60756,5,0,5,3,2,3
O75971,9,0,9,7,2,7
O95049,93,0,93,31,62,31
O95644,134,28,106,81,71,63
P01730,41,4,37,23,18,23
P04198,47,8,39,20,31,16
P07204,32,0,32,28,4,28
P07305,21,5,16,8,14,7
P0C0S5,9,1,8,3,7,2
P0C7V9,15,1,14,10,6,9
P0DH78,6,0,6,5,1,5
P13798,69,7,62,47,27,42
P15289,28,0,28,20,8,20
P23434,15,3,12,9,9,6
P24390,12,0,12,12,0,12
P29371,35,0,35,20,15,20
P39748,39,12,27,22,23,16
P49207,9,2,7,2,9,0
P51689,33,0,33,23,10,23
P52564,29,6,23,20,7,22
P54845,16,1,15,8,9,7
P60484,29,8,21,19,12,17
P62310,2,0,2,1,1,1
Q02577,11,0,11,7,4,7
Q08AG7,4,0,4,4,0,4
Q13117,35,0,35,16,19,16
Q14344,23,1,22,15,9,14
Q14498,78,23,55,38,53,25
Q15435,30,8,22,19,11,19
Q16515,30,0,30,23,7,23
Q38SD2,158,2,156,115,45,113
Q496Y0,47,1,46,27,19,28
Q5BKY1,15,0,15,11,4,11
Q5GLZ8,67,3,64,49,19,48
Q5JXM2,31,0,31,17,14,17
Q5T0L3,31,0,31,18,13,18
Q6DN03,29,6,23,14,21,8
Q6P9F0,72,4,68,48,24,48
Q6UWI2,48,0,48,34,14,34
Q6UXV4,24,0,24,15,9,15
Q6ZR08,179,2,177,137,42,137
Q6ZWI9,19,0,19,16,3,16
Q7RTS1,12,0,12,4,8,4
Q86SK9,20,0,20,14,6,14
Q86WZ0,72,2,70,37,37,35
Q86YW7,2,0,2,2,0,2
Q8IZ40,51,13,38,28,32,19
Q8N4F4,42,0,42,32,10,32
Q8N4S9,49,11,38,23,31,18
Q8N5X7,15,0,15,12,3,12
Q8N9Z9,43,0,43,30,13,30
Q8NA61,44,10,34,19,35,9
Q8ND90,14,1,13,9,6,8
Q8NGI3,27,0,27,24,3,24
Q8NGL1,27,0,27,26,1,26
Q8NHP1,21,2,19,16,7,14
Q8TAE8,8,1,7,5,2,6
Q8TDG4,85,2,83,57,28,57
Q8WVN8,32,1,31,19,14,18
Q92569,28,2,26,18,12,16
Q92608,148,28,120,97,69,79
Q92963,16,3,13,10,7,9
Q96EY4,11,2,9,4,5,6
Q96KN4,18,2,16,12,8,10
Q96LC7,80,5,75,54,31,49
Q96MT7,122,1,121,64,59,63
Q96N67,235,42,193,151,110,125
Q96NW7,156,8,148,98,64,92
Q9BRP4,38,1,37,29,10,28
Q9BVV8,11,2,9,6,5,6
Q9BY15,66,3,63,50,17,49
Q9H115,16,0,16,15,1,15
Q9H6X4,24,3,21,14,13,11
Q9H9J4,175,34,141,100,87,88
Q9NPA3,20,7,13,12,7,13
Q9NPF5,33,9,24,15,19,14
Q9NPI6,92,26,66,56,46,46
Q9NVM1,14,4,10,8,10,4
Q9NX61,30,4,26,20,12,18
Q9UBC2,143,43,100,88,62,81
Q9UFH2,241,7,234,161,83,158
Q9UIB8,30,3,27,22,7,23
Q9ULZ1,3,0,3,2,1,2
Q9UM63,41,3,38,28,14,27
Q9UMQ6,53,0,53,35,18,35
Q9UNS2,30,3,27,24,7,23
Q9UPX8,206,27,179,117,110,96
Q9Y6B6,11,2,9,7,6,5
A0A0B4J2A2,9,0,9,1,8,1
A0A0J9YXV3,14,0,14,8,6,8
A0A1B0GVZ9,23,0,23,21,2,21
A0A286YF77,6,0,6,6,0,6
A0PJE2,18,0,18,11,7,11
A6NEH6,10,0,10,5,5,5
O14792,17,0,17,10,7,10
O75452,22,1,21,11,10,12
O75678,35,0,35,25,10,25
O75820,49,1,48,35,15,34
O95704,45,3,42,27,21,24
P04049,101,36,65,58,55,46
P04908,3,0,3,0,3,0
P0DMU8,16,0,16,9,7,9
P0DP01,13,0,13,10,3,10
P20963,8,3,5,5,4,4
P25440,104,20,84,54,60,44
P29597,82,8,74,53,35,47
P31949,12,6,6,6,2,10
P43268,39,3,36,24,18,21
P47944,1,0,1,1,0,1
P50443,67,6,61,54,17,50
P50539,30,1,29,12,19,11
P50851,316,60,256,219,117,199
P51460,4,0,4,3,1,3
P55285,55,2,53,40,17,38
P78406,33,2,31,25,10,23
Q06732,58,0,58,51,7,51
Q13838,26,8,18,16,16,10
Q15366,49,13,36,26,30,19
Q32P41,40,2,38,23,19,21
Q49AH0,9,0,9,6,3,6
Q5FWF6,28,0,28,17,11,17
Q5H8A4,85,1,84,63,23,62
Q5T8D3,65,17,48,38,36,29
Q5TA81,15,0,15,14,1,14
Q5VTE6,54,2,52,42,12,42
Q68D06,70,1,69,50,21,49
Q6NXN4,16,0,16,5,11,5
Q6ZNE9,37,0,37,25,12,25
Q7L8A9,30,3,27,12,21,9
Q7RTU4,18,0,18,6,12,6
Q7Z3D6,43,2,41,31,14,29
Q7Z3U7,141,0,141,106,35,106
Q86VD9,37,0,37,27,10,27
Q86WS3,10,0,10,6,4,6
Q8IVT2,96,39,57,49,58,38
Q8IYT4,39,0,39,29,10,29
Q8IZJ1,79,5,74,53,31,48
Q8N1N2,23,0,23,20,3,20
Q8N5Z5,21,0,21,16,5,16
Q8N9F7,14,0,14,10,4,10
Q8NBJ9,61,4,57,44,21,40
Q8NCT3,47,0,47,20,27,20
Q8NER5,32,0,32,21,11,21
Q8NGR3,25,1,24,21,5,20
Q8NGX2,27,2,25,21,4,23
Q8NHS3,36,1,35,29,6,30
Q8TB24,101,12,89,57,54,47
Q8TCY9,72,5,67,47,28,44
Q8TDY4,87,6,81,56,37,50
Q8WWB7,38,0,38,24,14,24
Q8WWU5,42,0,42,27,15,27
Q92870,85,16,69,55,40,45
Q969H9,12,0,12,10,2,10
Q96AQ7,18,0,18,10,8,10
Q96CS7,11,0,11,8,3,8
Q96DC7,31,0,31,26,5,26
Q96EG1,32,2,30,23,7,25
Q96LJ7,29,2,27,23,6,23
Q96MH6,7,0,7,3,4,3
Q9BQY9,31,3,28,13,21,10
Q9BT23,13,3,10,8,8,5
Q9BV87,39,0,39,29,10,29
Q9BZL4,81,23,58,41,55,26
Q9H093,69,11,58,34,40,29
Q9H0X4,59,2,57,43,18,41
Q9H0Z9,14,0,14,10,4,10
Q9H201,94,22,72,58,46,48
Q9HA77,42,1,41,26,15,27
Q9HCC6,18,1,17,6,13,5
Q9HCU4,251,16,235,172,83,168
Q9HD40,45,8,37,29,20,25
Q9NQS3,42,4,38,36,10,32
Q9NS68,43,2,41,34,11,32
Q9NS98,49,1,48,25,23,26
Q9NUJ3,45,9,36,30,24,21
Q9NYJ7,40,2,38,28,14,26
Q9P2E3,119,4,115,87,36,83
Q9UBS8,39,5,34,24,18,21
Q9UBX7,21,0,21,14,7,14
Q9UL19,15,1,14,11,3,12
Q9ULB4,51,3,48,35,19,32
Q9UN30,37,7,30,21,17,20
Q9UQ90,38,1,37,23,16,22
Q9Y4C8,88,16,72,48,50,38
Q9Y4F1,125,36,89,71,62,63
Q9Y4G2,114,13,101,75,50,64
A0A0G2JMI3,7,0,7,6,1,6
A0A0J9YX57,52,0,52,20,32,20
A0A1W2PPE2,14,0,14,6,8,6
A0A590UJ96,87,0,87,41,46,41
A0A8V8TLY5,11,0,11,9,2,9
A6NHM9,32,0,32,25,7,25
A6NKC9,42,0,42,15,27,15
O00469,31,1,30,20,12,19
O00471,40,1,39,28,13,27
O14862,17,1,16,7,11,6
O15173,19,4,15,9,12,7
O15305,12,3,9,8,7,5
O43189,63,5,58,33,33,30
O94905,21,2,19,16,3,18
O95156,20,0,20,14,6,14
O95274,27,1,26,20,8,19
O95620,16,0,16,10,6,10
O95936,76,7,69,46,35,41
P01011,32,3,29,23,10,22
P03999,25,0,25,20,5,20
P05091,27,5,22,17,11,16
P05386,8,3,5,5,4,4
P0DV74,43,0,43,22,21,22
P16591,68,9,59,41,32,36
P16860,15,0,15,4,11,4
P17516,20,5,15,11,12,8
P18433,64,7,57,48,19,45
P19388,5,0,5,2,3,2
P19622,32,4,28,14,22,10
P26371,38,0,38,37,1,37
P28330,31,3,28,19,13,18
P28472,32,2,30,17,17,15
P34903,36,3,33,27,12,24
P48067,50,2,48,41,11,39
P49407,19,3,16,13,9,10
P50591,28,1,27,19,8,20
P56715,248,6,242,155,97,151
P60660,6,3,3,3,4,2
P61513,10,4,6,6,8,2
P62502,9,0,9,5,4,5
P62834,10,2,8,8,4,6
Q00LT1,3,0,3,0,3,0
Q01831,106,31,75,48,71,35
Q07890,121,13,108,67,61,60
Q13888,31,1,30,25,7,24
Q13946,52,5,47,21,34,18
Q147U1,43,2,41,30,15,28
Q15327,8,0,8,5,3,5
Q330K2,18,0,18,11,7,11
Q5I0X7,8,0,8,5,3,5
Q5JR12,43,7,36,25,21,22
Q5T3U5,99,5,94,69,31,68
Q5T764,17,0,17,11,6,11
Q5T9L3,26,2,24,19,9,17
Q5VTL8,90,28,62,35,81,9
Q5VW22,79,0,79,58,21,58
Q6P2C8,28,3,25,19,10,18
Q6UXQ4,5,0,5,4,1,4
Q7LGA3,14,0,14,11,3,11
Q7Z5K2,147,36,111,89,60,87
Q86TX2,16,2,14,8,10,6
Q86VY9,69,8,61,42,31,38
Q8IX01,131,34,97,73,70,61
Q8IXZ3,100,9,91,61,42,58
Q8N3C7,88,12,76,54,46,42
Q8NAG6,37,1,36,26,10,27
Q8NGI2,19,0,19,16,3,16
Q8NGJ4,17,0,17,16,1,16
Q8TCD1,3,0,3,1,2,1
Q8TDJ6,329,26,303,226,111,218
Q8WVC0,124,48,76,58,96,28
Q8WXK4,19,0,19,14,5,14
Q92945,48,18,30,25,29,19
Q96C11,35,0,35,32,3,32
Q96J66,115,5,110,87,29,86
Q96K80,31,2,29,20,13,18
Q96PS8,13,0,13,11,2,11
Q96QE3,246,45,201,149,124,122
Q96T17,65,14,51,27,48,17
Q9BYQ8,28,0,28,28,0,28
Q9GZU7,17,0,17,11,6,11
Q9H2K0,15,0,15,8,7,8
Q9H720,55,0,55,41,14,41
Q9H867,13,0,13,8,5,8
Q9NRQ2,15,1,14,11,3,12
Q9P2D3,191,10,181,132,61,130
Q9UBP0,62,16,46,31,35,27
Q9UH36,22,0,22,18,4,18
Q9UHY1,49,7,42,30,18,31
Q9UJV8,26,3,23,10,17,9
Q9UJX0,38,1,37,25,14,24
Q9UKL2,18,0,18,17,1,17
Q9UL25,13,2,11,6,9,4
Q9ULH4,78,3,75,43,38,40
Q9UQ84,122,24,98,69,55,67
Q9Y294,23,7,16,14,4,19
Q9Y421,2,0,2,0,2,0
Q9Y442,21,0,21,17,4,17
Q9Y5I1,84,2,82,52,32,52
Q9Y698,42,4,38,26,20,22
A0A1B0GUI7,8,0,8,3,5,3
A0A3B3IRS2,14,0,14,14,0,14
A5D6W6,13,0,13,9,4,9
A6NCF6,29,0,29,19,10,19
A6NH00,23,0,23,23,0,23
B0FP48,21,0,21,19,2,19
C9JH25,97,2,95,51,48,49
C9JI98,12,2,10,6,8,4
D6RGX4,44,0,44,18,26,18
O00329,68,2,66,49,19,49
O14958,21,4,17,13,12,9
O15014,257,66,191,136,143,114
O15417,400,73,327,230,189,211
O15541,31,11,20,16,14,17
O43709,23,3,20,16,8,15
O75648,19,0,19,11,8,11
O94929,117,37,80,65,65,52
O95363,26,0,26,21,5,21
O95926,10,2,8,5,7,3
P02790,31,0,31,23,8,23
P09681,12,0,12,6,6,6
P0CW18,33,0,33,19,14,19
P14618,61,35,26,36,36,25
P15407,36,9,27,24,19,17
P19971,28,1,27,20,9,19
P20742,132,1,131,97,34,98
P23919,16,2,14,11,7,9
P26436,37,0,37,22,15,22
P34096,7,0,7,6,1,6
P42566,127,34,93,84,43,84
P49589,50,5,45,37,14,36
P50995,41,8,33,24,23,18
P52298,13,4,9,9,8,5
P54257,43,0,43,24,19,24
P54819,22,9,13,11,20,2
P56277,4,0,4,3,1,3
P61129,127,7,120,58,72,55
P62314,7,2,5,4,3,4
P86481,8,0,8,4,4,4
Q05940,40,1,39,33,6,34
Q075Z2,8,0,8,7,1,7
Q08AI8,32,1,31,12,21,11
Q13495,114,4,110,83,35,79
Q14584,57,2,55,49,8,49
Q14966,291,76,215,161,184,107
Q15080,26,3,23,14,15,11
Q15139,106,29,77,62,47,59
Q15560,27,7,20,13,21,6
Q15758,38,6,32,28,12,26
Q15904,42,1,41,29,12,30
Q3V5L5,46,0,46,27,19,27
Q53EZ4,39,11,28,18,30,9
Q5JTN6,35,0,35,25,10,25
Q5W111,8,0,8,7,1,7
Q68CL5,34,3,31,25,6,28
Q6NUS6,62,0,62,50,12,50
Q6P3S1,70,0,70,41,29,41
Q6ZN11,28,1,27,22,7,21
Q6ZQQ6,201,5,196,107,91,110
Q6ZRV3,16,0,16,11,5,11
Q6ZRY4,14,2,12,8,8,6
Q6ZUB0,122,0,122,81,41,81
Q7RTY5,26,0,26,24,2,24
Q8IUC4,62,12,50,38,22,40
Q8N3Y3,34,1,33,23,12,22
Q8N485,28,0,28,21,7,21
Q8N4P3,3,0,3,1,2,1
Q8N6M0,11,0,11,8,3,8
Q8N8Z8,50,0,50,38,12,38
Q8NB50,94,7,87,73,20,74
Q8TAG5,25,1,24,16,8,17
Q8TBG9,32,0,32,23,9,23
Q8TD26,251,38,213,144,111,140
Q8WTQ4,15,0,15,4,11,4
Q92845,37,2,35,23,16,21
Q96M98,14,0,14,11,3,11
Q96NR8,25,2,23,13,12,13
Q96QE2,58,9,49,41,16,42
Q96SB4,60,12,48,39,29,31
Q9BSH3,18,0,18,11,7,11
Q9BSU1,33,4,29,20,17,16
Q9BXU9,17,0,17,10,7,10
Q9BYR2,22,0,22,22,0,22
Q9H1B5,58,0,58,37,21,37
Q9H8W4,28,9,19,16,13,15
Q9HBT6,61,2,59,45,14,47
Q9HCM3,272,16,256,193,91,181
Q9NRS6,22,5,17,11,12,10
Q9NS86,21,0,21,14,7,14
Q9NXL6,71,0,71,53,18,53
Q9P055,20,0,20,16,4,16
Q9UHB6,156,63,93,80,99,57
Q9UI36,111,1,110,77,33,78
Q9UKV0,96,8,88,60,44,52
Q9UN75,92,5,87,64,31,61
Q9Y284,12,0,12,10,2,10
Q9Y2B2,19,0,19,16,3,16
Q9Y5H2,87,0,87,62,25,62
Q9Y5H7,85,4,81,56,31,54
A0A0J9YWL9,106,0,106,67,39,67
B3EWG6,1,0,1,0,1,0
O00161,15,7,8,8,6,9
O43187,58,2,56,39,21,37
O43247,32,0,32,18,14,18
O43526,94,9,85,50,53,41
O43752,24,4,20,17,11,13
O75179,332,61,271,198,163,169
O75445,481,2,479,367,114,367
O94916,235,23,212,173,61,174
P01135,9,0,9,7,2,7
P01614,16,0,16,11,5,11
P02766,13,1,12,9,3,10
P05231,15,1,14,10,6,9
P09603,69,5,64,40,30,39
P0CE71,8,0,8,5,3,5
P0DJH9,17,0,17,12,5,12
P14316,49,9,40,33,19,30
P20701,101,3,98,79,21,80
P20749,47,8,39,22,31,16
P23763,6,1,5,4,3,3
P26599,62,16,46,40,26,36
P28702,42,0,42,21,21,21
P30414,368,77,291,124,289,79
P30419,30,6,24,20,10,20
P30511,14,0,14,7,7,7
P30566,35,6,29,23,14,21
P35222,63,21,42,37,17,46
P35243,9,1,8,7,3,6
P42765,32,5,27,23,6,26
P49247,22,3,19,13,10,12
P54277,91,4,87,65,28,63
P62244,5,0,5,2,3,2
P82980,4,0,4,2,2,2
Q00577,27,9,18,13,15,12
Q01973,95,4,91,64,33,62
Q13242,25,10,15,11,22,3
Q13613,67,11,56,45,29,38
Q3MIV0,2,0,2,2,0,2
Q53G44,35,0,35,27,8,27
Q53GA4,15,4,11,5,10,5
Q5SSG8,170,2,168,163,9,161
Q5SZJ8,30,0,30,19,11,19
Q5T2Q4,26,0,26,15,11,15
Q5T7P8,44,3,41,26,21,23
Q5T7R7,25,0,25,18,7,18
Q5TEJ8,53,5,48,33,23,30
Q5UE93,53,3,50,31,25,28
Q5VZ52,3,0,3,3,0,3
Q5XKE5,54,9,45,33,26,28
Q659A1,125,19,106,83,43,82
Q6PL45,14,0,14,7,7,7
Q7Z4T8,29,0,29,23,6,23
Q86VF5,20,0,20,15,5,15
Q86WR7,63,18,45,28,53,10
Q86YV5,209,28,181,126,101,108
Q86Z14,75,0,75,49,26,49
Q8IWU9,38,4,34,15,23,15
Q8IY84,31,0,31,16,15,16
Q8N4C7,19,0,19,7,12,7
Q8N539,34,0,34,24,10,24
Q8N684,81,28,53,42,49,32
Q8NBT3,37,1,36,24,12,25
Q8NC54,31,2,29,22,11,20
Q8NCI6,41,0,41,29,12,29
Q8NEV1,22,0,22,11,11,11
Q8NGJ7,27,0,27,24,3,24
Q8NHU0,16,0,16,9,7,9
Q8NI99,27,0,27,18,9,18
Q8TC27,83,5,78,63,19,64
Q8TE67,52,4,48,29,25,27
Q8WU66,50,1,49,38,13,37
Q8WWI1,304,110,194,164,158,146
Q92979,18,2,16,12,8,10
Q93084,69,9,60,45,31,38
Q96AT9,11,0,11,8,3,8
Q96CM4,6,0,6,2,4,2
Q96EP9,29,1,28,26,2,27
Q96JF6,67,1,66,46,22,45
Q96JN0,80,14,66,42,44,36
Q99442,32,10,22,17,25,7
Q9BPW4,21,0,21,16,5,16
Q9BTC0,292,80,212,157,167,125
Q9BUR5,17,1,16,10,8,9
Q9BV86,13,1,12,12,2,11
Q9C0I3,142,11,131,78,69,73
Q9GZN7,16,1,15,12,5,11
Q9H2E6,111,11,100,73,47,64
Q9H6T3,56,12,44,27,29,27
Q9HCL3,29,2,27,19,12,17
Q9NY15,175,2,173,137,36,139
Q9NYL9,20,5,15,15,4,16
Q9NZJ6,27,0,27,19,8,19
Q9P2D0,160,24,136,112,52,108
Q9UHC7,44,3,41,26,19,25
Q9UNF1,76,21,55,46,25,51
Q9UNQ0,60,8,52,41,23,37
Q9Y210,74,6,68,48,30,44
Q9Y6H8,29,1,28,17,13,16
Q9Y6L7,78,3,75,47,32,46
A0A075B6N4,9,0,9,8,1,8
A0A075B6T7,6,0,6,4,2,4
A1A580,11,0,11,9,2,9
A4D256,22,0,22,12,10,12
A5D8W1,61,2,59,41,22,39
A6NM03,24,2,22,18,4,20
O00411,71,2,69,39,34,37
O00458,38,4,34,30,12,26
O14929,21,4,17,13,8,13
O15056,137,20,117,85,58,79
O15079,58,4,54,32,30,28
O43155,57,0,57,47,10,47
O43307,24,1,23,15,10,14
O43555,8,0,8,5,3,5
O75953,17,0,17,10,7,10
O76096,8,0,8,6,2,6
O94911,127,2,125,96,31,96
O95785,152,32,120,85,93,59
P06729,23,0,23,14,9,14
P0DKB6,10,0,10,6,4,6
P13929,33,12,21,20,15,18
P16615,85,20,65,55,26,59
P25208,14,0,14,13,1,13
P27824,30,7,23,21,12,18
P29992,19,1,18,13,7,12
P35212,22,0,22,17,5,17
P49821,25,1,24,14,12,13
P49961,34,0,34,27,7,27
P50053,24,1,23,17,8,16
P51693,42,0,42,28,14,28
P54764,76,2,74,56,20,56
P59020,11,0,11,2,9,2
P59190,11,0,11,10,1,10
P62316,8,2,6,3,5,3
P62736,36,12,24,22,22,14
P80075,5,0,5,2,3,2
Q03923,39,2,37,34,5,34
Q06055,20,0,20,18,2,18
Q0WX57,40,0,40,35,5,35
Q13151,39,12,27,19,22,17
Q14315,211,46,165,128,101,110
Q14839,168,53,115,90,99,69
Q15121,17,6,11,10,9,8
Q15238,27,1,26,18,10,17
Q15661,11,0,11,9,2,9
Q2YD98,52,10,42,32,30,22
Q3LI73,5,0,5,5,0,5
Q50LG9,26,0,26,18,8,18
Q5TC79,64,14,50,33,41,23
Q5VZB9,65,2,63,31,36,29
Q60I27,56,1,55,39,18,38
Q6NV75,58,2,56,32,28,30
Q6UYE1,15,0,15,8,7,8
Q6ZVN8,36,0,36,22,14,22
Q6ZWE6,68,6,62,49,25,43
Q75T13,82,0,82,65,17,65
Q7KZI7,137,52,85,66,79,58
Q7Z407,363,0,363,277,86,277
Q7Z6G3,26,0,26,16,10,16
Q86V20,91,2,89,67,26,65
Q86X27,81,15,66,51,39,42
Q86Z20,44,3,41,23,20,24
Q8IVW4,42,0,42,21,21,21
Q8N2H4,11,0,11,8,3,8
Q8NFD5,288,27,261,192,109,179
Q8NGU1,23,0,23,20,3,20
Q8TAE7,30,0,30,17,13,17
Q8TBZ0,87,5,82,57,27,60
Q8TF01,154,40,114,60,124,30
Q96FF7,15,0,15,3,12,3
Q96GM5,27,1,26,15,13,14
Q96HI0,80,11,69,52,33,47
Q96MK3,41,1,40,22,20,21
Q96PG2,20,0,20,16,4,16
Q96SZ5,15,1,14,8,6,9
Q99424,43,1,42,26,18,25
Q9BRA2,5,1,4,4,2,3
Q9BV40,5,2,3,3,4,1
Q9BW61,11,3,8,8,4,7
Q9BY42,33,9,24,16,26,7
Q9H469,13,0,13,5,8,5
Q9H8M1,19,1,18,11,9,10
Q9HAF1,26,6,20,14,18,8
Q9HCI6,58,2,56,37,21,37
Q9HCU9,24,2,22,7,19,5
Q9NRY2,9,1,8,6,4,5
Q9NSD7,38,1,37,27,12,26
Q9NSK0,60,16,44,32,34,26
Q9NSU2,32,8,24,18,20,12
Q9NSY0,32,4,28,16,20,12
Q9NSY1,147,42,105,85,76,71
Q9NUZ1,28,2,26,17,13,15
Q9NVX2,52,5,47,25,24,28
Q9P2N7,44,3,41,32,11,33
Q9UBQ0,7,0,7,6,1,6
Q9UI42,37,0,37,25,12,25
Q9UJW2,34,0,34,25,9,25
Q9ULW3,19,6,13,10,15,4
Q9Y2B1,25,2,23,19,8,17
Q9Y2K3,115,5,110,60,54,61
A4D2B8,36,3,33,24,15,21
A6H8M9,64,0,64,51,13,51
A8MT70,92,2,90,51,39,53
A8MUM7,9,0,9,7,2,7
D6RBQ6,39,0,39,34,5,34
O00321,33,1,32,25,9,24
O00567,90,30,60,52,50,40
O14639,109,39,70,60,64,45
O15533,34,1,33,24,9,25
O43548,63,1,62,41,21,42
O60282,64,7,57,30,41,23
O75056,30,1,29,19,10,20
O75069,80,10,70,36,52,28
O76031,56,10,46,26,36,20
O94888,51,14,37,30,25,26
O95436,48,0,48,45,3,45
P00491,15,4,11,10,9,6
P00519,163,44,119,93,82,81
P01593,15,0,15,10,5,10
P01737,12,0,12,11,1,11
P07476,7,2,5,5,2,5
P08254,26,0,26,19,7,19
P0C875,23,0,23,17,6,17
P0CI00,24,0,24,21,3,21
P10070,215,31,184,127,113,102
P10082,4,1,3,2,3,1
P15923,115,22,93,71,50,65
P18440,18,1,17,14,5,13
P19838,77,17,60,47,33,44
P20155,5,0,5,4,1,4
P30049,9,0,9,7,2,7
P34932,94,33,61,54,43,51
P40227,29,5,24,20,10,19
P40937,21,2,19,16,5,16
P41159,16,0,16,14,2,14
P52798,19,0,19,13,6,13
P55957,18,4,14,9,9,9
P78415,45,6,39,21,28,17
Q01954,117,4,113,80,39,78
Q04837,13,4,9,6,5,8
Q10713,37,1,36,24,14,23
Q16143,7,2,5,4,5,2
Q16394,64,2,62,44,18,46
Q3BBV2,85,4,81,62,25,60
Q53S33,2,0,2,1,1,1
Q68D91,21,0,21,13,8,13
Q6IPU0,26,1,25,16,9,17
Q6NZ67,22,9,13,11,16,6
Q6UXB8,39,0,39,26,13,26
Q6UXP3,13,0,13,9,4,9
Q6ZTR5,239,0,239,155,84,155
Q6ZV89,34,4,30,24,12,22
Q86XH1,32,1,31,25,8,24
Q86XK2,45,0,45,30,15,30
Q8IWV7,124,6,118,93,29,95
Q8IZD4,69,17,52,41,29,40
Q8IZI9,8,1,7,3,6,2
Q8N128,18,3,15,11,6,12
Q8N335,12,0,12,11,1,11
Q8N4L1,41,1,40,17,25,16
Q8N5S9,46,12,34,25,27,19
Q8N6R0,43,4,39,30,15,28
Q8NGT7,23,0,23,19,4,19
Q8NH49,22,0,22,20,2,20
Q8TCS8,59,6,53,41,20,39
Q8TEB1,48,3,45,25,26,22
Q8WVE0,9,0,9,8,1,8
Q8WVL7,12,1,11,7,6,6
Q8WWP7,19,2,17,10,11,8
Q92888,79,15,64,38,52,27
Q96G97,43,3,40,26,18,25
Q96IX5,2,0,2,2,0,2
Q96LM9,17,0,17,8,9,8
Q96MX6,20,0,20,16,4,16
Q96P44,50,0,50,32,18,32
Q96QU4,35,0,35,13,22,13
Q96RT1,217,67,150,134,92,125
Q96S90,30,11,19,15,24,6
Q99440,6,0,6,3,3,3
Q9BQP7,32,2,30,23,9,23
Q9BR61,24,7,17,15,8,16
Q9BUA6,13,0,13,8,5,8
Q9BXP2,65,1,64,46,20,45
Q9BYQ3,16,0,16,16,0,16
Q9H8J5,51,0,51,36,15,36
Q9HBF5,2,0,2,1,1,1
Q9HBH9,46,10,36,25,27,19
Q9HCM9,28,0,28,16,12,16
Q9NP50,30,4,26,14,16,14
Q9NPI9,28,0,28,20,8,20
Q9NRX3,4,0,4,2,2,2
Q9NUV7,29,0,29,16,13,16
Q9NUV9,18,3,15,8,11,7
Q9NV23,18,0,18,14,4,14
Q9UBS9,165,10,155,109,62,103
Q9UGU0,319,72,247,184,175,144
Q9UHB9,44,7,37,28,21,23
Q9Y244,19,5,14,11,5,14
Q9Y276,30,3,27,19,8,22
Q9Y6W3,64,4,60,44,22,42
A0A087X0M5,6,0,6,4,2,4
A0A096LP49,116,0,116,62,54,62
A0A0K0K1C4,6,0,6,2,4,2
A0A1W2PP97,4,0,4,2,2,2
A2RUR9,115,4,111,71,48,67
A2VDJ0,180,8,172,129,57,123
A6NE02,30,0,30,17,13,17
A6NGB9,52,10,42,27,33,19
A6NIE6,25,0,25,17,8,17
A8MUK1,40,0,40,35,5,35
A8MUP6,26,0,26,19,7,19
O00222,65,1,64,52,14,51
O00507,176,7,169,121,54,122
O14545,71,23,48,42,36,35
O15198,48,3,45,29,18,30
O15371,44,6,38,29,21,23
O43681,21,0,21,15,6,15
O60243,17,0,17,9,8,9
O60931,29,0,29,25,4,25
O75955,31,8,23,17,14,17
O94864,55,10,45,39,18,37
O94889,48,0,48,31,17,31
P01699,19,0,19,15,4,15
P01871,46,0,46,33,13,33
P04275,208,3,205,147,62,146
P08473,45,0,45,36,9,36
P09131,39,0,39,31,8,31
P0C7U9,23,0,23,20,3,20
P12104,4,0,4,3,1,3
P13010,75,22,53,43,26,49
P13224,5,1,4,3,3,2
P22459,57,1,56,37,21,36
P29034,5,0,5,2,3,2
P35030,18,0,18,17,1,17
P43490,37,8,29,24,15,22
P43657,25,0,25,22,3,22
P48509,11,1,10,8,2,9
P49773,10,4,6,5,5,5
P51861,11,0,11,6,5,6
P51959,21,0,21,13,8,13
P52945,14,3,11,9,8,6
P56373,28,2,26,19,9,19
Q04695,53,18,35,31,32,21
Q07020,18,7,11,8,17,1
Q08AH1,42,2,40,27,15,27
Q13087,15,0,15,11,4,11
Q14439,47,1,46,32,16,31
Q19T08,31,0,31,25,6,25
Q309B1,25,1,24,17,9,16
Q3ZCU0,22,0,22,14,8,14
Q53GT1,51,3,48,36,14,37
Q5JXB2,6,0,6,3,3,3
Q5VWM6,34,0,34,24,10,24
Q6UXR6,18,0,18,16,2,16
Q76I76,189,28,161,118,89,100
Q7Z3Y9,40,0,40,26,14,26
Q8IV56,18,5,13,8,13,5
Q8N1V2,39,1,38,23,17,22
Q8N3R3,44,0,44,37,7,37
Q8N531,45,3,42,31,17,28
Q8N5G0,1,0,1,1,0,1
Q8N813,28,0,28,18,10,18
Q8NBB4,33,0,33,12,21,12
Q8TAD7,4,2,2,2,2,2
Q8TDB8,37,2,35,29,10,27
Q8TEA1,26,0,26,21,5,21
Q92529,71,8,63,33,40,31
Q969M2,55,0,55,32,23,32
Q969M7,9,2,7,4,7,2
Q96DB5,21,2,19,12,11,10
Q96DE0,9,0,9,5,4,5
Q96F81,142,8,134,107,39,103
Q96JA4,72,2,70,53,21,51
Q96LL4,33,0,33,17,16,17
Q96NS1,9,0,9,8,1,8
Q96R67,21,0,21,17,4,17
Q99712,25,0,25,17,8,17
Q99865,21,4,17,7,16,5
Q9BQI4,19,0,19,14,5,14
Q9BRG1,12,0,12,10,2,10
Q9BX93,17,0,17,14,3,14
Q9BY71,15,0,15,11,4,11
Q9BYE0,14,1,13,5,10,4
Q9BZE3,40,1,39,16,25,15
Q9GZT5,28,0,28,15,13,15
Q9GZV9,22,0,22,15,7,15
Q9H9C1,57,15,42,26,34,23
Q9NRV9,11,3,8,8,6,5
Q9NS75,28,0,28,20,8,20
Q9NXE4,80,6,74,51,33,47
Q9NZV7,51,2,49,19,34,17
Q9UBQ5,8,0,8,6,2,6
Q9UJM3,70,17,53,46,33,37
Q9UK58,80,20,60,33,65,15
Q9UN74,86,5,81,55,34,52
Q9UPR3,101,8,93,69,38,63
Q9Y282,22,3,19,15,10,12
Q9Y574,22,0,22,17,5,17
Q9Y5L4,6,1,5,2,5,1
Q9Y6W8,14,0,14,14,0,14
A0A0B4J241,8,0,8,7,1,7
A0AUZ9,123,5,118,80,44,79
A0JD32,13,0,13,11,2,11
A3KN83,147,24,123,88,69,78
A5YM72,32,0,32,24,8,24
A6NKG5,93,0,93,60,33,60
E5RJ46,8,0,8,3,5,3
O00257,46,13,33,22,31,15
O00755,17,0,17,11,6,11
O14522,95,1,94,60,36,59
O43237,60,19,41,34,35,25
O43915,34,0,34,22,12,22
O76015,28,0,28,20,8,20
O95479,60,1,59,32,29,31
P00966,26,6,20,15,13,13
P01275,23,7,16,13,17,6
P09341,5,0,5,2,3,2
P0CH99,24,0,24,20,4,20
P11926,31,0,31,24,7,24
P12524,34,3,31,18,19,15
P24723,34,8,26,19,19,15
P27361,22,4,18,13,7,15
P28360,24,0,24,11,13,11
P35268,10,4,6,4,10,0
P36269,40,0,40,24,16,24
P43652,35,1,34,27,7,28
P54259,181,30,151,118,83,98
P57053,21,10,11,10,21,0
P78314,63,8,55,35,34,29
P81274,73,21,52,48,32,41
P85299,51,13,38,28,32,19
Q07912,86,19,67,50,51,35
Q08648,6,0,6,3,3,3
Q11130,21,0,21,13,8,13
Q12926,26,3,23,16,13,13
Q13077,34,4,30,19,15,19
Q13956,3,0,3,2,1,2
Q14314,29,0,29,22,7,22
Q14953,34,0,34,24,10,24
Q15031,61,2,59,36,27,34
Q15118,42,5,37,21,20,22
Q15256,56,4,52,32,28,28
Q15928,31,0,31,24,7,24
Q16760,119,6,113,74,51,68
Q2M2I8,104,25,79,66,45,59
Q3ZCV2,39,3,36,21,21,18
Q4G0G5,6,0,6,5,1,5
Q4KMG0,137,1,136,97,39,98
Q5TF39,49,0,49,34,15,34
Q5THR3,107,1,106,55,53,54
Q6IEV9,21,0,21,19,2,19
Q6S8J7,35,0,35,24,11,24
Q6UXR8,12,0,12,9,3,9
Q7L0Y3,27,5,22,14,10,17
Q7Z4I7,15,3,12,10,6,9
Q7Z5M8,19,0,19,11,8,11
Q7Z7L8,43,7,36,19,31,12
Q86U02,10,0,10,8,2,8
Q86W34,30,0,30,14,16,14
Q8IW03,13,0,13,10,3,10
Q8IXT5,97,34,63,50,69,28
Q8N1B4,49,3,46,33,19,30
Q8N693,8,0,8,6,2,6
Q8N8G6,13,0,13,12,1,12
Q8N8U3,30,0,30,22,8,22
Q8N988,40,0,40,34,6,34
Q8NAT1,23,2,21,16,7,16
Q8NDC4,7,0,7,2,5,2
Q8NEC7,53,8,45,29,22,31
Q8NEF3,23,4,19,10,15,8
Q8NF50,199,24,175,140,71,128
Q8NHQ8,29,7,22,12,22,7
Q8NHR7,14,0,14,10,4,10
Q8TC05,94,25,69,54,63,31
Q8TC56,80,4,76,49,33,47
Q8TEX9,64,1,63,46,19,45
Q8WTQ7,28,2,26,20,10,18
Q92503,70,8,62,48,26,44
Q92813,24,0,24,17,7,17
Q96BY2,11,0,11,6,5,6
Q96D21,19,0,19,10,9,10
Q96KS0,33,5,28,22,16,17
Q96RF0,59,7,52,45,19,40
Q96RI0,31,2,29,24,9,22
Q96T58,521,127,394,277,317,204
Q99615,21,4,17,12,11,10
Q9BSU3,20,1,19,13,8,12
Q9BTD1,5,0,5,4,1,4
Q9H4D5,52,0,52,39,13,39
Q9H6E5,91,9,82,53,45,46
Q9NQ11,83,1,82,64,20,63
Q9NQZ6,10,1,9,7,4,6
Q9NVF9,16,2,14,9,9,7
Q9NXF8,22,0,22,17,5,17
Q9P206,243,98,145,146,169,74
Q9UGC6,14,0,14,7,7,7
Q9UH77,38,1,37,28,11,27
Q9Y2G3,95,8,87,65,34,61
Q9Y2U5,86,25,61,47,42,44
Q9Y5U5,12,0,12,10,2,10
A6NCW7,41,0,41,34,7,34
A6NGW2,128,0,128,87,41,87
A6NKQ9,11,0,11,7,4,7
A6NL88,43,0,43,22,21,22
O43291,26,4,22,12,18,8
O75474,13,0,13,8,5,8
O94923,45,1,44,29,17,28
O95473,21,0,21,15,6,15
P00395,30,0,30,28,2,28
P01034,7,0,7,3,4,3
P01303,10,3,7,5,8,2
P02679,29,2,27,25,4,25
P04003,50,1,49,36,15,35
P06493,31,10,21,17,16,15
P08579,10,0,10,6,4,6
P08833,31,10,21,19,10,21
P0C7T8,15,0,15,12,3,12
P0C7U3,24,0,24,21,3,21
P0CG29,11,0,11,9,2,9
P0DPF2,521,0,521,480,41,480
P10912,60,3,57,44,19,41
P15085,34,1,33,25,8,26
P20036,10,0,10,6,4,6
P25929,26,3,23,20,5,21
P29350,49,12,37,24,31,18
P31513,41,1,40,31,11,30
P36021,39,4,35,24,11,28
P38567,36,1,35,24,13,23
P51816,150,10,140,100,58,92
P51828,74,7,67,49,26,48
P57678,82,5,77,56,29,53
P59539,22,0,22,19,3,19
P61925,8,0,8,4,4,4
Q02575,5,0,5,4,1,4
Q03426,26,0,26,20,6,20
Q03828,62,0,62,40,22,40
Q05BV3,142,1,141,97,46,96
Q12769,106,7,99,82,27,79
Q13905,129,25,104,77,75,54
Q14103,35,9,26,21,23,12
Q15014,21,4,17,10,15,6
Q15466,19,0,19,12,7,12
Q15468,164,16,148,106,68,96
Q495Z4,13,0,13,5,8,5
Q5BJH7,19,5,14,14,10,9
Q5H9L4,42,1,41,27,16,26
Q5SWW7,10,0,10,4,6,4
Q5TA50,16,0,16,11,5,11
Q6IPT4,21,0,21,12,9,12
Q6P9H4,61,12,49,34,37,24
Q6YHU6,189,11,178,149,39,150
Q6ZMH5,30,0,30,22,8,22
Q6ZVC0,76,3,73,28,49,27
Q6ZVF9,127,19,108,74,68,59
Q7L8J4,39,11,28,20,28,11
Q7Z5N4,191,0,191,119,72,119
Q8IVW1,18,0,18,13,5,13
Q8N103,102,13,89,58,57,45
Q8N1I0,203,24,179,125,92,111
Q8N1P7,185,15,170,110,84,101
Q8N812,7,0,7,6,1,6
Q8N878,46,0,46,23,23,23
Q8NAA5,19,0,19,10,9,10
Q8NGP9,28,1,27,24,3,25
Q8NGT9,24,0,24,23,1,23
Q8TCV5,18,0,18,14,4,14
Q8TE54,51,1,50,47,5,46
Q8WV24,23,1,22,14,10,13
Q8WXF5,14,1,13,8,7,7
Q96DZ7,19,0,19,17,2,17
Q96EH3,11,0,11,5,6,5
Q96GW7,69,3,66,47,25,44
Q96JB5,38,4,34,23,13,25
Q96LA6,43,0,43,25,18,25
Q96LD1,24,0,24,13,11,13
Q96N19,25,0,25,16,9,16
Q96T21,92,8,84,57,39,53
Q99502,80,3,77,55,28,52
Q99879,22,11,11,11,22,0
Q99988,30,1,29,14,17,13
Q9BPY3,21,1,20,15,7,14
Q9BRQ3,20,0,20,13,7,13
Q9BZA0,1,0,1,1,0,1
Q9C040,65,9,56,40,28,37
Q9H1A4,245,55,190,162,96,149
Q9H3S5,19,0,19,17,2,17
Q9H582,166,25,141,101,68,98
Q9H8V3,110,27,83,64,59,51
Q9HC98,25,6,19,17,6,19
Q9NYK6,28,2,26,21,7,21
Q9P1T7,28,5,23,15,16,12
Q9P202,96,5,91,55,44,52
Q9UHK0,59,12,47,29,34,25
Q9UIV1,14,0,14,13,1,13
Q9UK28,31,0,31,21,10,21
Q9UK61,193,34,159,120,87,106
Q9UQ53,41,0,41,26,15,26
Q9Y394,29,5,24,22,8,21
Q9Y4Y9,2,0,2,1,1,1
A0A075B7D4,17,0,17,12,5,12
A0A087WSZ0,16,0,16,12,4,12
A0PJX2,24,0,24,13,11,13
A1L157,14,0,14,13,1,13
C9JJH3,38,0,38,31,7,31
O14526,110,12,98,47,73,37
O15075,97,18,79,50,63,34
O15230,241,7,234,163,83,158
O43182,157,27,130,85,83,74
O43240,15,0,15,10,5,10
O43426,218,53,165,134,105,113
O60353,67,12,55,45,26,41
O75128,189,42,147,100,107,82
O75528,30,7,23,17,18,12
O76036,20,1,19,17,4,16
O95415,3,1,2,1,1,2
O95476,22,2,20,16,8,14
O95847,16,0,16,12,4,12
O96009,23,1,22,17,7,16
P05023,78,20,58,51,29,49
P08908,27,1,26,19,7,20
P08949,13,0,13,6,7,6
P09093,24,0,24,24,0,24
P0C629,25,0,25,22,3,22
P0DTF9,8,0,8,7,1,7
P10589,33,1,32,25,9,24
P10600,21,0,21,13,8,13
P14651,46,0,46,29,17,29
P15863,44,0,44,24,20,24
P17152,18,6,12,10,12,6
P20774,16,0,16,13,3,13
P37198,55,3,52,52,2,53
P40855,35,11,24,21,17,18
P46777,16,7,9,9,12,4
P57764,48,9,39,33,20,28
Q07864,167,11,156,100,72,95
Q13428,356,153,203,174,251,105
Q15276,84,22,62,49,37,47
Q2L4Q9,38,0,38,26,12,26
Q2WGJ6,48,0,48,34,14,34
Q5JVG2,66,0,66,52,14,52
Q5VWC8,17,0,17,15,2,15
Q6ICB4,31,6,25,15,16,15
Q6UWB1,46,0,46,39,7,39
Q76L83,224,39,185,143,114,110
Q7Z4F1,55,5,50,39,13,42
Q7Z4J2,9,0,9,5,4,5
Q7Z5L0,11,0,11,9,2,9
Q7Z745,111,4,107,80,27,84
Q7Z769,19,0,19,16,3,16
Q86W67,16,0,16,7,9,7
Q86X83,13,0,13,8,5,8
Q86XE3,33,2,31,19,16,17
Q8IVS8,29,2,27,18,13,16
Q8IVU3,88,3,85,64,27,61
Q8IXS8,77,16,61,44,41,36
Q8IYB1,46,9,37,28,23,23
Q8N205,31,4,27,21,12,19
Q8N6U8,54,3,51,38,19,35
Q8NGA6,21,0,21,19,2,19
Q8NH60,16,0,16,15,1,15
Q8TDU6,24,0,24,19,5,19
Q8WYP3,87,7,80,49,45,42
Q8WYR4,8,1,7,3,6,2
Q969I6,53,7,46,39,13,40
Q96A72,12,4,8,6,8,4
Q96CN4,69,5,64,34,40,29
Q96EG3,36,3,33,19,18,18
Q96GE4,89,18,71,51,42,47
Q96JE9,63,7,56,34,36,27
Q96JP9,65,1,64,43,23,42
Q96MH2,41,16,25,19,32,9
Q96PT3,10,0,10,4,6,4
Q99542,31,0,31,18,13,18
Q99719,19,4,15,10,13,6
Q99956,44,7,37,26,21,23
Q9BT17,13,0,13,9,4,9
Q9BTA9,147,40,107,93,56,91
Q9BU40,33,2,31,25,10,23
Q9BXK1,48,18,30,29,21,27
Q9BY19,24,0,24,23,1,23
Q9BZJ0,47,3,44,27,23,24
Q9BZJ4,27,0,27,18,9,18
Q9GZV5,55,21,34,32,26,29
Q9H346,16,0,16,15,1,15
Q9H9P5,74,3,71,51,26,48
Q9NQR9,22,0,22,20,2,20
Q9NVZ3,19,3,16,14,6,13
Q9NY26,20,0,20,16,4,16
Q9P2P1,161,5,156,100,60,101
Q9UBN6,34,3,31,19,18,16
Q9UEY8,87,29,58,53,51,36
Q9UK11,37,0,37,27,10,27
Q9UMS6,160,33,127,89,86,74
Q9UP95,83,11,72,54,36,47
Q9UQ72,30,1,29,28,3,27
Q9Y2S7,31,2,29,18,15,16
Q9Y2U2,19,0,19,15,4,15
Q9Y5Z7,81,3,78,58,24,57
A0A0A0MS01,14,0,14,9,5,9
A0A0G2JQF1,1,0,1,0,1,0
A0A1B0GTH6,131,0,131,88,43,88
A0A1W2PRN1,16,0,16,8,8,8
A0A597,8,0,8,4,4,4
A0A5K1VDZ0,30,0,30,21,9,21
A6NIH7,12,1,11,9,4,8
A6NIY4,30,0,30,11,19,11
O14513,306,33,273,144,185,121
O15244,31,0,31,23,8,23
O15287,47,2,45,37,12,35
O43159,58,19,39,32,33,25
O43248,36,3,33,24,15,21
O43261,5,0,5,5,0,5
O43674,6,0,6,2,4,2
O60675,12,1,11,5,8,4
O60684,45,5,40,35,13,32
O94844,42,2,40,35,7,35
P01733,8,0,8,5,3,5
P05112,5,0,5,5,0,5
P07327,26,5,21,19,10,16
P07437,46,20,26,26,22,24
P08173,32,0,32,23,9,23
P08574,25,2,23,16,7,18
P0DSO3,3,0,3,1,2,1
P12035,67,5,62,41,27,40
P15428,10,0,10,9,1,9
P17032,34,0,34,29,5,29
P20292,10,1,9,7,4,6
P20813,25,1,24,18,8,17
P21453,43,6,37,28,17,26
P22897,130,4,126,98,30,100
P26010,68,1,67,51,16,52
P27487,63,0,63,45,18,45
P30542,16,0,16,13,3,13
P31641,44,2,42,37,9,35
P49593,24,0,24,13,11,13
P49720,6,0,6,5,1,5
P55103,18,0,18,14,4,14
Q10472,30,0,30,23,7,23
Q13188,39,9,30,25,17,22
Q13268,24,1,23,14,9,15
Q13795,11,0,11,9,2,9
Q14585,41,0,41,32,9,32
Q14765,67,5,62,44,26,41
Q14865,151,25,126,84,82,69
Q15042,82,16,66,53,41,41
Q15834,11,2,9,6,5,6
Q15848,7,0,7,7,0,7
Q5EBM0,21,0,21,13,8,13
Q5JU67,21,0,21,7,14,7
Q5SSQ6,4,0,4,4,0,4
Q68CJ9,49,3,46,30,22,27
Q6NVH7,10,0,10,7,3,7
Q6NZY7,9,0,9,3,6,3
Q6P5X7,47,1,46,37,11,36
Q6UW56,9,0,9,7,2,7
Q75LS8,4,0,4,3,1,3
Q7RTM1,51,0,51,32,19,32
Q86T20,5,0,5,4,1,4
Q86W10,38,0,38,29,9,29
Q86WG5,177,16,161,128,55,122
Q8IXZ2,167,30,137,75,104,63
Q8N9B4,20,0,20,10,10,10
Q8N9V2,43,0,43,27,16,27
Q8NE18,63,1,62,36,28,35
Q8NEB7,57,2,55,37,22,35
Q8NGB9,23,0,23,22,1,22
Q8NGF3,21,0,21,20,1,20
Q8NGF4,28,0,28,26,2,26
Q8NH51,23,0,23,22,1,22
Q8TDW0,74,4,70,48,28,46
Q92484,32,0,32,27,5,27
Q92575,62,10,52,41,21,41
Q92918,90,21,69,55,50,40
Q93096,5,1,4,3,3,2
Q96KW2,152,0,152,103,49,103
Q96KX2,12,0,12,8,4,8
Q96PP9,39,2,37,30,11,28
Q96SL1,37,1,36,30,6,31
Q9BT43,7,1,6,2,6,1
Q9BVV7,19,0,19,8,11,8
Q9BXJ2,14,0,14,11,3,11
Q9BYG0,23,0,23,20,3,20
Q9C086,33,11,22,17,25,8
Q9GZZ6,24,0,24,17,7,17
Q9NRD0,21,0,21,11,10,11
Q9NRY4,173,44,129,110,83,90
Q9NUI1,20,4,16,9,13,7
Q9NUJ1,30,7,23,16,17,13
Q9P0V8,26,0,26,21,5,21
Q9P0W2,13,1,12,6,8,5
Q9UBR5,6,1,5,5,2,4
Q9UII2,6,2,4,2,6,0
Q9UIK4,26,4,22,13,17,9
Q9UKV8,52,9,43,28,29,23
Q9UL17,42,3,39,20,23,19
Q9Y251,42,0,42,27,15,27
Q9Y2H9,213,26,187,97,140,73
A0A075B6S6,17,0,17,10,7,10
A0A1B0GUW6,138,0,138,93,45,93
A0A1B0GVZ2,3,0,3,2,1,2
A0A286YF46,5,0,5,5,0,5
A1L190,3,0,3,1,2,1
A6NHS7,41,0,41,29,12,29
A6XGL0,16,0,16,11,5,11
A8MTL3,39,0,39,20,19,20
O00168,5,1,4,3,3,2
O00254,20,0,20,18,2,18
O00624,46,0,46,38,8,38
O43734,46,0,46,26,20,26
O43827,29,2,27,18,11,18
O60309,154,4,150,104,54,100
O75094,112,0,112,78,34,78
O75899,68,7,61,45,26,42
O95997,28,9,19,15,18,10
P01100,58,7,51,38,23,35
P01178,5,0,5,3,2,3
P01594,15,0,15,10,5,10
P04733,7,1,6,5,3,4
P07992,19,1,18,12,8,11
P0CG08,36,0,36,32,4,32
P10301,16,2,14,12,4,12
P14923,65,17,48,38,28,37
P19801,45,1,44,21,23,22
P29033,12,1,11,10,1,11
P45379,8,1,7,1,8,0
P49862,20,1,19,10,9,11
P52952,21,2,19,11,12,9
P62195,26,7,19,15,14,12
P81172,4,0,4,3,1,3
P82909,14,4,10,9,7,7
P98179,20,7,13,10,13,7
Q02241,91,30,61,53,62,29
Q02252,42,7,35,31,18,24
Q06730,64,2,62,56,10,54
Q14623,24,0,24,14,10,14
Q15283,77,6,71,47,32,45
Q15910,62,13,49,34,33,29
Q16678,36,0,36,20,16,20
Q16790,31,1,30,16,16,15
Q2QGD7,99,7,92,75,29,70
Q2VYF4,36,1,35,23,14,22
Q3B8N5,54,1,53,30,25,29
Q3YBM2,28,5,23,21,12,16
Q496H8,6,0,6,5,1,5
Q4ZIN3,51,0,51,38,13,38
Q5JPI9,29,3,26,20,12,17
Q5VVW2,111,11,100,66,52,59
Q6P6B7,14,0,14,11,3,11
Q6PKH6,18,0,18,10,8,10
Q6XPR3,94,4,90,56,40,54
Q6ZN32,24,0,24,14,10,14
Q6ZUK4,26,0,26,17,9,17
Q7RTS3,27,0,27,15,12,15
Q86XA9,193,8,185,142,55,138
Q86Y46,58,3,55,34,25,33
Q86YH6,45,2,43,35,12,33
Q8IV76,57,0,57,43,14,43
Q8IXI1,38,2,36,24,16,22
Q8MH63,10,0,10,6,4,6
Q8N140,28,3,25,15,14,14
Q8TE12,33,0,33,26,7,26
Q8TF21,69,4,65,38,35,34
Q8WUY1,12,4,8,6,6,6
Q92617,96,2,94,61,37,59
Q92800,58,4,54,37,25,33
Q96BZ4,44,0,44,34,10,34
Q96DC8,24,0,24,17,7,17
Q96E11,18,1,17,9,10,8
Q96HD1,26,0,26,21,5,21
Q96JM3,206,93,113,109,124,82
Q96LB2,28,0,28,25,3,25
Q96PD5,38,2,36,20,18,20
Q96S94,78,20,58,31,63,15
Q9BPX1,12,0,12,8,4,8
Q9BQ61,22,8,14,11,13,9
Q9BTM9,2,0,2,1,1,1
Q9BWF3,35,9,26,22,12,23
Q9BWG4,43,4,39,22,19,24
Q9BXW9,158,22,136,113,49,109
Q9BZM4,16,0,16,13,3,13
Q9GZU8,28,2,26,15,13,15
Q9H008,18,2,16,12,8,10
Q9H2M9,120,12,108,84,38,82
Q9H340,15,0,15,11,4,11
Q9H987,120,24,96,63,69,51
Q9HCJ1,34,3,31,23,10,24
Q9NR21,24,0,24,21,3,21
Q9NR64,64,0,64,42,22,42
Q9NWR8,20,0,20,18,2,18
Q9UHV7,267,29,238,201,77,190
Q9UKL0,52,10,42,29,27,25
Q9UKU6,69,1,68,51,19,50
Q9UN72,83,2,81,60,23,60
Q9Y5N5,8,0,8,7,1,7
Q9Y5N6,19,1,18,16,2,17
Q9Y5P3,55,0,55,37,18,37
A0A1B0GTI8,10,0,10,8,2,8
A0FGR9,58,0,58,35,23,35
A1L429,3,0,3,1,2,1
A6NGH7,31,0,31,23,8,23
B1AJZ9,112,4,108,56,56,56
D6RCP7,39,0,39,34,5,34
O00233,20,4,16,12,10,10
O14512,55,1,54,23,33,22
O15165,31,1,30,21,11,20
O43169,19,6,13,9,8,11
O60721,106,2,104,66,40,66
O75387,45,5,40,35,13,32
O94769,60,5,55,41,24,36
O94806,111,30,81,63,52,59
O94851,198,8,190,100,102,96
O94913,177,44,133,87,114,63
O95757,66,10,56,44,22,44
O95772,28,10,18,16,8,20
O95995,13,1,12,6,6,7
O96001,6,0,6,4,2,4
P04259,71,20,51,40,43,28
P04554,8,2,6,2,8,0
P08134,11,3,8,4,10,1
P0C881,70,0,70,43,27,43
P0CJ71,2,0,2,2,0,2
P0CJ87,22,0,22,11,11,11
P0DUD3,17,0,17,7,10,7
P13726,22,1,21,16,7,15
P19012,40,5,35,24,21,19
P20339,17,4,13,11,6,11
P30040,18,2,16,9,9,9
P31267,25,0,25,12,13,12
P31276,35,1,34,25,9,26
P35580,114,23,91,62,55,59
P35713,26,5,21,17,14,12
P36952,40,10,30,26,10,30
P40424,51,7,44,36,18,33
P43694,65,4,61,38,31,34
P45877,11,1,10,7,5,6
P46940,111,28,83,67,50,61
P51003,92,21,71,58,37,55
P52630,63,7,56,42,24,39
P62891,1,0,1,0,1,0
P80188,13,1,12,11,3,10
Q01850,46,11,35,29,26,20
Q12884,58,1,57,46,13,45
Q12981,17,1,16,12,4,13
Q16533,30,4,26,13,21,9
Q5BN46,10,0,10,6,4,6
Q5D0E6,38,1,37,28,11,27
Q5TYW1,77,0,77,60,17,60
Q5VTJ3,68,6,62,39,33,35
Q5VV67,265,44,221,130,165,100
Q66PJ3,42,0,42,11,31,11
Q69YU3,50,9,41,20,37,13
Q6FI13,3,0,3,0,3,0
Q6NZ36,11,0,11,6,5,6
Q6X4U4,18,0,18,10,8,10
Q6ZNG2,35,0,35,20,15,20
Q7L804,67,11,56,35,35,32
Q7Z589,199,33,166,139,71,128
Q86SS6,31,0,31,15,16,15
Q86T24,81,9,72,59,19,62
Q86YS6,23,4,19,12,15,8
Q8IVV8,11,0,11,8,3,8
Q8IWN6,10,0,10,8,2,8
Q8N4H0,42,0,42,21,21,21
Q8N9W6,23,0,23,17,6,17
Q8NEG4,52,13,39,24,39,13
Q8NEG5,49,0,49,36,13,36
Q8NF86,18,0,18,10,8,10
Q8NG08,104,12,92,73,35,69
Q8NGJ8,24,0,24,23,1,23
Q8NGV6,25,0,25,23,2,23
Q8TAQ2,107,25,82,73,39,68
Q8TC92,42,3,39,26,19,23
Q8WTW3,104,7,97,80,29,75
Q8WWW0,28,4,24,18,12,16
Q8WXE1,93,14,79,62,31,62
Q8WZ92,32,0,32,30,2,30
Q92911,50,2,48,41,11,39
Q969K4,23,0,23,15,8,15
Q96C90,6,2,4,3,5,1
Q96EX2,41,3,38,30,14,27
Q96KP4,34,7,27,19,18,16
Q96NH3,102,1,101,75,26,76
Q9BQ87,52,0,52,47,5,47
Q9H013,67,7,60,44,26,41
Q9H6Z4,97,33,64,56,56,41
Q9H8S5,24,0,24,11,13,11
Q9H8X2,36,1,35,24,13,23
Q9HA64,23,2,21,16,7,16
Q9HBE5,55,0,55,31,24,31
Q9NRF2,111,21,90,69,55,56
Q9P2M1,12,0,12,7,5,7
Q9UIL1,15,0,15,11,4,11
Q9UNA3,31,0,31,25,6,25
Q9Y2H8,49,1,48,37,13,36
Q9Y5Z9,23,1,22,17,7,16
A0A286YF18,7,0,7,1,6,1
A6NFC5,27,0,27,23,4,23
A6NI61,13,0,13,11,2,11
A6NJY1,20,0,20,18,2,18
A8MUL3,15,0,15,14,1,14
C9JVI0,39,0,39,34,5,34
H3BUK9,40,0,40,28,12,28
O00748,38,0,38,30,8,30
O15547,23,0,23,19,4,19
O60381,71,7,64,46,30,41
O94967,105,17,88,71,35,70
O95502,33,1,32,19,15,18
O95992,18,0,18,13,5,13
P0C7M8,12,2,10,7,7,5
P0CB47,35,0,35,11,24,11
P0DW13,13,0,13,6,7,6
P11274,168,47,121,90,101,67
P16871,48,4,44,35,15,33
P17040,95,3,92,67,31,64
P23381,40,9,31,25,12,28
P23759,48,0,48,31,17,31
P26639,45,12,33,29,14,31
P30953,27,0,27,24,3,24
P48047,28,9,19,13,16,12
P48539,2,0,2,0,2,0
P51784,76,13,63,51,36,40
P51858,21,8,13,11,12,9
P51888,23,2,21,13,12,11
P54849,14,0,14,14,0,14
P56559,8,0,8,7,1,7
P56747,19,3,16,14,6,13
P58215,53,0,53,40,13,40
P61081,13,3,10,7,5,8
Q13214,54,0,54,37,17,37
Q13535,221,17,204,161,61,160
Q13615,168,34,134,106,70,98
Q14549,26,0,26,14,12,14
Q155Q3,69,10,59,41,34,35
Q15849,76,1,75,57,18,58
Q16594,36,10,26,22,16,20
Q1EHB4,51,0,51,46,5,46
Q3SYC2,17,0,17,13,4,13
Q502W7,42,1,41,18,25,17
Q53HL2,31,14,17,16,19,12
Q567V2,13,2,11,6,9,4
Q5SRN2,63,4,59,30,37,26
Q5SVZ6,151,11,140,122,28,123
Q5TB30,81,11,70,51,33,48
Q64ET8,35,0,35,14,21,14
Q68D10,105,10,95,40,75,30
Q68DI1,46,6,40,30,16,30
Q6NSW7,39,0,39,27,12,27
Q6PK81,49,0,49,34,15,34
Q6S9Z5,41,1,40,26,16,25
Q6ZP01,126,0,126,78,48,78
Q70JA7,69,5,64,42,30,39
Q7L3B6,34,4,30,21,13,21
Q7Z4V5,128,48,80,59,107,21
Q7Z7G8,406,32,374,296,108,298
Q86TJ5,56,3,53,42,17,39
Q86VQ1,121,34,87,61,84,37
Q8IZ63,22,0,22,15,7,15
Q8N0U8,11,1,10,9,1,10
Q8N127,30,0,30,27,3,27
Q8N4F0,37,2,35,32,7,30
Q8NE22,22,0,22,16,6,16
Q8NHS4,36,0,36,29,7,29
Q8TDV2,29,0,29,26,3,26
Q8WXF0,62,17,45,23,56,6
Q8WZ84,31,0,31,27,4,27
Q92928,13,0,13,7,6,7
Q969I3,26,0,26,15,11,15
Q96DN6,127,8,119,81,54,73
Q96LR5,26,6,20,15,13,13
Q96P71,32,0,32,12,20,12
Q96QU8,91,8,83,62,27,64
Q99470,22,0,22,13,9,13
Q99848,22,7,15,10,11,11
Q9BQB6,16,1,15,13,2,14
Q9BWU1,40,3,37,30,13,27
Q9BXS6,72,31,41,36,49,23
Q9BYE7,23,4,19,16,11,12
Q9BZR9,43,0,43,32,11,32
Q9GZR1,123,21,102,73,59,64
Q9H0E9,136,11,125,89,48,88
Q9H3A6,9,0,9,4,5,4
Q9HCK1,305,19,286,198,106,199
Q9NQP4,7,2,5,3,6,1
Q9NUD7,26,1,25,17,8,18
Q9NZN5,176,34,142,107,89,87
Q9P031,10,0,10,3,7,3
Q9P2L0,72,3,69,41,30,42
Q9UII4,71,2,69,52,21,50
Q9UL42,20,0,20,8,12,8
Q9Y4M8,12,0,12,4,8,4
Q9Y5Q9,70,7,63,41,32,38
Q9Y5W8,56,3,53,32,25,31
Q9Y6A1,62,0,62,45,17,45
A0A0G2JS06,18,0,18,10,8,10
A0A1B0GTB2,2,0,2,1,1,1
A0AV96,26,2,24,17,11,15
A6NC57,69,6,63,38,35,34
A6NKF7,8,0,8,6,2,6
O00451,47,0,47,29,18,29
O00548,53,2,51,40,15,38
O00743,12,2,10,7,7,5
O43638,29,2,27,18,11,18
O43766,17,0,17,11,6,11
O75031,24,0,24,16,8,16
O95069,33,5,28,22,16,17
O95677,91,8,83,69,22,69
P09211,17,7,10,10,8,9
P09544,27,1,26,16,10,17
P09630,23,1,22,11,13,10
P0C7I0,39,0,39,32,7,32
P0C7W6,14,0,14,9,5,9
P0DP07,18,0,18,18,0,18
P11177,18,1,17,13,6,12
P13073,25,10,15,11,18,7
P21281,32,4,28,15,15,17
P22003,37,0,37,19,18,19
P24278,47,2,45,33,16,31
P30405,23,3,20,14,12,11
P32322,30,7,23,22,11,19
P40123,53,8,45,36,21,32
P46059,46,0,46,37,9,37
P51587,391,11,380,274,112,279
P52746,118,8,110,86,38,80
P57082,52,0,52,28,24,28
Q01955,82,5,77,39,44,38
Q02539,35,13,22,17,23,12
Q08334,27,5,22,18,12,15
Q08999,133,35,98,69,89,44
Q0VG06,76,2,74,53,25,51
Q0VGE8,55,5,50,32,28,27
Q13075,121,2,119,87,36,85
Q13503,9,0,9,9,0,9
Q13772,68,15,53,46,17,51
Q13822,59,0,59,37,22,37
Q14CX7,70,2,68,47,23,47
Q15615,17,0,17,15,2,15
Q16654,38,1,37,27,12,26
Q4G163,98,5,93,64,37,61
Q53HC9,44,4,40,33,15,29
Q5JTD7,28,0,28,19,9,19
Q5JVL4,33,1,32,20,14,19
Q5RL73,24,1,23,18,7,17
Q5SQ80,58,4,54,41,19,39
Q5TGZ0,3,0,3,2,1,2
Q5VWG9,104,30,74,60,60,44
Q6NSX1,9,0,9,2,7,2
Q75N03,29,4,25,18,15,14
Q7Z6K3,29,0,29,20,9,20
Q7Z7M9,73,5,68,42,36,37
Q86UF1,18,0,18,16,2,16
Q86W33,34,0,34,27,7,27
Q86WG3,22,0,22,15,7,15
Q86XE0,28,0,28,17,11,17
Q86XZ4,102,31,71,57,50,52
Q86YT5,27,0,27,24,3,24
Q8IX94,71,4,67,28,45,26
Q8N554,67,14,53,36,45,22
Q8NB25,75,2,73,28,49,26
Q8NBJ7,15,0,15,4,11,4
Q8NBQ7,19,0,19,18,1,18
Q8TAG6,19,0,19,9,10,9
Q8TBJ4,19,0,19,11,8,11
Q8TBP0,92,17,75,50,55,37
Q8TES7,115,7,108,57,65,50
Q8WVJ2,10,3,7,6,5,5
Q93050,46,0,46,38,8,38
Q96A54,18,1,17,15,4,14
Q96HD9,17,0,17,14,3,14
Q96LR2,27,5,22,19,11,16
Q96PL1,5,0,5,4,1,4
Q96RQ1,31,1,30,22,10,21
Q96SM3,48,3,45,24,27,21
Q99807,10,1,9,3,8,2
Q99990,36,5,31,22,19,17
Q9BRX8,8,0,8,7,1,7
Q9BV97,17,0,17,9,8,9
Q9HCH3,50,5,45,28,21,29
Q9NP99,17,1,16,13,5,12
Q9NPQ8,35,6,29,22,17,18
Q9NPU4,7,0,7,5,2,5
Q9NTG1,195,6,189,145,54,141
Q9NV06,27,1,26,16,12,15
Q9NZ01,15,2,13,12,5,10
Q9NZC4,23,2,21,21,4,19
Q9UHP6,17,0,17,11,6,11
Q9UJX5,80,6,74,54,32,48
Q9UKT9,61,11,50,35,29,32
Q9ULQ1,56,0,56,35,21,35
Q9ULV1,35,0,35,30,5,30
Q9ULW6,20,1,19,12,9,11
Q9UMS4,49,8,41,39,8,41
Q9Y297,49,1,48,36,14,35
Q9Y5Y6,69,0,69,50,19,50
A0A0U1RQG5,9,0,9,4,5,4
A0A2R8YED5,31,0,31,28,3,28
A2RUB1,98,2,96,77,19,79
B4DJY2,7,0,7,5,2,5
O15379,23,2,21,18,7,16
O60938,24,1,23,16,7,17
O75907,34,3,31,23,14,20
O95674,37,7,30,26,16,21
P00325,23,4,19,16,9,14
P00918,23,7,16,14,10,13
P01833,83,15,68,49,39,44
P05160,46,1,45,34,13,33
P06858,41,1,40,30,10,31
P08311,15,0,15,8,7,8
P16870,34,1,33,20,13,21
P25089,22,0,22,15,7,15
P26022,21,0,21,15,6,15
P31151,6,1,5,5,2,4
P32929,26,1,25,19,8,18
P36551,31,2,29,19,14,17
P42263,67,2,65,42,27,40
P49685,32,0,32,27,5,27
P49888,13,0,13,6,7,6
P50579,26,6,20,16,14,12
P55196,201,56,145,113,124,77
P58499,20,1,19,13,6,14
P59826,35,1,34,27,9,26
P62318,5,1,4,4,2,3
P98073,75,0,75,62,13,62
P98077,41,2,39,25,18,23
Q01151,13,1,12,8,6,7
Q01726,19,0,19,14,5,14
Q02543,16,6,10,7,11,5
Q05707,140,7,133,101,42,98
Q0P140,10,0,10,8,2,8
Q15437,49,2,47,41,8,41
Q16378,11,0,11,7,4,7
Q2VIR3,28,1,27,16,11,17
Q30KP8,3,0,3,3,0,3
Q30KQ8,10,0,10,7,3,7
Q3LI59,9,0,9,9,0,9
Q3YBR2,28,1,27,23,6,22
Q49AS3,5,0,5,2,3,2
Q5M9N0,126,1,125,66,61,65
Q6JEL2,33,0,33,23,10,23
Q6P582,15,3,12,6,10,5
Q6ZMQ8,148,9,139,85,72,76
Q6ZMT1,48,0,48,19,29,19
Q6ZRR5,19,0,19,14,5,14
Q7RTS6,42,0,42,34,8,34
Q7Z3V5,37,0,37,27,10,27
Q7Z6M1,25,0,25,18,7,18
Q86UE6,36,0,36,22,14,22
Q8IVF1,71,1,70,48,24,47
Q8IWT3,222,14,208,141,95,127
Q8IWU6,56,1,55,33,24,32
Q8N5U0,23,0,23,14,9,14
Q8N729,12,0,12,3,9,3
Q8N7H5,71,21,50,27,53,18
Q8N7N1,22,2,20,12,12,10
Q8N8U9,42,0,42,32,10,32
Q8N8Z3,21,0,21,12,9,12
Q8NGH9,14,0,14,13,1,13
Q8NGL4,28,0,28,26,2,26
Q8NGS4,29,0,29,25,4,25
Q8NGV0,15,0,15,14,1,14
Q8NHY6,68,1,67,48,21,47
Q8TD06,8,0,8,5,3,5
Q8WTT0,22,0,22,16,6,16
Q8WV74,9,0,9,3,6,3
Q8WXS8,97,3,94,65,35,62
Q92545,268,31,237,168,119,149
Q92685,27,4,23,22,9,18
Q92954,97,7,90,61,35,62
Q96AQ1,40,1,39,14,27,13
Q9BSA9,30,0,30,21,9,21
Q9BSE5,19,1,18,11,9,10
Q9BTY2,31,2,29,26,5,26
Q9BU19,64,7,57,39,24,40
Q9BWW7,30,1,29,18,11,19
Q9BXI6,46,14,32,25,29,17
Q9BYW3,5,0,5,5,0,5
Q9GZM5,14,0,14,10,4,10
Q9H3R1,61,2,59,48,15,46
Q9H5N1,58,8,50,36,26,32
Q9H6N6,58,0,58,22,36,22
Q9H9G7,46,5,41,24,23,23
Q9H9S0,41,2,39,28,13,28
Q9NR50,40,4,36,27,17,23
Q9NRX5,49,6,43,42,5,44
Q9NUT2,58,9,49,37,24,34
Q9NVE5,89,7,82,61,29,60
Q9NY46,174,14,160,125,55,119
Q9UBU7,95,27,68,57,37,58
Q9UL26,13,2,11,9,4,9
Q9ULK0,100,2,98,65,35,65
Q9UN81,20,0,20,3,17,3
Q9Y252,82,8,74,37,51,31
Q9Y3T6,32,1,31,21,12,20
A0A096LP55,4,0,4,4,0,4
A6NI28,110,15,95,65,56,54
B9A014,21,0,21,20,1,20
O43731,12,0,12,11,1,11
O60879,69,4,65,45,28,41
O75333,31,0,31,18,13,18
O75969,89,12,77,55,40,49
O94832,60,7,53,38,21,39
O95182,13,2,11,7,8,5
O95631,40,0,40,18,22,18
P01298,3,0,3,2,1,2
P01574,12,1,11,8,5,7
P01766,11,0,11,10,1,10
P02748,49,3,46,35,11,38
P0CF75,34,0,34,25,9,25
P0DN37,9,0,9,2,7,2
P0DUD4,17,0,17,7,10,7
P13861,32,10,22,15,21,11
P28335,28,1,27,21,8,20
P51681,22,3,19,18,7,15
P54253,100,14,86,63,43,57
P55082,42,3,39,26,17,25
P55916,16,0,16,6,10,6
P78424,73,2,71,50,23,50
Q02410,83,17,66,54,44,39
Q08289,96,12,84,40,58,38
Q12980,59,3,56,35,27,32
Q13018,118,0,118,109,9,109
Q13118,60,6,54,39,21,39
Q14168,36,4,32,18,20,16
Q14406,19,0,19,19,0,19
Q14582,19,0,19,8,11,8
Q15084,42,11,31,24,23,19
Q15813,40,4,36,29,11,29
Q3B8N2,30,0,30,24,6,24
Q3SYF9,4,0,4,4,0,4
Q400G9,48,3,45,32,19,29
Q5K651,114,3,111,85,30,84
Q5TIA1,132,2,130,89,45,87
Q6IPW1,12,0,12,3,9,3
Q6NUK1,30,6,24,17,11,19
Q6P047,7,0,7,3,4,3
Q6PIU2,22,0,22,19,3,19
Q6ZMI3,40,0,40,25,15,25
Q6ZMN8,27,0,27,20,7,20
Q6ZMP0,91,2,89,66,27,64
Q6ZUB1,159,0,159,85,74,85
Q76FK4,180,50,130,88,124,56
Q86TU6,8,0,8,0,8,0
Q86TW2,35,0,35,23,12,23
Q86UZ6,66,0,66,45,21,45
Q86XT9,20,0,20,17,3,17
Q86Y28,3,0,3,2,1,2
Q8IUG5,245,18,227,126,127,118
Q8IW40,14,1,13,6,9,5
Q8IWE2,64,16,48,39,23,41
Q8IXM2,25,10,15,14,13,12
Q8IZ73,31,4,27,20,11,20
Q8N1G1,142,18,124,74,80,62
Q8N823,61,2,59,47,16,45
Q8NCR3,18,0,18,9,9,9
Q8NDN9,33,0,33,26,7,26
Q8NEF9,69,23,46,31,55,14
Q8NEL0,25,2,23,16,9,16
Q8NFR7,27,0,27,19,8,19
Q8NGK3,15,0,15,14,1,14
Q8NHL6,68,3,65,45,26,42
Q8TC57,53,0,53,43,10,43
Q8TCX5,48,2,46,27,23,25
Q8WUX1,37,1,36,34,4,33
Q92828,46,6,40,28,24,22
Q96B01,70,22,48,38,38,32
Q96BR5,9,0,9,9,0,9
Q96BW5,17,1,16,14,2,15
Q96CG3,20,0,20,13,7,13
Q96CP7,15,0,15,13,2,13
Q96CX6,41,3,38,29,15,26
Q96GX8,11,3,8,8,0,11
Q96KR6,17,1,16,15,3,14
Q96LP6,40,1,39,19,20,20
Q96NZ1,51,1,50,36,16,35
Q96QE4,74,0,74,62,12,62
Q9BXR0,28,4,24,19,9,19
Q9BYJ0,12,0,12,7,5,7
Q9BYW2,402,87,315,223,212,190
Q9C0C7,182,17,165,92,101,81
Q9GZK4,27,0,27,25,2,25
Q9H0W7,19,1,18,15,3,16
Q9H2B4,48,0,48,41,7,41
Q9H461,43,0,43,35,8,35
Q9H7J1,14,0,14,1,13,1
Q9H7Z6,34,5,29,18,19,15
Q9NWD8,25,1,24,19,7,18
Q9NY65,34,9,25,23,16,18
Q9UIQ6,97,10,87,70,29,68
Q9UPT8,154,39,115,64,105,49
Q9Y4E6,145,14,131,111,44,101
Q9Y606,29,3,26,16,14,15
Q9Y6B2,12,0,12,4,8,4
A0A0A0MRZ8,13,0,13,10,3,10
A1A4F0,8,0,8,8,0,8
A6NCL7,27,0,27,8,19,8
A6NFQ2,54,0,54,41,13,41
A6NJG6,42,0,42,28,14,28
I3L273,42,0,42,26,16,26
O15182,5,1,4,1,5,0
O15226,67,14,53,44,29,38
O43283,115,6,109,71,50,65
O60427,23,0,23,19,4,19
O60573,19,2,17,11,10,9
O75326,52,0,52,32,20,32
O75486,29,2,27,17,12,17
O75564,40,0,40,23,17,23
P02787,45,4,41,33,12,33
P06733,43,18,25,25,14,29
P08571,32,4,28,26,2,30
P08648,91,7,84,65,29,62
P0C6P0,4,0,4,4,0,4
P0C860,47,0,47,17,30,17
P0DPH9,8,0,8,1,7,1
P11912,13,2,11,10,1,12
P15516,3,0,3,3,0,3
P21399,51,7,44,37,17,34
P25445,27,8,19,16,9,18
P25940,68,1,67,36,33,35
P35789,52,0,52,39,13,39
P46089,21,0,21,17,4,17
P47775,26,0,26,24,2,24
P47929,7,1,6,5,3,4
P48764,72,7,65,46,31,41
P51809,15,2,13,11,6,9
P54792,78,2,76,47,31,47
P56178,43,0,43,27,16,27
P56705,30,0,30,17,13,17
P57682,61,17,44,36,36,25
P58872,27,0,27,16,11,16
P61204,7,2,5,5,0,7
P78367,30,0,30,10,20,10
Q08357,70,17,53,50,31,39
Q0VAQ4,8,2,6,5,1,7
Q13045,83,7,76,55,33,50
Q13405,5,0,5,1,4,1
Q14088,13,1,12,12,2,11
Q14542,42,3,39,35,8,34
Q15723,72,16,56,45,37,35
Q15878,211,9,202,105,115,96
Q53QZ3,62,20,42,33,43,19
Q53RY4,13,1,12,12,2,11
Q5FWF5,106,14,92,62,54,52
Q5T3I0,38,11,27,13,28,10
Q5W0U4,31,2,29,20,13,18
Q63HN1,54,0,54,42,12,42
Q6NV74,130,38,92,59,101,29
Q6ZMY9,29,0,29,15,14,15
Q6ZS02,14,0,14,4,10,4
Q7Z2T5,63,8,55,44,23,40
Q7Z4L0,2,0,2,0,2,0
Q7Z4L5,61,2,59,41,20,41
Q7Z6R9,46,4,42,28,22,24
Q8N0V5,22,0,22,15,7,15
Q8N9I5,23,0,23,19,4,19
Q8NCW6,42,1,41,31,12,30
Q8NEZ2,46,4,42,32,12,34
Q8NHS2,28,0,28,25,3,25
Q8TB40,26,1,25,17,8,18
Q8TBX8,37,5,32,21,15,22
Q8TC07,76,19,57,45,32,44
Q8TCU5,94,0,94,65,29,65
Q8WUA2,37,6,31,18,23,14
Q8WUF8,35,7,28,22,20,15
Q8WWL7,143,5,138,80,62,81
Q8WWN9,63,7,56,39,31,32
Q8WYQ5,84,19,65,51,42,42
Q8WYQ9,156,5,151,109,50,106
Q96B67,40,0,40,25,15,25
Q96FH0,11,0,11,7,4,7
Q96FL9,30,0,30,20,10,20
Q96G30,18,1,17,10,9,9
Q96GX1,48,0,48,35,13,35
Q96JK2,146,25,121,83,76,70
Q96PQ1,61,2,59,42,19,42
Q96T83,66,5,61,47,22,44
Q99963,28,5,23,14,17,11
Q9BVJ7,4,0,4,2,2,2
Q9BZQ8,90,18,72,59,31,59
Q9C0G0,236,18,218,157,87,149
Q9GZW8,32,0,32,31,1,31
Q9H0R4,10,1,9,5,6,4
Q9H2X8,16,0,16,15,1,15
Q9NR46,26,2,24,19,9,17
Q9NSE2,23,2,21,14,11,12
Q9NU23,2,0,2,1,1,1
Q9P244,60,11,49,32,33,27
Q9UEU5,4,1,3,2,3,1
Q9UHI5,33,3,30,25,11,22
Q9UJJ9,19,1,18,12,8,11
Q9Y512,39,4,35,22,21,18
Q9Y5G1,73,2,71,55,18,55
Q9Y6A4,9,0,9,5,4,5
A0A075B6I9,11,0,11,9,2,9
A0A075B767,9,0,9,2,7,2
A6NKF1,16,2,14,7,11,5
A6NLU0,23,0,23,13,10,13
A8MVS5,25,0,25,17,8,17
B3EWG5,1,0,1,0,1,0
M0R2J8,140,0,140,98,42,98
O14727,107,5,102,76,32,75
O15342,2,0,2,2,0,2
O43597,50,15,35,24,29,21
O75132,174,23,151,110,75,99
O75347,2,1,1,1,2,0
O94850,64,2,62,27,39,25
P01138,18,1,17,11,8,10
P06454,1,0,1,1,0,1
P08588,38,4,34,23,17,21
P09466,5,0,5,3,2,3
P0DJ93,8,0,8,3,5,3
P11142,52,20,32,28,20,32
P11801,33,0,33,14,19,14
P16471,53,6,47,36,17,36
P17275,36,8,28,25,11,25
P20472,7,1,6,3,5,2
P35913,40,0,40,33,7,33
P43358,29,5,24,19,15,14
P50747,72,7,65,52,25,47
P55039,26,1,25,16,11,15
P78417,20,7,13,12,7,13
P82675,28,2,26,18,12,16
P98168,80,3,77,67,16,64
Q00587,79,34,45,45,46,33
Q09019,68,11,57,36,41,27
Q13164,79,21,58,46,30,49
Q13617,47,0,47,30,17,30
Q14289,78,22,56,46,38,40
Q15116,25,1,24,12,14,11
Q15363,9,0,9,5,4,5
Q15650,48,7,41,21,32,16
Q16352,60,7,53,31,34,26
Q17R55,20,0,20,15,5,15
Q2KHN1,13,2,11,7,6,7
Q2TV78,42,0,42,30,12,30
Q3MUY2,6,0,6,5,1,5
Q5H9J7,1,0,1,0,1,0
Q5JTJ3,12,2,10,10,4,8
Q5T1R4,393,51,342,222,220,173
Q5T2W1,46,9,37,20,35,11
Q6IQ55,157,20,137,80,87,70
Q6PEW0,38,0,38,26,12,26
Q6T4R5,263,22,241,141,138,125
Q6TGC4,51,1,50,30,22,29
Q6UX01,31,0,31,26,5,26
Q6UXV1,10,0,10,9,1,9
Q6ZS82,13,0,13,10,3,10
Q6ZWJ8,103,0,103,84,19,84
Q86SM5,18,0,18,15,3,15
Q86YL5,18,0,18,11,7,11
Q8IU57,49,2,47,32,17,32
Q8IXQ8,22,0,22,15,7,15
Q8N131,33,1,32,31,1,32
Q8N4B5,18,0,18,7,11,7
Q8NA23,34,0,34,28,6,28
Q8NE28,61,0,61,48,13,48
Q8NE63,43,1,42,23,21,22
Q8NFH4,20,0,20,16,4,16
Q8NFW5,34,0,34,20,14,20
Q8NGR9,25,0,25,21,4,21
Q8TE76,73,7,66,47,31,42
Q8WXS5,42,4,38,19,25,17
Q96C00,40,2,38,29,11,29
Q96D15,13,1,12,7,7,6
Q96DT5,225,1,224,146,80,145
Q96EY8,18,2,16,12,6,12
Q96IV6,21,1,20,18,4,17
Q96JP5,61,12,49,34,33,28
Q96KF7,5,1,4,3,3,2
Q96LA5,59,1,58,46,14,45
Q96QR8,22,7,15,12,11,11
Q96R72,29,0,29,22,7,22
Q99638,53,14,39,31,26,27
Q99819,10,0,10,7,3,7
Q9BQ31,44,0,44,33,11,33
Q9BQ75,22,4,18,16,10,12
Q9BVK6,10,0,10,7,3,7
Q9BYD5,5,0,5,4,1,4
Q9C0I4,152,2,150,118,36,116
Q9H2C1,40,0,40,28,12,28
Q9H300,31,2,29,24,9,22
Q9HC10,126,2,124,76,48,78
Q9HCN2,14,0,14,9,5,9
Q9NRS4,33,0,33,24,9,24
Q9NX55,10,2,8,5,5,5
Q9NY27,68,17,51,43,26,42
Q9NZQ3,71,8,63,44,27,44
Q9P2J9,37,1,36,18,20,17
Q9UHA3,3,1,2,2,2,1
Q9Y399,13,1,12,5,9,4
Q9Y662,27,0,27,13,14,13
Q9Y6U7,20,2,18,11,11,9
A0A0G2JLE6,28,0,28,28,0,28
A0A1B0GTS1,36,0,36,21,15,21
A0A599,7,0,7,4,3,4
A0A5B9,15,0,15,11,4,11
A0A8I5KYS1,13,0,13,7,6,7
A6NGE7,10,0,10,3,7,3
A6NGY1,35,1,34,14,22,13
A6NK02,38,0,38,31,7,31
A7MD48,176,19,157,39,148,28
A8MUA0,30,0,30,12,18,12
B2RD01,17,0,17,7,10,7
O00217,10,1,9,5,4,6
O00270,20,0,20,16,4,16
O43516,83,20,63,35,62,21
O43670,30,2,28,26,4,26
O60264,71,17,54,41,33,38
O60412,32,0,32,29,3,29
O75473,96,5,91,75,26,70
O95373,46,7,39,29,16,30
O95497,40,1,39,32,7,33
P06734,28,0,28,17,11,17
P07951,21,10,11,10,17,4
P08263,21,9,12,11,15,6
P0DJD3,73,3,70,20,56,17
P0DPH7,19,0,19,11,8,11
P14854,5,1,4,4,2,3
P16389,43,7,36,31,15,28
P18858,95,27,68,52,62,33
P21291,17,6,11,11,4,13
P34998,35,5,30,26,14,21
P36955,41,3,38,20,24,17
P42857,11,0,11,6,5,6
P54652,40,8,32,22,18,22
P55042,30,7,23,17,20,10
P55145,12,4,8,8,6,6
P55318,32,1,31,22,11,21
P62491,22,6,16,12,16,6
P98082,121,33,88,72,48,73
P98088,828,0,828,698,130,698
Q02833,18,0,18,6,12,6
Q07283,30,1,29,6,25,5
Q0VFX4,18,0,18,7,11,7
Q12907,24,1,23,17,6,18
Q14520,39,0,39,34,5,34
Q16576,41,8,33,30,9,32
Q495M3,36,0,36,29,7,29
Q49B96,5,1,4,3,1,4
Q4V326,4,1,3,2,3,1
Q5EBL2,73,0,73,61,12,61
Q5HYN5,19,3,16,11,9,10
Q5VTL7,88,0,88,72,16,72
Q6PEY2,30,9,21,18,13,17
Q6Q795,7,0,7,5,2,5
Q6ZPA2,10,0,10,4,6,4
Q6ZSA8,11,0,11,4,7,4
Q6ZVL8,9,0,9,4,5,4
Q6ZVQ6,17,0,17,7,10,7
Q70E73,207,59,148,119,95,112
Q7Z3F1,71,2,69,62,11,60
Q7Z614,11,0,11,7,4,7
Q86SQ6,28,0,28,17,11,17
Q86T75,71,3,68,49,23,48
Q86VN1,27,0,27,11,16,11
Q8N1Y9,22,0,22,18,4,18
Q8N268,9,0,9,8,1,8
Q8N2K1,11,0,11,8,3,8
Q8N377,23,0,23,21,2,21
Q8NDV7,341,45,296,238,110,231
Q8NHS1,12,0,12,12,0,12
Q8TDN6,14,1,13,7,8,6
Q8TDQ1,21,0,21,14,7,14
Q8TED1,15,1,14,9,7,8
Q92520,12,2,10,6,8,4
Q969X1,16,2,14,11,7,9
Q96AX2,15,2,13,8,9,6
Q96JJ7,34,4,30,20,16,18
Q96M66,15,0,15,5,10,5
Q96NL8,19,0,19,10,9,10
Q96NR7,13,0,13,1,12,1
Q99595,13,1,12,9,5,8
Q9BRV8,19,5,14,11,13,6
Q9BTK2,3,0,3,1,2,1
Q9BYD9,24,0,24,16,8,16
Q9C0H2,45,4,41,34,13,32
Q9H4A4,36,2,34,25,13,23
Q9HCD6,295,69,226,166,168,127
Q9NNZ3,21,0,21,8,13,8
Q9P000,23,1,22,16,6,17
Q9P1Z9,140,6,134,80,66,74
Q9P2W1,10,1,9,7,4,6
Q9UBI6,9,3,6,5,7,2
Q9UGF7,24,0,24,21,3,21
Q9UKG9,38,1,37,26,11,27
Q9UKT7,43,1,42,28,16,27
Q9UPM6,30,0,30,19,11,19
Q9Y2Q1,34,0,34,29,5,29
Q9Y2Y9,29,5,24,14,20,9
Q9Y3F1,7,0,7,6,1,6
Q9Y4K0,51,2,49,41,12,39
A0A087WT02,7,0,7,5,2,5
A0A8I5KQN6,16,0,16,11,5,11
A6NDE4,70,0,70,16,54,16
A6NJ88,45,0,45,31,14,31
O15381,82,24,58,45,43,39
O15488,59,6,53,38,25,34
O60462,79,0,79,50,29,50
O75526,39,1,38,5,35,4
O75596,13,0,13,9,4,9
O94868,84,19,65,58,35,49
P00326,26,4,22,19,9,17
P09012,12,1,11,9,4,8
P09086,54,6,48,37,21,33
P0DM63,26,0,26,19,7,19
P10915,17,0,17,10,7,10
P17036,45,3,42,37,11,34
P22681,127,39,88,74,50,77
P22736,81,12,69,58,33,48
P25311,17,0,17,13,4,13
P27169,24,0,24,21,3,21
P32239,40,3,37,29,10,30
P35052,40,0,40,25,15,25
P36222,29,0,29,19,10,19
P46976,36,5,31,29,10,26
P47224,8,1,7,3,6,2
P48048,28,5,23,19,8,20
P49760,60,14,46,22,50,10
P51114,72,25,47,33,46,26
P51787,59,8,51,37,28,31
P51793,48,1,47,36,11,37
P55809,32,3,29,18,17,15
P59922,19,0,19,19,0,19
P61009,10,0,10,6,4,6
Q02156,50,16,34,30,28,22
Q03933,56,0,56,37,19,37
Q13823,61,11,50,34,34,27
Q13939,47,2,45,34,13,34
Q15361,106,21,85,60,63,43
Q15784,28,0,28,18,10,18
Q15911,433,48,385,292,171,262
Q49A92,60,1,59,25,36,24
Q4G148,23,0,23,19,4,19
Q53F39,29,0,29,12,17,12
Q5JR98,22,1,21,7,16,6
Q5T5J6,102,4,98,57,49,53
Q5T8I3,66,18,48,41,25,41
Q5TA31,6,0,6,1,5,1
Q6PHR2,40,8,32,21,25,15
Q6PL18,165,50,115,94,91,74
Q6ZTR7,14,0,14,9,5,9
Q86XP1,105,10,95,63,44,61
Q86XP6,12,0,12,8,4,8
Q8IVG9,1,0,1,1,0,1
Q8IVH4,29,1,28,17,13,16
Q8IVL5,38,0,38,15,23,15
Q8N2G8,32,2,30,17,17,15
Q8N7X8,20,0,20,14,6,14
Q8N983,19,0,19,11,8,11
Q8NDY3,15,0,15,8,7,8
Q8NEA6,108,6,102,73,39,69
Q8NGJ0,27,0,27,23,4,23
Q8TB05,18,0,18,11,7,11
Q8TCB0,36,1,35,26,11,25
Q8WWB3,5,0,5,3,2,3
Q8WXH2,81,5,76,35,51,30
Q92523,60,3,57,43,18,42
Q92876,15,0,15,10,5,10
Q969N4,31,0,31,26,5,26
Q96G74,59,18,41,33,34,25
Q96HV5,20,0,20,17,3,17
Q96LX7,43,2,41,25,18,25
Q96R05,6,0,6,5,1,5
Q99731,3,0,3,2,1,2
Q9BR77,33,6,27,20,19,14
Q9BRT2,6,0,6,2,4,2
Q9BRX5,16,1,15,8,7,9
Q9BYQ4,17,0,17,17,0,17
Q9C0C4,52,6,46,29,27,25
Q9C0K1,33,3,30,28,4,29
Q9H427,20,1,19,9,12,8
Q9H4B4,48,3,45,34,15,33
Q9H9Y2,17,0,17,10,7,10
Q9HAW0,38,5,33,23,20,18
Q9NPP4,76,1,75,53,24,52
Q9NQT4,21,2,19,15,8,13
Q9NRK6,60,2,58,43,17,43
Q9NS25,7,0,7,0,7,0
Q9NUH8,7,0,7,7,0,7
Q9NVR7,49,2,47,36,13,36
Q9NWH7,63,12,51,36,39,24
Q9NYY8,60,5,55,41,20,40
Q9NZP5,22,0,22,20,2,20
Q9P107,109,28,81,66,55,54
Q9UGI8,26,7,19,17,14,12
Q9UHQ9,14,2,12,10,6,8
Q9ULL0,260,23,237,144,133,127
Q9Y2D1,14,2,12,9,7,7
Q9Y5E6,67,0,67,54,13,54
Q9Y5R6,54,1,53,34,21,33
A0A0J9YXY3,6,0,6,5,1,5
A6NCN2,13,0,13,6,7,6
A6NGJ6,42,0,42,26,16,26
A6NLW8,12,0,12,5,7,5
O00294,31,0,31,6,25,6
O14920,67,20,47,40,25,42
O15016,138,2,136,99,39,99
O15205,16,4,12,6,14,2
O15264,22,4,18,11,15,7
O43679,30,2,28,15,17,13
O75208,26,2,24,18,8,18
O94829,69,0,69,49,20,49
P03891,27,0,27,26,1,26
P05121,27,0,27,19,8,19
P05976,11,4,7,5,6,5
P0CG33,40,0,40,20,20,20
P10412,29,14,15,14,21,8
P19174,110,15,95,72,47,63
P22914,9,0,9,5,4,5
P23378,66,2,64,49,19,47
P39656,44,4,40,35,13,31
P42226,67,4,63,50,17,50
P42262,73,2,71,47,28,45
P42331,72,17,55,40,45,27
P46781,10,4,6,5,9,1
P55084,38,3,35,24,13,25
P63220,7,2,5,3,6,1
P78543,16,1,15,12,5,11
P85298,32,1,31,20,13,19
Q00056,21,4,17,10,15,6
Q01201,51,7,44,33,23,28
Q06323,10,4,6,6,0,10
Q08708,24,0,24,12,12,12
Q13459,212,54,158,116,124,88
Q14249,13,0,13,4,9,4
Q15717,38,13,25,21,24,14
Q17RS7,98,6,92,67,37,61
Q2M238,9,0,9,8,1,8
Q4G0N7,7,0,7,4,3,4
Q5K130,7,0,7,6,1,6
Q5NUL3,25,2,23,18,7,18
Q5QNW6,22,11,11,11,22,0
Q5TA89,12,1,11,8,5,7
Q68CQ4,69,6,63,48,23,46
Q6B0I6,34,1,33,22,13,21
Q6P5S7,9,0,9,6,3,6
Q6UWN5,17,0,17,16,1,16
Q7Z6E9,315,87,228,153,215,100
Q86TI2,65,2,63,44,23,42
Q86UU1,210,62,148,113,127,83
Q8IVL1,469,79,390,277,233,236
Q8IXL7,20,0,20,18,2,18
Q8N635,44,0,44,36,8,36
Q8N9V6,39,6,33,22,21,18
Q8NCW5,21,2,19,14,7,14
Q8ND61,87,0,87,54,33,54
Q8NGJ5,23,0,23,20,3,20
Q8NGU2,19,0,19,17,2,17
Q8TBC4,29,6,23,20,9,20
Q8TF50,46,0,46,29,17,29
Q8WXC3,1,0,1,1,0,1
Q92187,28,0,28,13,15,13
Q92759,34,2,32,27,9,25
Q92966,24,2,22,12,14,10
Q92994,72,12,60,44,30,42
Q96E29,37,0,37,27,10,27
Q96EK6,16,4,12,9,11,5
Q96FX7,25,5,20,14,12,13
Q96H40,30,0,30,26,4,26
Q96K17,8,0,8,8,0,8
Q96LY2,40,2,38,18,24,16
Q96MI9,95,2,93,67,28,67
Q96P66,46,0,46,29,17,29
Q9BQA9,21,4,17,12,9,12
Q9BTW9,68,2,66,47,23,45
Q9BVP2,52,10,42,34,16,36
Q9BYV8,45,12,33,25,30,15
Q9H063,41,9,32,25,15,26
Q9H0A6,19,0,19,12,7,12
Q9H270,66,4,62,45,25,41
Q9H4A9,44,0,44,29,15,29
Q9H628,17,0,17,12,5,12
Q9H6D8,21,1,20,9,13,8
Q9HA90,31,0,31,14,17,14
Q9HAV4,88,10,78,64,30,58
Q9HC73,26,0,26,19,7,19
Q9HCJ3,71,9,62,55,13,58
Q9NPE3,3,0,3,1,2,1
Q9NRM1,94,2,92,54,42,52
Q9P2E5,45,2,43,24,21,24
Q9P2N5,125,25,100,74,52,73
Q9UBZ4,40,2,38,28,14,26
Q9UI54,3,0,3,3,0,3
Q9UJU3,92,1,91,75,16,76
Q9UKF6,44,7,37,33,16,28
Q9Y232,64,11,53,39,30,34
Q9Y4D8,378,23,355,260,135,243
Q9Y4K4,66,9,57,45,28,38
Q9Y6N3,16,0,16,11,5,11
A0A075B6K5,11,0,11,8,3,8
A0A087WTH1,5,0,5,3,2,3
A0A0K0K1C0,8,0,8,5,3,5
A0A1W2PPM1,38,0,38,34,4,34
A0A5F9Z9Y6,22,0,22,20,2,20
A6NE82,13,0,13,8,5,8
A6NGR9,44,1,43,18,27,17
B0YJ81,24,5,19,17,10,14
C9JN71,49,0,49,28,21,28
O14493,14,1,13,12,3,11
O14519,14,2,12,10,6,8
O14732,17,2,15,11,6,11
O43324,13,2,11,9,2,11
O60447,85,12,73,53,40,45
O60667,36,2,34,17,21,15
O60711,40,13,27,26,15,25
O75920,15,3,12,9,9,6
O76083,36,2,34,19,19,17
P00747,64,8,56,39,23,41
P01721,19,0,19,11,8,11
P06310,17,0,17,10,7,10
P07148,7,3,4,3,7,0
P07478,23,0,23,21,2,21
P0C672,12,0,12,11,1,11
P0DJJ0,35,0,35,22,13,22
P0DV73,43,0,43,22,21,22
P13942,66,2,64,24,44,22
P23327,85,30,55,49,58,27
P26045,97,21,76,62,40,57
P35914,27,3,24,17,13,14
P37288,38,3,35,25,12,26
P40205,5,0,5,2,3,2
P53675,106,11,95,72,35,71
P60201,16,1,15,13,2,14
P83111,39,4,35,26,13,26
Q00325,26,5,21,18,11,15
Q13454,25,2,23,16,7,18
Q13608,75,1,74,49,27,48
Q14393,42,3,39,29,14,28
Q14807,68,19,49,35,44,24
Q15173,40,9,31,25,24,16
Q15389,28,2,26,18,10,18
Q15418,71,24,47,42,45,26
Q15759,26,3,23,14,11,15
Q16553,16,0,16,12,4,12
Q16587,53,2,51,37,18,35
Q2QL34,9,0,9,9,0,9
Q5T7N3,114,14,100,70,54,60
Q5VWQ8,157,36,121,79,94,63
Q6NXP6,29,0,29,18,11,18
Q6PJG2,104,23,81,61,52,52
Q6UXH9,56,2,54,37,21,35
Q6X4W1,54,7,47,21,38,16
Q6ZPD9,42,0,42,33,9,33
Q70EL3,19,0,19,14,5,14
Q7RTR2,79,0,79,53,26,53
Q7Z4W3,5,0,5,4,1,4
Q86U70,44,10,34,25,23,21
Q86W47,15,1,14,12,2,13
Q86Y33,57,0,57,35,22,35
Q8IWV1,49,7,42,29,21,28
Q8IY31,1,0,1,0,1,0
Q8IYX7,31,0,31,19,12,19
Q8N137,85,8,77,50,41,44
Q8N138,8,0,8,8,0,8
Q8N2A8,14,1,13,9,6,8
Q8N474,14,0,14,13,1,13
Q8N4X5,104,24,80,66,52,52
Q8N9V3,47,0,47,32,15,32
Q8NAJ2,22,0,22,12,10,12
Q8NB42,46,0,46,36,10,36
Q8NHW4,9,0,9,8,1,8
Q8TB68,23,3,20,14,10,13
Q96M78,11,0,11,5,6,5
Q96T54,29,0,29,21,8,21
Q99217,6,0,6,6,0,6
Q9BUP0,19,6,13,11,8,11
Q9BX26,179,9,170,89,97,82
Q9BXP8,142,0,142,99,43,99
Q9BYQ2,15,0,15,15,0,15
Q9H0C8,37,4,33,25,14,23
Q9H1J5,30,0,30,23,7,23
Q9H1P6,4,0,4,3,1,3
Q9H228,31,1,30,16,16,15
Q9H2U2,28,10,18,15,17,11
Q9H981,51,8,43,33,20,31
Q9H9E1,29,4,25,19,12,17
Q9NQW8,46,2,44,24,24,22
Q9NQZ5,30,1,29,16,15,15
Q9NR80,46,4,42,26,24,22
Q9NXW2,27,2,25,17,10,17
Q9NXW9,19,0,19,12,7,12
Q9NYK1,92,1,91,69,22,70
Q9NYN1,24,2,22,11,15,9
Q9UFD9,144,6,138,84,66,78
Q9ULG6,75,6,69,45,32,43
Q9ULJ1,43,1,42,29,15,28
Q9Y4K3,33,2,31,28,7,26
Q9Y530,9,0,9,7,2,7
Q9Y6A9,16,2,14,11,7,9
A0A075B6H7,16,0,16,10,6,10
A0A0G2JNH3,15,0,15,14,1,14
A0A1B0GV85,59,0,59,43,16,43
A0A669KB60,1,0,1,0,1,0
A1A5C7,43,0,43,36,7,36
A6NJI1,8,1,7,1,8,0
A8K010,16,0,16,11,5,11
O00213,71,10,61,46,33,38
O00764,25,7,18,16,12,13
O14556,24,0,24,20,4,20
O14787,51,4,47,38,17,34
O15116,5,1,4,3,3,2
O60271,177,51,126,101,75,102
O60688,7,0,7,5,2,5
O95470,45,4,41,33,16,29
O95954,32,4,28,16,20,12
P0CV99,15,0,15,11,4,11
P0DKB5,10,0,10,5,5,5
P11150,37,1,36,30,8,29
P11182,33,2,31,24,11,22
P15309,29,1,28,19,11,18
P18075,34,0,34,20,14,20
P22460,36,2,34,25,13,23
P24863,12,2,10,4,10,2
P29017,29,0,29,20,9,20
P29353,52,8,44,31,23,29
P35555,176,3,173,143,32,144
P47874,5,0,5,3,2,3
P49588,57,10,47,33,34,23
P49638,15,0,15,11,4,11
P52848,54,2,52,41,15,39
P53804,181,11,170,105,85,96
P58062,9,0,9,8,1,8
P61165,4,0,4,3,1,3
P63244,37,7,30,24,14,23
Q02127,20,0,20,13,7,13
Q02643,32,0,32,26,6,26
Q03403,12,0,12,9,3,9
Q03431,47,7,40,31,21,26
Q12792,25,2,23,19,6,19
Q12888,409,166,243,229,162,247
Q13153,56,19,37,29,28,28
Q13627,83,12,71,59,26,57
Q14679,173,8,165,117,64,109
Q15517,143,0,143,115,28,115
Q15555,39,14,25,22,27,12
Q3SX64,26,5,21,14,17,9
Q3SY46,34,0,34,30,4,30
Q3SYG4,71,0,71,56,15,56
Q3ZCQ2,17,1,16,11,5,12
Q5T036,23,0,23,13,10,13
Q5TFE4,34,1,33,21,14,20
Q5VUR7,58,4,54,41,19,39
Q6NTF7,10,1,9,8,3,7
Q6UW88,6,0,6,5,1,5
Q6UX39,13,0,13,12,1,12
Q6YI46,27,0,27,23,4,23
Q7Z3I7,64,0,64,49,15,49
Q7Z3Z2,18,0,18,5,13,5
Q7Z6J8,44,0,44,40,4,40
Q86TJ2,22,0,22,12,10,12
Q86W92,114,28,86,61,71,43
Q8IYK4,33,0,33,24,9,24
Q8IZD0,73,8,65,31,48,25
Q8N1G0,179,50,129,106,87,92
Q8NGD0,22,0,22,19,3,19
Q8NGX3,20,0,20,15,5,15
Q8NH09,37,0,37,29,8,29
Q8NHZ7,13,0,13,8,5,8
Q8TBH0,33,3,30,21,13,20
Q8TCN5,131,17,114,88,52,79
Q8TDX6,23,0,23,15,8,15
Q8WUB2,34,1,33,17,16,18
Q8WXI9,67,18,49,42,29,38
Q92729,97,5,92,71,31,66
Q92900,89,13,76,60,28,61
Q96C92,55,10,45,32,27,28
Q96CP6,110,26,84,61,63,47
Q96EV8,39,6,33,20,23,16
Q96GX9,17,5,12,12,8,9
Q96KB5,36,14,22,21,11,25
Q96KE9,34,0,34,27,7,27
Q96MC4,47,0,47,14,33,14
Q96N03,15,0,15,8,7,8
Q96NL3,36,0,36,29,7,29
Q96QA5,26,0,26,18,8,18
Q9BX63,148,31,117,94,67,81
Q9H4W6,55,0,55,45,10,45
Q9H596,18,1,17,14,5,13
Q9NRG0,11,0,11,5,6,5
Q9NTX5,26,3,23,17,12,14
Q9NXU5,17,0,17,12,5,12
Q9NY59,62,7,55,38,27,35
Q9UBF6,12,2,10,7,5,7
Q9UBZ9,121,8,113,84,45,76
Q9UMR5,22,0,22,17,5,17
Q9Y2C2,19,0,19,12,7,12
Q9Y2J0,53,4,49,23,34,19
Q9Y678,73,14,59,44,27,46
Q9Y6X2,64,5,59,45,22,42
A0A075B7B6,19,0,19,17,2,17
A0A0B4J1X5,14,0,14,11,3,11
A0A0C4DH73,18,0,18,13,5,13
A0A1B0GVM5,4,0,4,2,2,2
A1E959,20,0,20,15,5,15
A4IF30,48,0,48,38,10,38
A6NFA0,40,0,40,27,13,27
A6NHR8,22,0,22,15,7,15
A6NNM3,137,0,137,77,60,77
O00744,32,1,31,14,17,15
O75129,128,4,124,86,44,84
O75153,94,9,85,68,31,63
O94777,3,0,3,3,0,3
O94900,59,5,54,41,21,38
O95400,33,12,21,19,18,15
O95428,126,1,125,86,41,85
O95886,108,12,96,45,75,33
P0C645,22,0,22,18,4,18
P0C862,14,0,14,7,7,7
P0DSN7,17,0,17,11,6,11
P11802,16,2,14,9,7,9
P12236,19,6,13,11,6,13
P13232,10,0,10,7,3,7
P14324,19,1,18,13,5,14
P14868,29,6,23,16,13,16
P17181,56,6,50,39,17,39
P17542,24,4,20,14,12,12
P22674,29,2,27,20,11,18
P25789,18,6,12,9,5,13
P35368,53,7,46,34,24,29
P40225,30,0,30,18,12,18
P43251,29,1,28,24,6,23
P51854,51,3,48,40,14,37
P53680,2,1,1,1,2,0
P55000,9,0,9,7,2,7
P61244,33,14,19,17,26,7
P61812,33,0,33,21,12,21
P62955,28,2,26,20,10,18
P69905,15,7,8,8,2,13
Q07955,44,20,24,21,43,1
Q08AM6,63,7,56,43,21,42
Q13277,22,3,19,8,17,5
Q14507,11,2,9,5,4,7
Q15345,98,10,88,62,44,54
Q15768,23,3,20,11,13,10
Q32M92,11,0,11,5,6,5
Q49MI3,36,1,35,23,14,22
Q5JTZ5,20,3,17,10,13,7
Q5MNZ6,24,0,24,16,8,16
Q5T9C2,78,22,56,39,51,27
Q5VU97,113,5,108,77,37,76
Q5XUX1,52,8,44,36,22,30
Q66GS9,106,17,89,54,65,41
Q6IE38,7,0,7,7,0,7
Q6P093,20,0,20,13,7,13
Q6UWD8,16,3,13,9,8,8
Q6ZN55,71,10,61,50,23,48
Q7L1Q6,24,4,20,16,8,16
Q86UV6,16,0,16,14,2,14
Q86VW0,45,0,45,29,16,29
Q8N148,23,0,23,21,2,21
Q8N587,41,3,38,32,10,31
Q8N967,25,0,25,17,8,17
Q8NA58,37,0,37,26,11,26
Q8NA72,87,17,70,54,34,53
Q8ND23,134,4,130,85,49,85
Q8NEA9,42,0,42,25,17,25
Q8NI27,159,27,132,95,81,78
Q8TC76,66,18,48,34,48,18
Q8TCC7,40,0,40,30,10,30
Q8TDN1,46,0,46,29,17,29
Q8WXD0,56,5,51,45,10,46
Q92539,122,23,99,70,57,65
Q92832,56,0,56,48,8,48
Q92843,7,0,7,4,3,4
Q96DU7,57,9,48,36,28,29
Q96EN8,91,6,85,61,34,57
Q96HR8,62,3,59,39,24,38
Q96KP1,83,9,74,61,27,56
Q96T49,43,3,40,20,26,17
Q9BYD3,20,3,17,9,12,8
Q9BZC1,32,0,32,25,7,25
Q9C0B1,33,7,26,17,15,18
Q9H3M0,35,0,35,23,12,23
Q9H8U3,30,4,26,19,15,15
Q9NRD1,16,1,15,10,7,9
Q9NS73,27,4,23,14,17,10
Q9NUW8,77,15,62,48,36,41
Q9NW61,10,1,9,3,8,2
Q9NXL9,136,20,116,82,68,68
Q9NZ43,25,5,20,15,13,12
Q9UHQ7,4,1,3,1,4,0
Q9UL58,53,1,52,34,18,35
Q9ULW5,14,1,13,5,10,4
Q9UNX4,83,9,74,55,29,54
Q9Y295,14,1,13,10,5,9
Q9Y5P8,38,2,36,19,21,17
Q9Y6X5,39,4,35,27,12,27
A0A0B4J1Y8,14,0,14,11,3,11
A8MXQ7,16,0,16,3,13,3
C9JRZ8,13,0,13,7,6,7
D3W0D1,17,0,17,16,1,16
O00291,101,9,92,61,45,56
O14735,18,0,18,17,1,17
O14763,32,0,32,18,14,18
O60477,66,0,66,45,21,45
O60760,5,0,5,5,0,5
O75317,22,0,22,18,4,18
O75607,20,7,13,12,11,9
O76070,13,5,8,7,5,8
O95168,3,1,2,2,2,1
O95388,23,0,23,18,5,18
O95831,60,17,43,35,28,32
P00973,24,1,23,12,13,11
P04628,34,1,33,22,11,23
P06865,35,1,34,29,7,28
P08236,39,0,39,30,9,30
P0C6C1,64,0,64,35,29,35
P0DJ07,1,0,1,1,0,1
P0DP24,4,0,4,1,3,1
P17014,53,0,53,44,9,44
P19525,64,12,52,44,18,46
P22894,32,0,32,24,8,24
P33402,56,3,53,27,32,24
P36639,4,0,4,3,1,3
P55085,42,7,35,29,16,26
P55769,10,3,7,6,7,3
P61923,13,2,11,9,2,11
P62750,7,3,4,3,7,0
Q07666,46,18,28,25,21,25
Q10587,26,2,24,17,11,15
Q12756,164,24,140,107,69,95
Q12778,120,24,96,79,49,71
Q13069,3,0,3,1,2,1
Q13099,69,9,60,41,33,36
Q13367,122,14,108,71,57,65
Q13402,136,2,134,92,44,92
Q13620,112,26,86,63,41,71
Q15653,31,11,20,17,15,16
Q15942,66,26,40,39,37,29
Q1KMD3,56,18,38,33,27,29
Q5H943,11,0,11,4,7,4
Q5IJ48,77,1,76,59,19,58
Q5TH69,263,45,218,162,132,131
Q676U5,61,9,52,37,31,30
Q6P996,79,25,54,48,38,41
Q6QNY1,6,0,6,4,2,4
Q6ZMV5,50,0,50,33,17,33
Q6ZRK6,94,2,92,65,29,65
Q6ZSJ9,49,3,46,23,29,20
Q6ZWH5,106,0,106,62,44,62
Q7Z2K6,70,0,70,51,19,51
Q7Z3T8,200,27,173,148,51,149
Q7Z6J6,56,9,47,29,30,26
Q86YL7,15,0,15,13,2,13
Q8IUB3,3,0,3,2,1,2
Q8IVM0,17,2,15,5,12,5
Q8N808,28,0,28,26,2,26
Q8N8Q1,15,0,15,12,3,12
Q8N9H9,66,0,66,34,32,34
Q8NES8,4,0,4,4,0,4
Q8NFZ8,25,3,22,15,13,12
Q8NG81,28,0,28,25,3,25
Q8NGA2,31,0,31,28,3,28
Q8NGH5,24,0,24,22,2,22
Q8WUY8,7,0,7,3,4,3
Q8WV99,28,4,24,18,10,18
Q8WXX7,152,17,135,76,91,61
Q8WY41,23,2,21,13,12,11
Q96JW4,49,2,47,39,8,41
Q96MR6,85,0,85,55,30,55
Q9BT25,60,18,42,35,37,23
Q9BTK6,30,7,23,16,21,9
Q9BU61,10,0,10,6,4,6
Q9BYZ8,18,1,17,13,6,12
Q9H2J1,23,0,23,12,11,12
Q9HAW9,36,0,36,31,5,31
Q9HB21,54,17,37,31,26,28
Q9HC44,84,22,62,44,56,28
Q9NRR3,12,5,7,7,2,10
Q9NSD9,22,2,20,16,4,18
Q9NUM4,22,3,19,17,6,16
Q9NW68,58,14,44,34,34,24
Q9NXZ1,80,6,74,57,25,55
Q9NY61,72,27,45,34,55,17
Q9NYQ7,293,11,282,177,123,170
Q9NYY3,52,3,49,39,16,36
Q9UHH9,29,3,26,19,13,16
Q9UHM6,45,0,45,33,12,33
Q9UKD2,22,7,15,13,12,10
Q9ULC8,99,19,80,50,62,37
Q9Y216,62,0,62,41,21,41
Q9Y2B9,4,0,4,3,1,3
Q9Y4Z0,3,0,3,3,0,3
Q9Y5C1,36,0,36,24,12,24
Q9Y5X4,40,0,40,28,12,28
Q9Y6I4,47,4,43,39,12,35
Q9Y6J8,19,0,19,14,5,14
A0A075B6J2,17,0,17,12,5,12
A0A286YFB4,6,0,6,6,0,6
A2A2Z9,53,1,52,33,19,34
O00110,15,0,15,11,4,11
O15146,72,2,70,53,19,53
O43561,53,22,31,27,34,19
O60921,18,1,17,15,2,16
O75309,58,0,58,41,17,41
O75409,12,0,12,7,5,7
O75506,6,1,5,4,1,5
O95965,34,0,34,25,9,25
P07498,7,0,7,6,1,6
P09471,25,3,22,14,12,13
P0C2Y1,37,0,37,28,9,28
P0C7T2,25,0,25,22,3,22
P0DP02,12,0,12,10,2,10
P13497,80,1,79,51,30,50
P29474,89,11,78,49,51,38
P35414,35,2,33,24,9,26
P36575,27,0,27,19,8,19
P52597,50,15,35,32,29,21
P54840,47,5,42,26,26,21
P55036,31,6,25,20,15,16
P57076,13,3,10,7,9,4
P62861,2,0,2,1,1,1
P63173,5,2,3,2,5,0
Q01804,131,8,123,80,59,72
Q04912,103,3,100,73,33,70
Q07021,25,7,18,13,15,10
Q07687,50,3,47,33,18,32
Q11128,30,0,30,16,14,16
Q13395,129,2,127,105,24,105
Q14117,24,1,23,19,6,18
Q14541,36,3,33,21,18,18
Q15149,392,135,257,209,268,124
Q15293,16,5,11,9,10,6
Q16186,56,10,46,38,18,38
Q16520,14,1,13,8,7,7
Q16549,54,1,53,39,16,38
Q16621,32,2,30,24,10,22
Q16878,11,0,11,10,1,10
Q5TA82,15,0,15,13,2,13
Q5VVB8,7,0,7,7,0,7
Q6NUN9,50,5,45,31,22,28
Q6P158,136,14,122,77,67,69
Q6PH81,18,3,15,6,15,3
Q6PP77,30,0,30,23,7,23
Q6TFL4,42,0,42,28,14,28
Q6UX06,45,0,45,27,18,27
Q6ZT21,36,0,36,26,10,26
Q6ZUA9,120,1,119,83,38,82
Q6ZV29,104,5,99,71,36,68
Q6ZVZ8,22,0,22,11,11,11
Q76EJ3,24,0,24,19,5,19
Q7L2E3,95,11,84,51,53,42
Q86UD3,22,0,22,19,3,19
Q86VX9,61,8,53,33,28,33
Q8IUG1,27,0,27,26,1,26
Q8IVF4,250,8,242,168,84,166
Q8IYX0,33,0,33,30,3,30
Q8N7P3,15,0,15,14,1,14
Q8NBM8,40,0,40,35,5,35
Q8NCL4,38,0,38,25,13,25
Q8NG83,29,0,29,24,5,24
Q8NGF8,24,0,24,20,4,20
Q8TCT8,31,1,30,27,5,26
Q8TE02,31,3,28,24,10,21
Q8WU58,42,1,41,35,8,34
Q8WWZ7,158,13,145,122,39,119
Q8WZ73,39,9,30,24,18,21
Q92551,62,12,50,33,35,27
Q96FF9,51,25,26,26,36,15
Q99525,1,0,1,1,0,1
Q9BQE5,16,2,14,11,5,11
Q9BQJ4,13,0,13,11,2,11
Q9BRR6,43,1,42,32,10,33
Q9BRY0,32,7,25,20,13,19
Q9BTA0,6,0,6,5,1,5
Q9BVJ6,83,28,55,39,60,23
Q9BXR3,50,0,50,31,19,31
Q9BXU1,83,0,83,51,32,51
Q9BYC5,29,1,28,19,11,18
Q9H0K1,90,14,76,56,40,50
Q9H334,66,9,57,46,23,43
Q9H4F8,33,0,33,22,11,22
Q9HBQ8,7,0,7,3,4,3
Q9HCK0,38,0,38,25,13,25
Q9NPF0,29,1,28,24,6,23
Q9NQR1,27,4,23,16,11,16
Q9NSK7,7,2,5,4,3,4
Q9NX07,18,1,17,13,4,14
Q9P219,222,50,172,121,123,99
Q9P2B2,91,1,90,54,38,53
Q9UBV8,23,0,23,18,5,18
Q9UNH6,23,1,22,12,12,11
Q9Y4E1,229,86,143,122,155,74
Q9Y4R8,72,12,60,44,34,38
Q9Y6V0,693,65,628,390,354,339
Q9Y6Y9,15,0,15,12,3,12
W5XKT8,17,0,17,11,6,11
A0A0K0K1G8,8,0,8,6,2,6
A0A494C0B9,8,0,8,8,0,8
A0A7I2V2S6,2,0,2,1,1,1
A0A7P0TAN4,51,0,51,37,14,37
A6NDD5,19,0,19,13,6,13
A8MPP1,60,3,57,48,15,45
A8MZ26,2,0,2,1,1,1
O00124,25,2,23,14,11,14
O14609,13,0,13,11,2,11
O14709,83,6,77,57,30,53
O15229,35,0,35,26,9,26
O15315,37,0,37,27,10,27
O43490,66,1,65,52,13,53
O43567,30,1,29,20,11,19
O43809,4,0,4,2,2,2
O60566,103,17,86,63,47,56
O60882,31,1,30,21,11,20
O95628,79,14,65,59,20,59
O95715,7,0,7,4,3,4
P00738,17,0,17,16,1,16
P05388,25,7,18,15,11,14
P09669,1,0,1,1,0,1
P17029,71,20,51,46,37,34
P22531,1,0,1,0,1,0
P32754,25,6,19,16,7,18
P35227,29,0,29,20,9,20
P39877,4,0,4,3,1,3
P50395,41,15,26,20,16,25
P51511,24,2,22,16,10,14
P55089,8,0,8,3,5,3
P58557,2,0,2,0,2,0
P59533,34,0,34,30,4,30
P61254,13,5,8,6,12,1
Q12809,115,14,101,63,66,49
Q13255,102,2,100,66,36,66
Q15334,102,10,92,68,40,62
Q16473,32,0,32,17,15,17
Q3MIN7,88,15,73,38,61,27
Q52LD8,63,8,55,41,24,39
Q5T751,22,0,22,20,2,20
Q6IE37,108,1,107,82,27,81
Q6P3X8,43,0,43,23,20,23
Q7L0X0,57,0,57,28,29,28
Q7L8L6,64,1,63,46,19,45
Q7LDG7,64,10,54,39,35,29
Q7Z3D4,34,5,29,23,16,18
Q7Z404,52,1,51,37,16,36
Q7Z699,46,0,46,26,20,26
Q7Z6J4,43,0,43,25,18,25
Q86VE9,30,0,30,27,3,27
Q8IUW5,30,8,22,15,21,9
Q8IYB8,56,1,55,38,19,37
Q8N6P7,59,1,58,42,18,41
Q8N7J2,66,4,62,35,31,35
Q8N816,31,0,31,31,0,31
Q8NAP8,51,2,49,28,25,26
Q8NBP7,51,2,49,36,15,36
Q8NCL9,29,0,29,21,8,21
Q8NF37,32,0,32,13,19,13
Q8TCP9,48,2,46,33,17,31
Q8TE77,78,19,59,50,37,41
Q8TF66,46,1,45,32,15,31
Q8WUX2,5,0,5,4,1,4
Q8WWQ2,41,0,41,30,11,30
Q92562,77,2,75,46,33,44
Q96AJ9,15,2,13,7,10,5
Q96AX9,48,7,41,29,26,22
Q96DG6,16,5,11,9,8,8
Q96FS4,114,26,88,62,68,46
Q96FW1,24,4,20,17,5,19
Q96M60,53,2,51,35,20,33
Q96N53,14,0,14,4,10,4
Q96NL1,37,0,37,21,16,21
Q96NR3,74,0,74,57,17,57
Q96P11,34,2,32,23,13,21
Q96S42,28,0,28,20,8,20
Q99941,91,8,83,59,36,55
Q9BPW9,16,0,16,9,7,9
Q9BRP8,19,6,13,10,11,8
Q9BTT6,40,6,34,27,17,23
Q9BUL9,24,9,15,13,14,10
Q9H2Z4,23,0,23,11,12,11
Q9H361,48,9,39,27,26,22
Q9HBB8,66,4,62,46,20,46
Q9NNW5,78,1,77,61,18,60
Q9NVR2,44,7,37,28,21,23
Q9NXG2,25,7,18,13,15,10
Q9NY47,61,0,61,42,19,42
Q9P1Y6,264,56,208,118,182,82
Q9UKD1,47,5,42,32,18,29
Q9UKM9,36,13,23,17,22,14
Q9UL36,185,4,181,151,34,151
Q9UL62,90,3,87,55,36,54
Q9ULL4,121,3,118,77,43,78
Q9UN70,92,12,80,60,42,50
Q9Y2W3,80,0,80,51,29,51
Q9Y3V2,18,0,18,12,6,12
Q9Y547,11,0,11,10,1,10
Q9Y5G9,83,0,83,63,20,63
Q9Y664,34,0,34,19,15,19
A0A1B0GTD5,9,0,9,6,3,6
A0A3B3IT52,10,0,10,6,4,6
A6NFU8,8,0,8,6,2,6
A6NMZ7,176,7,169,99,80,96
A6NNN8,39,1,38,32,8,31
A8MYZ6,38,1,37,22,17,21
B2RV13,8,0,8,5,3,5
O14645,14,0,14,6,8,6
O15294,53,3,50,32,20,33
O43147,89,8,81,59,38,51
O43896,101,17,84,58,52,49
O94941,53,1,52,38,14,39
P00995,3,0,3,3,0,3
P01599,15,0,15,8,7,8
P05089,23,5,18,14,10,13
P05141,16,5,11,10,3,13
P06737,44,11,33,25,18,26
P07814,120,34,86,76,40,80
P0C851,15,0,15,11,4,11
P0DN82,21,0,21,20,1,20
P11509,32,3,29,18,15,17
P11940,53,17,36,31,29,24
P17538,24,0,24,21,3,21
P17947,22,0,22,14,8,14
P18084,66,5,61,50,19,47
P18283,9,1,8,5,5,4
P19320,76,3,73,50,25,51
P19419,56,13,43,32,25,31
P20849,42,0,42,22,20,22
P21266,12,4,8,7,5,7
P23284,12,4,8,7,7,5
P24387,22,0,22,14,8,14
P32246,23,5,18,18,10,13
P35475,41,0,41,24,17,24
P38935,88,12,76,42,52,36
P41235,51,15,36,29,33,18
P42830,7,0,7,6,1,6
P46092,28,1,27,16,13,15
P48506,44,5,39,26,23,21
P53597,20,0,20,12,8,12
P54219,38,0,38,31,7,31
P57052,36,0,36,24,12,24
P62857,6,3,3,3,6,0
Q00341,98,26,72,52,56,42
Q00535,18,5,13,12,3,15
Q00889,35,0,35,29,6,29
Q0P670,57,0,57,31,26,31
Q13873,116,20,96,78,40,76
Q15622,31,0,31,30,1,30
Q16816,21,2,19,12,11,10
Q3C1V0,36,0,36,33,3,33
Q495Y8,31,0,31,12,19,12
Q5JPI3,14,0,14,9,5,9
Q5QJ38,87,4,83,45,44,43
Q6JVE5,11,0,11,8,3,8
Q6NUT2,58,1,57,34,25,33
Q6PJQ5,27,0,27,15,12,15
Q6S8J3,87,8,79,59,36,51
Q6ZMI0,78,7,71,47,34,44
Q6ZRR7,113,2,111,81,34,79
Q7RTT9,37,1,36,30,8,29
Q7Z6K4,4,0,4,3,1,3
Q86T65,67,5,62,45,27,40
Q86TC9,187,37,150,107,89,98
Q86UQ0,32,1,31,20,13,19
Q86YD7,48,4,44,23,27,21
Q8IWY8,82,8,74,48,42,40
Q8IYR0,34,1,33,25,10,24
Q8N2W9,39,1,38,24,16,23
Q8N4S7,16,0,16,12,4,12
Q8N8A8,8,0,8,5,3,5
Q8NGZ9,29,0,29,29,0,29
Q8NHY5,24,1,23,14,11,13
Q8TF40,164,30,134,98,84,80
Q8WU08,19,0,19,13,6,13
Q8WUE5,21,0,21,20,1,20
Q92527,12,2,10,7,7,5
Q92882,13,5,8,8,4,9
Q93015,18,2,16,10,10,8
Q969Z4,29,2,27,16,15,14
Q96AT1,19,9,10,10,14,5
Q96D09,91,10,81,54,45,46
Q96PQ7,63,3,60,45,19,44
Q96QC0,84,23,61,41,52,32
Q9BRJ9,28,0,28,9,19,9
Q9BUN1,48,3,45,28,23,25
Q9BXC9,56,1,55,42,15,41
Q9H3H3,17,2,15,8,11,6
Q9H444,10,3,7,6,7,3
Q9H5V8,93,12,81,65,28,65
Q9HB14,34,1,33,25,10,24
Q9NRJ2,17,0,17,8,9,8
Q9NVE4,74,3,71,44,31,43
Q9NYX4,9,0,9,5,4,5
Q9Y2G0,69,5,64,46,26,43
Q9Y2Q0,82,5,77,59,24,58
Q9Y2Q5,5,0,5,4,1,4
Q9Y2X0,85,2,83,63,22,63
Q9Y6M9,7,2,5,4,5,2
U3KPV4,14,0,14,11,3,11
A0A0B4J265,10,0,10,5,5,5
O00337,54,3,51,40,17,37
O14641,111,20,91,60,61,50
O14730,38,7,31,22,23,15
O14757,48,15,33,31,16,32
O15266,22,3,19,12,13,9
O43309,42,2,40,26,18,24
O43704,14,0,14,11,3,11
O43741,45,17,28,27,17,28
O60641,103,7,96,79,27,76
O60656,32,0,32,28,4,28
O75061,101,12,89,65,42,59
P01718,14,0,14,11,3,11
P01920,13,0,13,6,7,6
P07954,30,4,26,20,8,22
P0DMU9,15,0,15,9,6,9
P10244,79,17,62,54,26,53
P11511,26,0,26,22,4,22
P14406,2,0,2,0,2,0
P17661,51,19,32,27,35,16
P31350,28,6,22,17,13,15
P36873,16,2,14,9,9,7
P37108,8,2,6,2,6,2
P42702,114,8,106,79,41,73
P45844,59,1,58,41,19,40
P51151,14,1,13,11,4,10
P56555,13,0,13,6,7,6
P56817,32,0,32,21,11,21
P59541,23,0,23,17,6,17
Q12800,40,7,33,28,15,25
Q12955,580,100,480,323,305,275
Q13137,32,7,25,18,17,15
Q13324,20,0,20,14,6,14
Q13464,100,20,80,51,53,47
Q13621,77,5,72,61,19,58
Q14184,21,0,21,8,13,8
Q14232,24,4,20,16,12,12
Q14574,65,10,55,39,30,35
Q16559,3,0,3,2,1,2
Q58G82,22,0,22,18,4,18
Q5JNZ5,5,0,5,2,3,2
Q5SGD2,24,1,23,18,7,17
Q6NXS1,23,5,18,13,15,8
Q6PL24,38,9,29,22,21,17
Q6UXU4,23,0,23,15,8,15
Q6WRX3,57,0,57,45,12,45
Q6YHK3,144,3,141,100,47,97
Q6ZS81,303,11,292,220,90,213
Q7KZ85,111,21,90,68,44,67
Q86UD7,16,0,16,5,11,5
Q86UU5,53,0,53,30,23,30
Q86VL8,48,0,48,37,11,37
Q8IUW3,35,6,29,19,22,13
Q8IXF0,111,5,106,68,44,67
Q8IZF5,93,0,93,73,20,73
Q8N0U7,57,5,52,28,32,25
Q8N4M1,50,1,49,40,11,39
Q8N5L8,15,2,13,6,11,4
Q8NA31,68,1,67,56,11,57
Q8NGD4,32,0,32,27,5,27
Q8NHC7,32,0,32,31,1,31
Q8TAA3,18,5,13,11,12,6
Q8TD35,6,0,6,1,5,1
Q8TDF5,47,0,47,28,19,28
Q8WU10,28,0,28,18,10,18
Q8WZA2,52,0,52,37,15,37
Q8WZA9,31,3,28,18,16,15
Q96BF6,47,1,46,26,22,25
Q96BT7,60,3,57,38,23,37
Q96C24,82,21,61,42,45,37
Q96CM3,19,1,18,13,7,12
Q96DY7,99,11,88,61,49,50
Q96DZ1,32,1,31,19,14,18
Q96E40,18,0,18,12,6,12
Q96JK4,43,0,43,21,22,21
Q96PM5,10,2,8,7,1,9
Q96SB8,80,8,72,48,40,40
Q99519,38,1,37,25,14,24
Q9BV81,7,0,7,5,2,5
Q9BVS4,68,23,45,33,38,30
Q9GZP8,21,5,16,16,8,13
Q9H609,13,4,9,9,8,5
Q9H668,29,2,27,20,7,22
Q9NP71,98,15,83,58,49,49
Q9NSA1,14,0,14,11,3,11
Q9NZD8,22,0,22,16,6,16
Q9UBT2,50,11,39,29,26,24
Q9UDY6,23,0,23,14,9,14
Q9UHD1,30,8,22,19,17,13
Q9UI46,52,2,50,31,23,29
Q9UL40,22,1,21,10,13,9
Q9UP79,58,3,55,37,24,34
Q9UQM7,31,6,25,13,18,13
Q9Y258,9,0,9,9,0,9
Q9Y2J4,86,19,67,45,56,30
Q9Y3R5,272,39,233,161,136,136
Q9Y473,59,0,59,50,9,50
Q9Y5Y9,150,3,147,98,53,97
Q9Y617,34,7,27,25,6,28
A6NM66,14,0,14,9,5,9
A8MZ36,9,0,9,5,4,5
O00287,30,7,23,18,17,13
O14497,304,57,247,194,123,181
O14559,152,5,147,80,77,75
O15234,78,21,57,38,53,25
O15259,61,3,58,30,30,31
O43435,22,1,21,12,11,11
O43506,40,0,40,32,8,32
O60229,243,16,227,159,92,151
O60296,122,16,106,75,55,67
O75362,136,33,103,77,70,66
P00813,17,2,15,10,9,8
P05181,29,8,21,18,13,16
P0DI82,7,0,7,4,3,4
P0DMB2,9,0,9,4,5,4
P13349,30,2,28,20,12,18
P27815,106,20,86,58,64,42
P32969,11,2,9,5,8,3
P39019,9,2,7,5,6,3
P43234,33,1,32,24,10,23
P49454,363,88,275,204,179,184
P51665,19,2,17,11,8,11
P53370,20,1,19,16,3,17
P54821,20,0,20,9,11,9
P55056,8,0,8,5,3,5
P62745,10,2,8,4,8,2
P78346,22,3,19,14,9,13
P81534,2,0,2,2,0,2
Q06587,51,18,33,25,30,21
Q13562,32,0,32,25,7,25
Q15464,91,26,65,57,46,45
Q15526,17,0,17,9,8,9
Q15637,45,6,39,30,15,30
Q16586,20,0,20,10,10,10
Q16649,77,8,69,48,31,46
Q16854,21,1,20,9,13,8
Q3SY84,63,9,54,35,37,26
Q495D7,8,0,8,2,6,2
Q5HYW2,215,41,174,124,122,93
Q5JRM2,56,0,56,24,32,24
Q5JST6,51,1,50,38,14,37
Q5JU69,22,0,22,20,2,20
Q5ST30,76,3,73,42,33,43
Q6A163,43,3,40,31,13,30
Q6P2D0,27,0,27,21,6,21
Q7Z353,74,0,74,51,23,51
Q7Z6I5,20,0,20,16,4,16
Q7Z6J0,117,26,91,75,52,65
Q86W56,101,24,77,55,56,45
Q86Y79,10,0,10,4,6,4
Q8IWL2,11,0,11,9,2,9
Q8IYN6,15,0,15,8,7,8
Q8N5D6,21,0,21,12,9,12
Q8NAM6,45,0,45,35,10,35
Q8NB37,26,4,22,20,8,18
Q8NBD8,5,0,5,5,0,5
Q8TAM1,62,1,61,52,9,53
Q8TC41,40,0,40,22,18,22
Q8TDX9,303,2,301,207,98,205
Q8WUJ0,16,5,11,11,10,6
Q8WXF3,11,0,11,7,4,7
Q92581,52,4,48,38,16,36
Q92614,244,72,172,127,143,101
Q92629,16,2,14,6,10,6
Q969Q5,13,0,13,8,5,8
Q969T3,28,3,25,15,16,12
Q96A04,10,0,10,4,6,4
Q96E14,9,2,7,4,7,2
Q96ES6,20,1,19,16,3,17
Q96HU1,56,5,51,35,24,32
Q96L15,19,0,19,9,10,9
Q96MC6,45,2,43,31,14,31
Q99661,86,25,61,47,46,40
Q99933,29,5,24,13,21,8
Q9BQP9,16,0,16,13,3,13
Q9BTD8,21,2,19,8,15,6
Q9BZ11,48,2,46,35,15,33
Q9BZD6,16,4,12,9,11,5
Q9H0L4,45,10,35,25,18,27
Q9H0R6,43,0,43,35,8,35
Q9H239,26,0,26,19,7,19
Q9H3U1,73,12,61,47,26,47
Q9H4I3,27,1,26,18,10,17
Q9H9S3,30,0,30,20,10,20
Q9NPG8,16,1,15,14,1,15
Q9NRC8,27,0,27,12,15,12
Q9NX04,13,0,13,10,3,10
Q9NZ53,69,10,59,43,30,39
Q9P0N5,7,0,7,3,4,3
Q9UBM1,13,0,13,9,4,9
Q9UFN0,13,0,13,10,3,10
Q9UHC6,129,2,127,98,31,98
Q9UHJ3,68,5,63,40,29,39
Q9UHR6,21,4,17,12,11,10
Q9ULH1,128,29,99,77,56,72
Q9ULI2,27,0,27,21,6,21
Q9ULM6,47,1,46,31,17,30
Q9Y262,43,8,35,27,16,27
Q9Y4B5,253,79,174,140,176,77
A1L170,45,12,33,22,35,10
A6NKD9,47,8,39,22,31,16
A6NN90,53,0,53,29,24,29
O00559,18,5,13,12,5,13
O14640,91,5,86,55,37,54
O43615,33,3,30,16,20,13
O43760,16,1,15,13,4,12
O60260,34,6,28,23,9,25
O60292,246,59,187,147,132,114
O60826,45,6,39,22,25,20
O60894,5,1,4,3,3,2
O75431,12,1,11,7,4,8
O76095,10,0,10,9,1,9
O95153,174,6,168,81,97,77
O95395,27,0,27,19,8,19
O95571,18,3,15,12,9,9
O95900,16,1,15,11,6,10
P04070,35,1,34,26,10,25
P07288,21,0,21,15,6,15
P09958,62,2,60,51,13,49
P0DMQ5,10,0,10,7,3,7
P10074,48,5,43,36,17,31
P13639,63,19,44,39,27,36
P19526,17,0,17,15,2,15
P30050,13,5,8,6,8,5
P35716,68,9,59,36,41,27
P41968,21,0,21,18,3,18
P46527,22,7,15,13,12,10
P55087,20,3,17,14,7,13
P55197,184,29,155,127,82,102
P59025,22,1,21,13,10,12
P62495,31,5,26,23,11,20
P78563,88,14,74,57,35,53
Q01740,39,1,38,26,12,27
Q13085,195,39,156,117,85,110
Q13303,32,5,27,18,17,15
Q14330,18,0,18,11,7,11
Q14558,22,2,20,13,11,11
Q16134,29,2,27,16,13,16
Q5T6L9,54,0,54,35,19,35
Q5U651,89,19,70,47,61,28
Q5VWZ2,20,1,19,15,6,14
Q695T7,51,0,51,44,7,44
Q6B9Z1,8,0,8,6,2,6
Q6GPH6,35,1,34,25,11,24
Q6H8Q1,86,19,67,45,52,34
Q6L8H2,57,0,57,56,1,56
Q6P988,36,0,36,26,10,26
Q6UWF7,45,2,43,34,11,34
Q6ZMZ0,74,0,74,48,26,48
Q7Z7F0,51,4,47,30,21,30
Q7Z7N9,26,2,24,23,5,21
Q86U17,30,0,30,23,7,23
Q86VZ6,30,3,27,17,12,18
Q86WK6,45,2,43,38,9,36
Q86XK3,39,7,32,25,17,22
Q8IYD8,248,21,227,154,109,139
Q8IYW4,86,2,84,58,28,58
Q8N1L1,19,0,19,12,7,12
Q8N5Y8,33,1,32,23,11,22
Q8NA54,52,0,52,35,17,35
Q8NAT2,103,1,102,63,41,62
Q8NBC4,11,0,11,7,4,7
Q8NBI3,19,0,19,9,10,9
Q8NC56,40,9,31,25,22,18
Q8NEB9,76,13,63,47,36,40
Q8NGQ6,20,0,20,17,3,17
Q8TBC5,44,3,41,27,18,26
Q8TCZ2,16,1,15,9,6,10
Q8TD94,37,0,37,26,11,26
Q8WVH0,8,0,8,3,5,3
Q8WXD9,145,28,117,71,98,47
Q92698,71,7,64,41,33,38
Q96AC1,64,18,46,36,30,34
Q96DT6,45,8,37,31,20,25
Q96DY2,25,1,24,10,16,9
Q96NU0,118,0,118,89,29,89
Q96Q11,23,4,19,13,14,9
Q96S55,73,16,57,44,41,32
Q9BQS2,31,1,30,22,8,23
Q9BSH5,11,0,11,6,5,6
Q9BUU2,29,3,26,18,14,15
Q9BYQ7,17,0,17,17,0,17
Q9BYW1,29,0,29,22,7,22
Q9BZI7,34,9,25,14,23,11
Q9C0F1,44,10,34,25,15,29
Q9H173,22,1,21,12,11,11
Q9H257,42,12,30,18,34,8
Q9H511,51,0,51,39,12,39
Q9HCU0,50,1,49,30,21,29
Q9NPH6,5,0,5,1,4,1
Q9NQ40,40,0,40,35,5,35
Q9UBS5,76,3,73,51,26,50
Q9UHR5,34,11,23,18,21,13
Q9UKR8,21,0,21,17,4,17
Q9UP52,64,2,62,41,25,39
Q9Y289,57,3,54,46,12,45
Q9Y2H1,25,3,22,17,9,16
Q9Y3A2,5,1,4,1,5,0
A0A087WV53,12,0,12,7,5,7
A4D1E9,24,3,21,17,10,14
A6NC98,102,15,87,46,69,33
A6NI47,41,0,41,33,8,33
B1AK76,7,0,7,5,2,5
D6RJB6,39,0,39,34,5,34
E9PGG2,28,3,25,20,9,19
O00341,35,0,35,33,2,33
O14511,114,0,114,52,62,52
O14581,30,0,30,28,2,28
O14782,63,7,56,37,23,40
O15211,106,19,87,61,48,58
O75676,66,16,50,34,42,24
O75925,99,20,79,68,35,64
O95376,30,3,27,23,8,22
P04180,22,1,21,15,6,16
P05013,17,0,17,11,6,11
P05451,19,0,19,15,4,15
P0DTE1,15,0,15,13,2,13
P13500,5,0,5,2,3,2
P21128,32,0,32,23,9,23
P26373,18,8,10,8,18,0
P31512,36,1,35,25,12,24
P32745,33,2,31,20,15,18
P37802,13,6,7,7,8,5
P46098,36,2,34,21,17,19
P48163,26,1,25,19,8,18
P49796,132,25,107,75,72,60
P57078,73,9,64,39,41,32
P61296,16,1,15,10,7,9
P63316,5,0,5,3,2,3
P80098,5,0,5,2,3,2
P80217,16,2,14,10,8,8
Q00613,95,26,69,61,48,47
Q01081,25,11,14,13,21,4
Q06124,47,14,33,25,26,21
Q12774,226,42,184,127,133,93
Q14512,18,1,17,12,5,13
Q14940,79,9,70,49,37,42
Q15059,83,16,67,36,53,30
Q15545,34,12,22,18,24,10
Q1HG44,22,0,22,17,5,17
Q5HYJ1,26,1,25,22,5,21
Q5SW24,81,1,80,37,45,36
Q5T753,22,0,22,21,1,21
Q5T890,154,0,154,86,68,86
Q5TCQ9,137,16,121,68,85,52
Q5VYV0,34,0,34,28,6,28
Q68CP9,202,15,187,152,55,147
Q69YG0,15,0,15,12,3,12
Q6DN72,40,0,40,26,14,26
Q6DT37,127,16,111,69,70,57
Q6IWH7,57,2,55,38,21,36
Q6P1J6,104,2,102,66,40,64
Q6P4H8,13,0,13,10,3,10
Q6P9F5,15,0,15,11,4,11
Q6PEX3,33,0,33,28,5,28
Q6PJI9,111,22,89,72,49,62
Q6PK18,25,0,25,15,10,15
Q6UX71,42,4,38,29,15,27
Q70J99,76,4,72,44,34,42
Q7RTV5,15,0,15,10,5,10
Q7Z6I6,131,25,106,62,88,43
Q7Z6L0,28,0,28,10,18,10
Q86SG5,5,0,5,4,1,4
Q86T26,35,0,35,29,6,29
Q8IY33,122,30,92,65,73,49
Q8N1G4,43,8,35,29,20,23
Q8N3F0,8,0,8,8,0,8
Q8N5C6,87,14,73,53,34,53
Q8N6N7,3,0,3,1,2,1
Q8N6S4,39,1,38,26,14,25
Q8NAB2,56,0,56,46,10,46
Q8TF17,116,1,115,79,38,78
Q8WXH6,24,0,24,13,11,13
Q96A47,37,5,32,26,16,21
Q96EV2,101,21,80,60,48,53
Q96KR4,49,0,49,35,14,35
Q96KT7,26,0,26,24,2,24
Q96LI9,20,0,20,13,7,13
Q96PV0,168,25,143,79,100,68
Q96RS6,45,4,41,35,10,35
Q99550,127,0,127,69,58,69
Q99929,23,4,19,7,20,3
Q9BUW7,3,0,3,3,0,3
Q9BYF1,53,5,48,32,20,33
Q9H0Q0,19,1,18,12,8,11
Q9H2F5,99,10,89,69,36,63
Q9NPD7,9,0,9,7,2,7
Q9NSJ1,27,0,27,23,4,23
Q9NUP7,22,1,21,7,16,6
Q9NWS1,51,3,48,31,21,30
Q9NWS6,20,1,19,11,10,10
Q9NZQ9,18,1,17,11,8,10
Q9UK55,27,3,24,17,13,14
Q9UM73,149,11,138,93,55,94
Q9Y2N7,71,3,68,38,36,35
Q9Y305,44,7,37,25,26,18
Q9Y3E1,25,9,16,10,22,3
A0A1W2PQJ5,10,0,10,7,3,7
A0A2R8Y4L2,23,0,23,5,18,5
A6NLI5,41,0,41,33,8,33
K7EIQ3,5,0,5,3,2,3
O00295,38,0,38,18,20,18
O43736,14,0,14,13,1,13
O43812,8,0,8,2,6,2
O60294,54,2,52,42,12,42
O75155,88,4,84,64,24,64
O75251,16,1,15,8,9,7
O75312,26,3,23,19,10,16
O76024,71,8,63,47,28,43
O95990,3,0,3,1,2,1
P01732,18,1,17,13,6,12
P04181,22,1,21,15,8,14
P05062,29,9,20,17,9,20
P08183,99,12,87,65,40,59
P08237,55,13,42,37,17,38
P0C617,28,1,27,25,2,26
P0CJ78,95,6,89,67,24,71
P0DJI8,10,0,10,7,3,7
P23942,29,0,29,17,12,17
P28065,15,1,14,9,7,8
P31314,18,0,18,14,4,14
P31997,33,0,33,27,6,27
P43627,36,0,36,27,9,27
P49756,58,15,43,29,40,18
P51124,21,0,21,10,11,10
P51589,23,0,23,18,5,18
P60606,5,1,4,2,2,3
Q0PNE2,19,2,17,16,5,14
Q0ZGT2,50,17,33,27,28,22
Q14790,44,9,35,25,24,20
Q16778,21,10,11,10,21,0
Q1X8D7,90,2,88,60,32,58
Q3C1V8,18,0,18,6,12,6
Q5RHP9,118,7,111,45,78,40
Q5TGP6,51,0,51,38,13,38
Q6AI14,68,0,68,42,26,42
Q6L8H1,62,0,62,43,19,43
Q6NUI2,61,2,59,37,26,35
Q6R327,230,62,168,136,104,126
Q6TDU7,45,0,45,31,14,31
Q6ZN28,79,16,63,51,34,45
Q6ZU64,162,3,159,110,53,109
Q7RTS9,65,3,62,48,16,49
Q7Z5Q5,77,0,77,53,24,53
Q86UE4,116,46,70,63,55,61
Q8IVJ1,42,3,39,33,8,34
Q8IVW6,60,8,52,33,35,25
Q8N2H3,33,0,33,21,12,21
Q8N4S0,70,16,54,28,52,18
Q8N7C7,20,0,20,15,5,15
Q8N9Y4,32,4,28,16,16,16
Q8NDW4,39,1,38,31,7,32
Q8NGF7,25,0,25,22,3,22
Q8TCG1,75,3,72,52,22,53
Q8TDS4,23,0,23,19,4,19
Q8TE68,83,20,63,43,52,31
Q8TEP8,374,74,300,241,169,205
Q8WYP5,339,94,245,211,148,191
Q93009,66,8,58,42,26,40
Q96A98,4,0,4,2,2,2
Q96CU9,34,1,33,20,15,19
Q96FV3,7,0,7,7,0,7
Q96N77,39,2,37,31,10,29
Q96QV1,46,0,46,30,16,30
Q96SJ8,8,0,8,5,3,5
Q99259,33,1,32,18,14,19
Q99633,11,1,10,6,4,7
Q99986,24,3,21,13,12,12
Q9BQE9,42,13,29,24,11,31
Q9BUH8,86,21,65,46,51,35
Q9BWK5,18,0,18,6,12,6
Q9BXU2,17,0,17,13,4,13
Q9GZN6,69,1,68,58,12,57
Q9H2M3,16,1,15,11,6,10
Q9H2X3,31,0,31,27,4,27
Q9H488,33,4,29,18,15,18
Q9H4I2,101,11,90,68,34,67
Q9HBI1,20,3,17,11,12,8
Q9HBJ7,84,2,82,58,26,58
Q9HBL6,24,1,23,21,4,20
Q9HCC8,27,0,27,23,4,23
Q9HCH0,164,28,136,83,103,61
Q9NSN8,42,1,41,29,12,30
Q9NVA2,31,8,23,21,16,15
Q9NWW5,23,4,19,15,10,13
Q9NX62,22,1,21,11,12,10
Q9NYS7,43,0,43,27,16,27
Q9UGN4,29,3,26,20,12,17
Q9UKJ5,12,0,12,5,7,5
Q9UL68,125,5,120,64,62,63
Q9ULU8,111,9,102,78,38,73
Q9Y219,77,2,75,63,16,61
Q9Y272,27,4,23,16,15,12
Q9Y2I2,33,0,33,24,9,24
Q9Y619,22,0,22,16,6,16
Q9Y651,20,0,20,15,5,15
A0A1B0GTH9,4,0,4,4,0,4
A0A1B0GVM6,3,0,3,2,1,2
A0A804HLA8,5,0,5,4,1,4
A2A3K4,58,3,55,31,30,28
A2RUB6,94,7,87,57,44,50
A6NF34,47,0,47,27,20,27
O00187,51,0,51,37,14,37
O43609,41,5,36,30,16,25
O43660,45,6,39,26,25,20
O43663,70,25,45,38,31,39
O43759,18,0,18,16,2,16
O43900,71,13,58,41,37,34
O43920,1,0,1,0,1,0
O60268,38,4,34,18,22,16
O75386,34,2,32,19,17,17
O94856,100,4,96,56,46,54
O95299,24,1,23,17,6,18
O95340,31,3,28,21,11,20
O95760,24,0,24,16,8,16
P01024,118,13,105,85,40,78
P01597,18,0,18,13,5,13
P02765,29,7,22,18,12,17
P08253,29,2,27,22,7,22
P0C7W0,8,0,8,3,5,3
P10275,95,14,81,73,28,67
P11712,35,4,31,22,15,20
P17027,56,4,52,45,11,45
P20248,27,3,24,17,11,16
P21912,15,1,14,10,6,9
P22079,55,4,51,38,19,36
P24941,15,1,14,10,4,11
P27658,11,2,9,6,3,8
P27987,133,31,102,65,93,40
P28799,44,1,43,37,8,36
P47914,10,4,6,4,10,0
P54278,99,17,82,61,49,50
P56706,17,1,16,10,8,9
P61224,10,2,8,8,4,6
P78504,86,1,85,69,18,68
P78549,26,8,18,14,16,10
P80370,23,1,22,18,6,17
Q05048,38,0,38,27,11,27
Q07002,50,13,37,28,31,19
Q13177,52,20,32,28,26,26
Q13308,77,4,73,47,34,43
Q13490,73,12,61,51,22,51
Q13555,54,17,37,24,29,25
Q14257,14,1,13,8,7,7
Q14451,60,12,48,33,33,27
Q2M2E5,8,1,7,6,1,7
Q5TGY3,220,46,174,134,116,104
Q66K41,39,0,39,23,16,23
Q6IN85,81,23,58,48,46,35
Q6P1K8,31,1,30,23,7,24
Q6PI77,40,0,40,29,11,29
Q7L4I2,85,25,60,30,78,7
Q7L5N7,35,4,31,24,15,20
Q7RTY7,108,0,108,69,39,69
Q7Z418,22,0,22,17,5,17
Q7Z5A4,19,0,19,13,6,13
Q86UP2,124,29,95,69,60,64
Q86UW6,213,20,193,148,75,138
Q86Y25,38,0,38,32,6,32
Q86YD3,29,2,27,20,11,18
Q8IXT1,139,10,129,106,35,104
Q8IZP9,110,2,108,85,25,85
Q8N609,27,0,27,21,6,21
Q8N8Z6,81,11,70,51,35,46
Q8NAV1,48,19,29,22,43,5
Q8NB12,21,0,21,17,4,17
Q8NCC5,54,0,54,45,9,45
Q8NEP9,53,1,52,41,13,40
Q8NF67,14,0,14,11,3,11
Q8NH79,19,0,19,18,1,18
Q8NHC5,30,0,30,29,1,29
Q8NI29,13,0,13,10,3,10
Q8TB22,60,0,60,35,25,35
Q8WVT3,69,10,59,45,26,43
Q8WX77,16,0,16,13,3,13
Q96HJ3,36,5,31,19,18,18
Q96HR3,4,0,4,2,2,2
Q96MU6,55,1,54,48,8,47
Q96NM4,75,2,73,54,23,52
Q96TA2,59,2,57,39,20,39
Q99685,20,0,20,15,5,15
Q9BXJ7,31,1,30,16,16,15
Q9H0F5,47,4,43,28,23,24
Q9H6I2,24,0,24,17,7,17
Q9H714,83,6,77,61,26,57
Q9HC96,43,0,43,25,18,25
Q9NTN9,71,4,67,44,31,40
Q9NXN4,42,6,36,27,13,29
Q9NYL5,23,0,23,16,7,16
Q9NZU1,43,1,42,29,15,28
Q9UEW3,32,0,32,13,19,13
Q9UGK3,24,1,23,18,7,17
Q9UGM6,30,3,27,17,14,16
Q9Y2I1,127,8,119,89,42,85
Q9Y3E0,2,0,2,1,1,1
Q9Y586,26,1,25,18,9,17
A0A075B6R9,16,0,16,11,5,11
A0A1B0GTI1,24,0,24,8,16,8
A0A1B0GX78,3,0,3,1,2,1
A0A578,11,0,11,4,7,4
A6NJQ4,44,0,44,22,22,22
B7Z6K7,93,3,90,74,20,73
B9EJG8,18,1,17,15,4,14
C9J2P7,42,0,42,36,6,36
C9J3V5,11,0,11,8,3,8
C9JG80,105,0,105,66,39,66
O15126,25,4,21,17,6,19
O43395,49,14,35,22,33,16
O43824,30,2,28,19,13,17
O95059,9,0,9,6,3,6
O95544,47,7,40,31,23,24
O95834,57,4,53,45,16,41
O95841,29,1,28,17,11,18
P01111,11,1,10,7,5,6
P05787,109,54,55,55,58,51
P0CL85,6,0,6,5,1,5
P10147,9,0,9,8,1,8
P15514,27,0,27,16,11,16
P20591,44,5,39,28,15,29
P24588,56,12,44,32,28,28
P26718,24,2,22,19,7,17
P27216,18,1,17,8,11,7
P27482,7,2,5,3,4,3
P27708,164,21,143,103,62,102
P42229,53,8,45,35,24,29
P43034,41,5,36,27,17,24
P54753,89,6,83,58,25,64
Q00872,67,9,58,34,34,33
Q02108,59,6,53,34,25,34
Q08AE8,98,22,76,48,70,28
Q0VAA2,35,1,34,23,13,22
Q13232,9,3,6,5,5,4
Q13393,87,14,73,53,42,45
Q14106,49,8,41,36,17,32
Q15078,35,1,34,24,10,25
Q15772,370,59,311,174,251,119
Q15785,38,12,26,21,17,21
Q15797,52,10,42,39,17,35
Q2M3G0,90,0,90,63,27,63
Q2PZI1,41,0,41,32,9,32
Q2TBA0,38,2,36,28,10,28
Q3SXY7,88,0,88,65,23,65
Q59GN2,1,0,1,0,1,0
Q5JTZ9,63,6,57,28,37,26
Q5JUW0,13,0,13,8,5,8
Q6DKI2,29,0,29,23,6,23
Q6QHK4,21,0,21,9,12,9
Q6UWN0,26,0,26,25,1,25
Q6ZMV7,7,0,7,2,5,2
Q6ZNR0,14,0,14,7,7,7
Q7Z4B0,10,0,10,8,2,8
Q7Z7H5,9,0,9,6,3,6
Q86SF2,39,2,37,28,11,28
Q86SG2,8,0,8,3,5,3
Q86UN3,36,0,36,23,13,23
Q86V71,49,0,49,41,8,41
Q86XS8,24,1,23,15,10,14
Q8IUB2,8,0,8,5,3,5
Q8IUF1,21,1,20,19,3,18
Q8IZY2,152,6,146,92,64,88
Q8N434,40,0,40,34,6,34
Q8N6D5,13,1,12,8,4,9
Q8N7M0,19,0,19,10,9,10
Q8NB91,80,3,77,64,15,65
Q8NCE2,95,19,76,51,49,46
Q8NEQ5,18,3,15,11,4,14
Q8NFT6,68,0,68,36,32,36
Q8NGM8,21,0,21,20,1,20
Q8NH07,26,0,26,24,2,24
Q8NH74,25,0,25,23,2,23
Q8TD10,25,1,24,16,10,15
Q8WVS4,110,9,101,59,60,50
Q96B42,8,0,8,7,1,7
Q96I82,15,0,15,11,4,11
Q96MH7,68,0,68,42,26,42
Q96P09,11,1,10,7,3,8
Q9BTN0,41,1,40,26,14,27
Q9C0A6,241,43,198,138,124,117
Q9GZM8,42,11,31,22,29,13
Q9H2S5,25,0,25,8,17,8
Q9H6A0,32,1,31,24,9,23
Q9H8N7,70,11,59,46,31,39
Q9NYW4,28,0,28,24,4,24
Q9P032,15,3,12,9,7,8
Q9P0J6,5,0,5,2,3,2
Q9P217,91,1,90,60,32,59
Q9P242,124,31,93,64,77,47
Q9UBJ2,50,3,47,31,20,30
Q9UI47,68,6,62,47,21,47
Q9UJX3,54,9,45,32,21,33
Q9UKI3,9,0,9,3,6,3
Q9Y226,30,0,30,18,12,18
Q9Y5F8,90,4,86,59,33,57
Q9Y5X5,39,1,38,25,15,24
Q9Y615,29,2,27,20,9,20
A0A075B6U6,13,0,13,11,2,11
A0A0G2JPN4,4,0,4,3,1,3
A0A1B0GX31,8,0,8,5,3,5
A0A494C0I6,3,0,3,2,1,2
A6NHC0,46,0,46,31,15,31
A6NKU9,32,0,32,7,25,7
A8MW99,47,0,47,35,12,35
A8MYU2,117,1,116,83,35,82
B5MCY1,164,0,164,121,43,121
G5E9R7,40,0,40,28,12,28
O00327,70,6,64,41,35,35
O14494,24,1,23,18,7,17
O14977,33,0,33,28,5,28
O15355,52,12,40,31,23,29
O60383,51,1,50,37,15,36
O60397,4,0,4,3,1,3
O75689,18,1,17,14,5,13
O95232,58,12,46,18,50,8
O95237,16,0,16,12,4,12
P05165,57,4,53,38,19,38
P06744,48,19,29,31,20,28
P0C8F1,6,0,6,5,1,5
P0DSN6,27,0,27,22,5,22
P13805,11,1,10,6,6,5
P13984,17,2,15,11,8,9
P15311,32,14,18,16,18,14
P35244,5,1,4,4,2,3
P41143,26,1,25,16,11,15
P41217,21,0,21,19,2,19
P41222,19,1,18,13,7,12
P42892,64,6,58,37,29,35
P48594,27,2,25,20,9,18
P49286,22,0,22,15,7,15
P49903,13,2,11,10,3,10
P59537,24,0,24,20,4,20
P60604,11,0,11,7,4,7
Q01085,36,10,26,24,20,16
Q13111,108,35,73,62,61,47
Q13291,27,1,26,20,6,21
Q13398,69,2,67,57,10,59
Q14112,102,4,98,75,27,75
Q14416,66,2,64,50,18,48
Q14449,52,5,47,36,21,31
Q14CX5,41,1,40,36,4,37
Q15007,61,17,44,36,28,33
Q15428,24,4,20,12,14,10
Q17RF5,3,0,3,2,1,2
Q17RY6,6,0,6,5,1,5
Q2PPJ7,192,32,160,119,95,97
Q53RE8,16,3,13,11,6,10
Q5H913,23,0,23,16,7,16
Q5TF58,30,1,29,14,17,13
Q6P3R8,45,0,45,22,23,22
Q6PKX4,30,3,27,15,18,12
Q6RVD6,9,0,9,5,4,5
Q6TDP4,57,0,57,41,16,41
Q86UK7,79,9,70,48,38,41
Q86XP3,94,17,77,51,48,46
Q86YC3,61,0,61,48,13,48
Q8IYJ0,22,0,22,13,9,13
Q8N427,34,0,34,26,8,26
Q8N695,46,1,45,36,11,35
Q8N7G0,21,1,20,8,14,7
Q8NDA2,372,0,372,247,125,247
Q8NGT0,27,0,27,27,0,27
Q8TAP8,23,6,17,12,13,10
Q8TCJ0,25,0,25,21,4,21
Q8WUQ7,76,20,56,30,62,14
Q8WUU4,42,5,37,23,24,18
Q92785,44,13,31,25,24,20
Q969G6,9,0,9,6,3,6
Q96DR4,12,0,12,9,3,9
Q96GC9,24,0,24,21,3,21
Q96GX5,128,35,93,79,40,88
Q96HF1,14,0,14,13,1,13
Q96QB1,217,38,179,122,115,102
Q96SU4,88,18,70,55,29,59
Q9BQ15,21,2,19,16,5,16
Q9BQF6,150,15,135,109,48,102
Q9BR26,35,0,35,25,10,25
Q9BX73,12,0,12,8,4,8
Q9BYG4,24,0,24,11,13,11
Q9H0F7,15,1,14,14,2,13
Q9H9K5,52,0,52,43,9,43
Q9HBH5,21,1,20,17,5,16
Q9NZR2,318,1,317,262,57,261
Q9UBX0,17,1,16,9,9,8
Q9UDY2,182,75,107,94,133,49
Q9UGC7,20,1,19,8,11,9
Q9UIF9,220,29,191,140,99,121
Q9UKP5,91,0,91,67,24,67
Q9UMX3,11,0,11,6,5,6
Q9UQE7,95,23,72,43,69,26
Q9UQR0,100,23,77,62,47,53
Q9Y3C4,14,3,11,8,7,7
Q9Y3L3,88,21,67,48,53,35
Q9Y4B4,153,22,131,95,72,81
Q9Y5F7,95,2,93,60,35,60
Q9Y6Q2,83,2,81,52,29,54
A0A1W2PR80,53,0,53,27,26,27
A2CJ06,52,0,52,34,18,34
A6NGH8,25,0,25,19,6,19
O43583,9,3,6,6,4,5
O43707,69,25,44,37,29,40
O60281,274,11,263,209,68,206
O60941,60,11,49,40,25,35
O95050,14,0,14,7,7,7
O95263,78,7,71,43,42,36
O95294,50,1,49,26,25,25
P01009,29,7,22,20,12,17
P01780,12,0,12,12,0,12
P02686,51,20,31,27,34,17
P07919,6,2,4,4,4,2
P0CB48,33,1,32,14,18,15
P0DPK3,11,0,11,11,0,11
P14902,26,0,26,18,8,18
P15531,11,5,6,6,6,5
P17752,32,1,31,19,14,18
P19075,16,0,16,15,1,15
P20962,4,2,2,2,4,0
P24844,9,4,5,5,4,5
P28068,18,0,18,12,6,12
P30740,32,5,27,21,12,20
P33552,4,1,3,1,4,0
P40126,28,0,28,20,8,20
P40189,99,14,85,67,38,61
P40306,16,2,14,10,8,8
P42081,31,0,31,21,10,21
P46934,152,9,143,107,48,104
P48060,20,0,20,18,2,18
P49459,14,2,12,10,6,8
P55072,71,33,38,37,37,34
P55822,13,0,13,7,6,7
P83859,8,0,8,3,5,3
Q13474,93,1,92,67,25,68
Q13516,45,1,44,26,20,25
Q14123,71,4,67,33,42,29
Q14166,36,8,28,23,15,21
Q14CB8,43,8,35,23,26,17
Q15726,13,0,13,9,4,9
Q16363,161,2,159,102,59,102
Q5JRK9,10,4,6,6,6,4
Q5TEU4,21,2,19,10,13,8
Q5TZ20,20,0,20,18,2,18
Q5VVH5,22,0,22,11,11,11
Q5VVX9,19,0,19,14,5,14
Q5VWI1,44,1,43,25,20,24
Q5VXT5,20,0,20,15,5,15
Q658T7,39,0,39,19,20,19
Q6P2D8,61,2,59,38,23,38
Q6UE05,20,0,20,18,2,18
Q6ZMN7,88,6,82,55,35,53
Q6ZMY6,51,1,50,34,18,33
Q7Z3S7,81,0,81,57,24,57
Q7Z7G0,102,8,94,58,50,52
Q86X45,28,0,28,21,7,21
Q8IUB9,8,0,8,7,1,7
Q8IY63,120,32,88,66,62,58
Q8IZC6,108,3,105,61,48,60
Q8N535,8,0,8,4,4,4
Q8N7A1,22,1,21,17,6,16
Q8NA42,36,0,36,33,3,33
Q8NCS7,31,0,31,24,7,24
Q8NCU4,53,4,49,27,30,23
Q8NE31,59,3,56,33,29,30
Q8NGM1,22,0,22,17,5,17
Q8NH00,27,0,27,26,1,26
Q8WXQ8,39,0,39,27,12,27
Q8WZ26,10,0,10,6,4,6
Q92890,28,9,19,15,20,8
Q969R8,27,2,25,19,8,19
Q96AM1,21,0,21,18,3,18
Q96FT7,38,2,36,20,16,22
Q96NN9,38,4,34,19,21,17
Q96PD4,14,0,14,8,6,8
Q96Q27,41,0,41,31,10,31
Q96ST3,111,20,91,73,48,63
Q9BQI7,74,5,69,45,32,42
Q9BT40,44,0,44,38,6,38
Q9BTV5,36,4,32,24,16,20
Q9BUE0,12,1,11,8,5,7
Q9BYE2,68,0,68,28,40,28
Q9C0B6,62,0,62,45,17,45
Q9H079,32,5,27,18,17,15
Q9H773,15,6,9,6,13,2
Q9NPA1,16,0,16,10,6,10
Q9NPB9,20,1,19,16,5,15
Q9NQ55,38,9,29,19,24,14
Q9NYP8,20,0,20,16,4,16
Q9NZJ5,126,18,108,71,59,67
Q9NZM3,159,18,141,115,44,115
Q9UKP3,26,0,26,22,4,22
Q9UKR0,20,0,20,15,5,15
Q9UPU9,94,16,78,55,47,47
Q9Y215,26,0,26,14,12,14
Q9Y2Z0,37,9,28,22,18,19
Q9Y5G0,88,2,86,61,29,59
A0A075B6J6,11,0,11,9,2,9
A0A0C4DH26,13,0,13,9,4,9
A0A1B0GVG4,12,0,12,2,10,2
A0A8V8TII8,2,0,2,1,1,1
A6NDI0,31,0,31,21,10,21
A6NMN3,30,0,30,16,14,16
A6PVS8,35,2,33,19,16,19
A8MT33,12,0,12,5,7,5
O14649,33,2,31,23,12,21
O15068,110,14,96,57,65,45
O15217,8,1,7,4,3,5
O15525,10,1,9,6,5,5
O43312,117,19,98,75,59,58
O43414,22,1,21,12,9,13
O75529,65,1,64,45,21,44
O75747,132,3,129,95,40,92
O94991,86,6,80,57,35,51
O95394,36,3,33,24,13,23
O95782,80,13,67,51,30,50
O95819,168,64,104,88,102,66
P0C7H9,43,0,43,33,10,33
P10620,9,1,8,7,1,8
P12643,35,0,35,17,18,17
P17927,179,1,178,142,36,143
P21980,51,11,40,31,23,28
P29459,16,0,16,11,5,11
P30307,60,19,41,34,33,27
P31270,39,2,37,26,13,26
P42677,8,3,5,5,6,2
P46063,56,9,47,36,25,31
P48551,61,6,55,49,18,43
P49591,32,3,29,23,8,24
P49901,5,0,5,2,3,2
P50895,62,6,56,35,29,33
P54750,41,2,39,30,13,28
P56557,9,0,9,7,2,7
P56703,25,1,24,20,6,19
P58513,7,0,7,3,4,3
P62854,7,2,5,4,5,2
P63121,8,0,8,7,1,7
P78362,60,13,47,34,31,29
Q02161,35,0,35,30,5,30
Q08752,19,4,15,13,4,15
Q0VD83,79,7,72,31,55,24
Q12797,56,13,43,28,35,21
Q13434,43,0,43,29,14,29
Q13461,14,0,14,4,10,4
Q15543,4,1,3,3,2,2
Q5SZD1,16,1,15,5,12,4
Q5T749,65,2,63,41,26,39
Q5TYM5,10,0,10,9,1,9
Q5TZF3,14,2,12,10,6,8
Q68DC2,94,10,84,51,51,43
Q6PI78,12,0,12,7,5,7
Q6UXN7,1,0,1,0,1,0
Q6UXS9,25,0,25,18,7,18
Q6UXY8,112,16,96,70,52,60
Q6X784,21,0,21,16,5,16
Q7Z402,66,0,66,46,20,46
Q86Y22,17,0,17,7,10,7
Q86YW9,201,4,197,138,65,136
Q8IWD4,24,3,21,16,11,13
Q8IXS0,53,1,52,32,20,33
Q8IZH2,162,20,142,110,58,104
Q8IZL9,13,0,13,7,6,7
Q8N4C6,166,19,147,95,80,86
Q8NB16,40,10,30,19,25,15
Q8NC67,44,2,42,27,19,25
Q8NGG3,30,0,30,25,5,25
Q8WTZ4,12,0,12,8,4,8
Q8WY21,104,1,103,73,32,72
Q8WZ79,30,0,30,20,10,20
Q92636,87,3,84,66,24,63
Q92874,23,0,23,17,6,17
Q96AB3,14,1,13,11,4,10
Q96B97,100,34,66,55,59,41
Q96LW1,67,1,66,51,17,50
Q96LW9,32,4,28,19,15,17
Q96NL0,56,3,53,34,25,31
Q96PT4,10,0,10,4,6,4
Q99445,8,0,8,6,2,6
Q99811,30,3,27,10,21,9
Q99829,44,5,39,34,15,29
Q9BRR9,88,18,70,42,56,32
Q9BXJ8,16,0,16,15,1,15
Q9BXT8,115,0,115,72,43,72
Q9BYQ9,26,0,26,26,0,26
Q9BZP6,30,0,30,23,7,23
Q9BZR6,30,0,30,18,12,18
Q9H1C7,1,0,1,1,0,1
Q9H2P9,15,2,13,10,5,10
Q9NP73,107,4,103,79,30,77
Q9NPJ6,18,1,17,12,7,11
Q9NR71,64,0,64,49,15,49
Q9NZL4,22,2,20,15,7,15
Q9UBY8,16,0,16,16,0,16
Q9UL15,22,1,21,18,5,17
Q9UNP4,22,0,22,12,10,12
Q9Y2R9,9,0,9,4,5,4
Q9Y666,82,10,72,56,30,52
A6NHG9,24,0,24,22,2,22
A6NMU1,11,0,11,11,0,11
A8MT69,2,0,2,2,0,2
A8MWA6,42,0,42,20,22,20
F2Z398,16,0,16,14,2,14
K9M1U5,12,0,12,4,8,4
O15120,18,2,16,13,3,15
O15155,15,4,11,10,7,8
O43175,42,10,32,26,14,28
O60262,4,0,4,3,1,3
O60928,31,3,28,20,12,19
O95084,29,1,28,16,12,17
O95727,40,1,39,31,10,30
P01782,12,0,12,10,2,10
P04075,33,15,18,17,15,18
P12931,50,15,35,32,25,25
P17693,16,0,16,13,3,13
P21462,26,6,20,15,5,21
P23497,113,35,78,61,63,50
P25098,48,8,40,33,17,31
P28336,37,1,36,28,10,27
P29762,8,3,5,4,7,1
P49848,66,10,56,43,27,39
P50213,22,3,19,17,4,18
P54687,22,0,22,19,3,19
P55316,53,2,51,36,19,34
P59535,29,0,29,25,4,25
P63104,36,17,19,18,25,11
P82912,11,0,11,9,2,9
Q08623,15,0,15,9,6,9
Q0JRZ9,123,28,95,73,50,73
Q14517,428,27,401,318,119,309
Q15018,67,18,49,44,25,42
Q1A5X7,2,0,2,1,1,1
Q24JQ0,24,0,24,22,2,22
Q49A26,56,15,41,34,37,19
Q58FG0,15,2,13,8,9,6
Q5EG05,10,0,10,6,4,6
Q5JRA6,180,36,144,104,92,88
Q5KSL6,117,8,109,76,41,76
Q6FI81,42,11,31,23,22,20
Q6PCB8,28,0,28,16,12,16
Q6UX53,11,0,11,8,3,8
Q6UX72,11,0,11,7,4,7
Q6UXR4,21,0,21,15,6,15
Q6ZTB9,16,0,16,15,1,15
Q7RTT6,15,0,15,3,12,3
Q7Z6M3,29,1,28,21,7,22
Q86YQ2,14,0,14,12,2,12
Q8IV45,36,0,36,23,13,23
Q8IVD9,21,3,18,14,10,11
Q8IYA6,84,17,67,42,49,35
Q8IZU0,4,0,4,0,4,0
Q8N1L4,26,0,26,21,5,21
Q8N239,35,2,33,21,16,19
Q8N4W9,80,5,75,60,23,57
Q8N6T0,51,0,51,34,17,34
Q8N8F7,7,0,7,6,1,6
Q8TAA9,47,10,37,27,22,25
Q8TAM2,29,1,28,18,12,17
Q8TBR5,6,0,6,1,5,1
Q92748,7,0,7,5,2,5
Q93074,204,13,191,150,57,147
Q96EH5,2,0,2,0,2,0
Q96P64,80,1,79,55,24,56
Q96RN5,76,6,70,47,33,43
Q96SQ5,52,1,51,36,17,35
Q99463,24,0,24,19,5,19
Q99613,73,17,56,42,38,35
Q99683,128,15,113,84,43,85
Q9BRJ6,14,6,8,8,12,2
Q9BRS8,64,17,47,35,40,24
Q9BWX5,46,2,44,18,30,16
Q9BXD5,17,1,16,12,4,13
Q9BZ97,3,0,3,2,1,2
Q9C0C2,360,147,213,192,211,149
Q9GZT6,17,2,15,11,6,11
Q9H2A7,29,3,26,16,14,15
Q9H6L5,57,11,46,35,25,32
Q9H772,13,0,13,7,6,7
Q9H993,37,6,31,27,10,27
Q9HCS4,78,6,72,45,35,43
Q9NQB0,79,12,67,49,34,45
Q9NRG9,62,12,50,41,23,39
Q9NTK5,17,1,16,13,3,14
Q9NX57,15,2,13,10,7,8
Q9NY33,60,10,50,33,33,27
Q9NYF8,251,104,147,118,197,54
Q9NZN1,47,1,46,34,14,33
Q9P126,14,0,14,8,6,8
Q9P2P5,178,21,157,104,87,91
Q9UBM8,33,0,33,23,10,23
Q9UHF1,20,0,20,15,5,15
Q9ULX6,56,10,46,32,28,28
Q9UND3,25,0,25,18,7,18
Q9UNZ5,6,1,5,2,5,1
Q9Y691,22,0,22,19,3,19
A0A0A6YYL3,40,0,40,28,12,28
A0A0B4J1U4,13,0,13,5,8,5
A0A0B4J240,11,0,11,9,2,9
A0A0B4J2H0,14,0,14,12,2,12
A0A1W2PR48,45,0,45,31,14,31
A0A8I5KTY6,18,0,18,16,2,16
A0A8I5KXM2,10,0,10,7,3,7
A6NLJ0,27,0,27,7,20,7
A6NN14,81,0,81,73,8,73
A8MVW5,35,0,35,26,9,26
F8W1W9,29,0,29,12,17,12
O00180,26,3,23,22,1,25
O14786,74,3,71,56,19,55
O14836,27,0,27,15,12,15
O43149,269,24,245,182,93,176
O75603,47,0,47,31,16,31
O94826,40,10,30,26,18,22
O95178,6,0,6,4,2,4
P01701,15,0,15,11,4,11
P0C628,30,0,30,28,2,28
P0C7P4,24,0,24,12,12,12
P0DMV9,33,0,33,17,16,17
P11047,106,9,97,72,35,71
P12018,12,0,12,4,8,4
P12980,21,4,17,10,15,6
P14550,23,8,15,14,11,12
P16989,28,13,15,13,20,8
P18124,9,3,6,5,5,4
P21731,28,3,25,19,12,16
P42338,65,2,63,42,21,44
P43699,35,2,33,21,14,21
P48637,34,3,31,18,19,15
P49354,20,2,18,10,12,8
P49765,14,0,14,8,6,8
P50281,28,1,27,16,13,15
P61019,15,5,10,6,10,5
P61326,11,3,8,6,8,3
P78330,9,0,9,7,2,7
P78369,23,3,20,19,3,20
P78508,26,1,25,16,11,15
P82673,25,2,23,17,8,17
Q12837,55,2,53,33,24,31
Q12965,91,16,75,59,34,57
Q13042,47,7,40,32,16,31
Q13133,39,4,35,22,21,18
Q2V2M9,136,8,128,70,74,62
Q4LDG9,11,2,9,7,6,5
Q5EBL4,25,7,18,13,15,10
Q5J8M3,16,3,13,10,9,7
Q5JUX0,19,2,17,6,15,4
Q5SYE7,321,66,255,173,190,131
Q6AI39,162,8,154,120,50,112
Q6P995,84,6,78,51,37,47
Q76N32,127,23,104,79,63,64
Q7Z4S6,172,35,137,98,91,81
Q7Z7L1,66,1,65,44,23,43
Q86UQ8,18,0,18,11,7,11
Q8IU60,42,14,28,23,19,23
Q8IY95,22,6,16,15,11,11
Q8N456,18,0,18,9,9,9
Q8N4E4,10,0,10,5,5,5
Q8NA97,13,0,13,9,4,9
Q8NBT0,45,4,41,33,14,31
Q8NEN9,93,10,83,63,36,57
Q8NFJ8,61,4,57,33,30,31
Q8NG31,266,51,215,179,90,176
Q8NGK0,30,1,29,25,4,26
Q8NGQ1,29,0,29,23,6,23
Q8TF63,36,0,36,23,13,23
Q8WY36,119,24,95,66,69,50
Q92185,25,0,25,21,4,21
Q96AE4,33,10,23,20,9,24
Q96CQ1,24,2,22,17,9,15
Q96CW5,78,6,72,52,30,48
Q96GZ6,44,3,41,35,10,34
Q96JZ2,46,11,35,27,26,20
Q96MU7,118,43,75,54,93,25
Q96RR1,45,1,44,29,17,28
Q9BT04,31,0,31,25,6,25
Q9BY64,31,0,31,23,8,23
Q9C035,35,3,32,28,8,27
Q9H0D6,69,17,52,30,46,23
Q9H2Y9,76,1,75,55,20,56
Q9H4K7,26,2,24,16,10,16
Q9H4M7,108,29,79,40,91,17
Q9H6V9,14,2,12,9,7,7
Q9HCF6,140,0,140,68,72,68
Q9P0U1,2,1,1,1,0,2
Q9UEE5,39,8,31,22,19,20
Q9UIF8,261,25,236,178,90,171
Q9UJF2,174,41,133,93,106,68
Q9UQ10,20,0,20,16,4,16
Q9Y230,36,8,28,22,18,18
Q9Y281,13,3,10,7,7,6
Q9Y2T3,36,1,35,23,12,24
Q9Y2U9,31,0,31,26,5,26
Q9Y570,40,8,32,24,22,18
Q9Y6J3,12,0,12,5,7,5
X6R8D5,11,0,11,9,2,9
A0A087WWA1,4,0,4,1,3,1
A0A0B4J2D9,17,0,17,11,6,11
A0A0D9SF12,13,0,13,8,5,8
A0A0U1RRN3,1,0,1,0,1,0
A0A1B0GVG6,12,0,12,3,9,3
A0A5F9ZHS7,26,0,26,12,14,12
A2VEC9,432,3,429,311,122,310
A6NFF2,6,0,6,4,2,4
O14558,12,3,9,7,8,4
O15498,23,5,18,14,12,11
O60218,19,4,15,10,11,8
O60469,202,0,202,146,56,146
O95935,78,6,72,45,39,39
P06276,37,1,36,31,5,32
P07237,32,9,23,20,17,15
P07333,85,5,80,56,30,55
P0C1S8,55,0,55,35,20,35
P0C7M3,9,0,9,5,4,5
P0CG32,29,0,29,17,12,17
P16152,23,9,14,11,13,10
P16930,29,3,26,18,12,17
P20265,38,5,33,25,16,22
P22102,72,12,60,45,25,47
P23109,51,2,49,34,19,32
P35625,13,0,13,11,2,11
P40926,31,11,20,16,12,19
P47901,34,1,33,23,12,22
P49842,20,0,20,9,11,9
P51610,221,43,178,167,65,156
P52926,10,4,6,4,6,4
P54868,51,7,44,37,17,34
P67775,18,3,15,13,6,12
Q08722,21,0,21,18,3,18
Q13094,60,11,49,29,34,26
Q13190,39,4,35,25,10,29
Q14241,103,25,78,51,69,34
Q15166,26,3,23,18,7,19
Q16831,23,3,20,18,8,15
Q494X3,31,0,31,18,13,18
Q495A1,19,1,18,12,8,11
Q53R41,66,3,63,48,19,47
Q53SF7,180,46,134,93,113,67
Q5T2L2,3,0,3,3,0,3
Q5W186,10,0,10,3,7,3
Q66K66,20,1,19,12,9,11
Q68CQ7,26,0,26,17,9,17
Q6ZMV8,31,1,30,25,7,24
Q6ZQY3,30,0,30,18,12,18
Q7Z739,59,4,55,46,15,44
Q86SY8,7,0,7,7,0,7
Q86U38,47,4,43,24,23,24
Q86U86,163,43,120,84,110,53
Q86YN6,132,14,118,67,77,55
Q8IXM6,12,1,11,8,5,7
Q8IXQ6,58,5,53,38,19,39
Q8IYU8,28,1,27,14,13,15
Q8IZ26,47,3,44,36,10,37
Q8IZ83,53,5,48,30,26,27
Q8IZE3,80,9,71,57,24,56
Q8N1Q1,26,0,26,17,9,17
Q8N4T8,13,1,12,11,3,10
Q8N7R0,23,0,23,17,6,17
Q8N883,40,1,39,31,10,30
Q8N8D9,13,0,13,11,2,11
Q8N9W5,33,0,33,17,16,17
Q8NBT2,12,2,10,10,0,12
Q8NE62,35,0,35,22,13,22
Q8WUM0,155,33,122,96,64,91
Q8WW24,25,0,25,16,9,16
Q8WYQ3,14,0,14,11,3,11
Q92797,112,27,85,70,53,59
Q96AQ2,20,0,20,17,3,17
Q96L08,30,2,28,16,16,14
Q96PZ2,47,6,41,28,21,26
Q99856,48,8,40,28,28,20
Q9BY60,3,0,3,1,2,1
Q9GZT9,28,5,23,16,17,11
Q9H3S4,10,1,9,8,1,9
Q9H479,15,2,13,12,3,12
Q9H7P9,172,34,138,103,87,85
Q9H9L3,32,0,32,13,19,13
Q9H9S4,17,0,17,11,6,11
Q9HCM7,114,18,96,57,69,45
Q9HD45,35,0,35,28,7,28
Q9NPD8,10,1,9,8,3,7
Q9NPL8,13,2,11,8,5,8
Q9NR33,4,1,3,2,1,3
Q9NWF4,34,0,34,30,4,30
Q9NZU0,57,6,51,36,27,30
Q9P013,18,5,13,6,11,7
Q9UBP9,26,6,20,15,9,17
Q9UHP7,15,0,15,12,3,12
Q9ULI3,242,10,232,174,74,168
Q9UNW9,33,1,32,28,6,27
Q9UPY6,50,3,47,34,17,33
Q9UQP3,90,2,88,61,31,59
Q9Y2F9,42,0,42,29,13,29
Q9Y4X4,75,14,61,46,37,38
Q9Y646,36,1,35,28,7,29
A0A087WSZ9,12,0,12,9,3,9
A0A0B4J264,12,0,12,10,2,10
A0A0G2JQZ4,8,0,8,3,5,3
A6NL26,28,0,28,27,1,27
A8MXZ3,27,0,27,27,0,27
E9PI22,25,0,25,12,13,12
O00292,26,0,26,10,16,10
O15020,138,14,124,81,65,73
O15303,64,1,63,45,18,46
O43290,81,29,52,36,56,25
O43325,4,0,4,0,4,0
O43427,19,0,19,12,7,12
O43610,42,5,37,33,12,30
O75688,51,7,44,27,27,24
O75783,28,0,28,17,11,17
O76054,22,4,18,11,13,9
P01133,102,0,102,77,25,77
P01742,14,0,14,12,2,12
P04792,33,14,19,19,16,17
P06731,73,0,73,57,16,57
P08729,65,25,40,39,29,36
P09017,29,1,28,21,9,20
P0C025,23,0,23,13,10,13
P0C6T2,1,0,1,1,0,1
P11387,40,11,29,18,23,17
P11488,22,2,20,18,6,16
P18846,41,10,31,25,16,25
P21754,32,0,32,22,10,22
P23416,31,1,30,25,7,24
P25391,251,9,242,175,75,176
P30044,15,4,11,6,11,4
P30153,42,5,37,26,17,25
P34130,13,0,13,7,6,7
P36941,30,4,26,25,7,23
P41236,31,13,18,18,16,15
P60228,26,3,23,17,8,18
P61960,6,1,5,4,3,3
P63136,49,0,49,30,19,30
P81408,97,11,86,62,42,55
Q08431,32,3,29,25,4,28
Q10469,28,3,25,18,13,15
Q13015,7,1,6,4,2,5
Q16828,52,11,41,36,19,33
Q52MB2,13,0,13,10,3,10
Q562E7,169,9,160,115,59,110
Q5GH70,22,0,22,21,1,21
Q5SRI9,35,0,35,23,12,23
Q5VU92,32,0,32,21,11,21
Q5VUB5,125,26,99,72,63,62
Q6GPH4,33,8,25,18,17,16
Q6NSI1,18,0,18,8,10,8
Q6UWE0,66,12,54,38,32,34
Q6WKZ4,239,66,173,134,139,100
Q6ZMG9,22,0,22,17,5,17
Q6ZN44,72,0,72,44,28,44
Q6ZWL3,30,0,30,20,10,20
Q7Z3V4,81,4,77,57,24,57
Q86UA6,26,3,23,20,7,19
Q8IUZ5,25,1,24,16,10,15
Q8IV63,72,18,54,37,41,31
Q8IWP9,30,5,25,18,13,17
Q8N3X1,135,25,110,86,64,71
Q8N7Y1,22,0,22,13,9,13
Q8NFB2,17,0,17,13,4,13
Q8NFZ3,46,0,46,34,12,34
Q8NGZ4,22,0,22,21,1,21
Q8NH67,34,1,33,32,1,33
Q8NH76,20,0,20,18,2,18
Q8TEW0,214,71,143,116,133,81
Q8TF44,59,12,47,29,40,19
Q8WZ04,13,0,13,9,4,9
Q96A23,46,5,41,31,18,28
Q96BN2,21,2,19,12,11,10
Q96C57,43,13,30,20,30,13
Q96CH1,28,0,28,25,3,25
Q96H79,24,6,18,16,10,14
Q96N20,23,1,22,15,9,14
Q96N68,14,0,14,12,2,12
Q9BPX5,12,4,8,6,10,2
Q9BUM1,25,0,25,18,7,18
Q9BUV8,6,0,6,6,0,6
Q9BZD2,53,2,51,45,10,43
Q9NP74,64,20,44,35,35,29
Q9NPJ3,7,2,5,5,4,3
Q9NUR3,22,0,22,8,14,8
Q9P0P8,24,5,19,12,13,11
Q9UBT6,91,9,82,55,41,50
Q9UFG5,1,0,1,1,0,1
Q9UH17,15,1,14,12,4,11
Q9UI33,131,3,128,98,36,95
Q9UJ83,34,3,31,21,16,18
Q9UKI8,92,23,69,44,43,49
Q9UKK3,187,28,159,131,54,133
Q9UL45,7,0,7,6,1,6
Q9ULG3,47,0,47,25,22,25
Q9ULX3,33,5,28,23,15,18
Q9Y2P4,40,1,39,29,10,30
Q9Y320,22,5,17,15,10,12
Q9Y371,30,3,27,25,6,24
Q9Y5K2,28,0,28,24,4,24
A0A0B4J237,14,0,14,12,2,12
A0A0B4J244,9,0,9,8,1,8
A6NDX4,18,0,18,10,8,10
A6NHS1,7,0,7,4,3,4
A6NHX0,32,0,32,26,6,26
A8MT66,14,0,14,11,3,11
A8MUI8,38,2,36,18,22,16
A8MUN3,17,0,17,11,6,11
A8MWP4,20,0,20,10,10,10
C9JQL5,8,0,8,8,0,8
O00139,62,12,50,38,28,34
O43151,185,13,172,121,75,110
O43525,63,1,62,36,28,35
O60422,26,0,26,10,16,10
O60494,383,1,382,288,94,289
P01225,5,0,5,5,0,5
P02462,71,1,70,35,35,36
P02730,68,10,58,49,19,49
P02750,24,1,23,20,5,19
P09067,41,0,41,28,13,28
P0DJG4,41,0,41,21,20,21
P0DMV8,33,0,33,17,16,17
P0DN87,13,0,13,7,6,7
P13501,6,0,6,5,1,5
P16452,44,1,43,35,10,34
P25189,25,6,19,15,10,15
P34810,42,0,42,35,7,35
P35612,100,31,69,62,55,45
P36956,130,16,114,86,54,76
P45954,35,5,30,24,16,19
P49585,42,14,28,24,30,12
P51798,62,6,56,41,27,35
P55884,71,20,51,41,42,29
Q00169,8,1,7,6,3,5
Q03111,119,39,80,57,89,30
Q13315,266,33,233,179,106,160
Q13426,42,11,31,24,17,25
Q14952,34,0,34,24,10,24
Q16617,17,0,17,17,0,17
Q16629,77,32,45,32,75,2
Q4W5P6,2,0,2,1,1,1
Q5JTD0,63,12,51,30,45,18
Q5M9Q1,62,4,58,20,46,16
Q5T0B9,55,8,47,42,15,40
Q5T2T1,41,7,34,22,26,15
Q5T3J3,106,15,91,81,32,74
Q5VV11,8,0,8,2,6,2
Q5VYP0,157,0,157,129,28,129
Q6IQ22,18,5,13,10,13,5
Q6P0A1,9,0,9,6,3,6
Q6PDB4,36,0,36,23,13,23
Q6Q8B3,23,0,23,20,3,20
Q6ZRU5,7,0,7,6,1,6
Q6ZS46,23,0,23,12,11,12
Q6ZSR3,17,0,17,11,6,11
Q6ZSR9,58,10,48,36,30,28
Q6ZTK2,39,0,39,31,8,31
Q6ZVN7,13,0,13,7,6,7
Q7RTT5,10,0,10,5,5,5
Q7Z2W7,66,0,66,44,22,44
Q7Z601,33,0,33,20,13,20
Q86TA4,16,0,16,11,5,11
Q8IWB4,157,1,156,126,32,125
Q8IWE4,29,5,24,13,17,12
Q8IYL2,61,8,53,30,37,24
Q8N2B8,18,0,18,8,10,8
Q8N6C7,7,0,7,6,1,6
Q8N6U2,26,0,26,14,12,14
Q8N8I6,15,0,15,6,9,6
Q8NA96,32,0,32,27,5,27
Q8NC69,12,0,12,9,3,9
Q8NGC8,25,0,25,24,1,24
Q8NGF9,23,1,22,19,3,20
Q8NHC8,19,0,19,19,0,19
Q8TAE6,17,4,13,7,14,3
Q8WWF8,6,0,6,3,3,3
Q8WWR8,39,0,39,18,21,18
Q8WXX0,265,8,257,179,90,175
Q92834,91,8,83,56,39,52
Q969W9,34,3,31,23,14,20
Q96DP5,24,0,24,17,7,17
Q96FE7,16,0,16,13,3,13
Q96L94,18,3,15,11,10,8
Q96MT0,9,0,9,4,5,4
Q99720,12,0,12,10,2,10
Q9BTX7,27,4,23,20,9,18
Q9BUB5,45,10,35,27,22,23
Q9BV23,25,0,25,19,6,19
Q9BZH6,114,12,102,78,40,74
Q9H3C7,56,4,52,38,18,38
Q9H765,15,0,15,12,3,12
Q9H7C4,25,4,21,12,17,8
Q9HC35,129,36,93,79,54,75
Q9NQG6,37,5,32,23,19,18
Q9NRA1,24,0,24,13,11,13
Q9NYL4,8,0,8,3,5,3
Q9NYS0,13,1,12,9,3,10
Q9P1W8,28,1,27,22,5,23
Q9ULX5,32,0,32,20,12,20
Q9Y5G4,86,3,83,60,29,57
A0A0A0MT82,3,0,3,3,0,3
A0A1B0GXF2,11,0,11,7,4,7
A0AV02,64,0,64,44,20,44
A0JD37,10,0,10,6,4,6
A1IGU5,45,4,41,27,20,25
A6NHN0,30,2,28,14,18,12
B9A6J9,35,0,35,22,13,22
H3BV60,20,0,20,11,9,11
O00198,4,0,4,1,3,1
O14548,5,0,5,4,1,4
O43313,100,1,99,85,14,86
O43557,20,2,18,15,7,13
O60487,10,0,10,6,4,6
O60687,34,0,34,25,9,25
O75051,172,8,164,119,57,115
O95149,41,9,32,24,22,19
O95780,36,3,33,28,9,27
P05026,14,2,12,8,8,6
P07202,62,0,62,39,23,39
P10276,43,6,37,26,21,22
P16415,46,2,44,41,7,39
P21246,6,0,6,4,2,4
P32418,62,4,58,47,17,45
P49753,27,4,23,14,17,10
P52198,19,0,19,12,7,12
P52803,18,0,18,10,8,10
P53794,55,5,50,44,10,45
P54107,19,0,19,14,5,14
P54578,56,18,38,30,30,26
P57735,15,2,13,13,4,11
P60673,6,2,4,3,1,5
P62487,6,0,6,3,3,3
P98095,69,2,67,56,15,54
Q13166,5,0,5,5,0,5
Q13576,120,27,93,74,55,65
Q14153,88,28,60,50,38,50
Q14656,11,0,11,10,1,10
Q14677,97,20,77,68,35,62
Q15700,83,16,67,43,52,31
Q4V348,59,0,59,49,10,49
Q53F19,101,39,62,47,85,16
Q53FT3,19,0,19,14,5,14
Q5R3F8,97,14,83,64,39,58
Q5RIA9,21,0,21,17,4,17
Q5SRH9,43,0,43,26,17,26
Q68D20,32,1,31,12,21,11
Q68DQ2,377,47,330,255,149,228
Q68J44,10,0,10,3,7,3
Q6NZI2,49,22,27,25,32,17
Q6UWS5,1,0,1,0,1,0
Q6ZSZ6,144,10,134,97,55,89
Q6ZTR6,12,0,12,8,4,8
Q7L5Y9,31,1,30,20,12,19
Q7Z333,292,45,247,177,126,166
Q7Z3Y7,39,0,39,28,11,28
Q86TP1,33,0,33,26,7,26
Q86U37,23,0,23,17,6,17
Q86UN2,28,0,28,17,11,17
Q86V40,38,0,38,24,14,24
Q8IV04,21,2,19,11,8,13
Q8IZX4,135,6,129,78,59,76
Q8N371,19,0,19,10,9,10
Q8NCU8,2,0,2,2,0,2
Q8NDX6,26,7,19,11,16,10
Q8NH42,29,0,29,24,5,24
Q8NHU3,28,2,26,19,11,17
Q8TDI0,129,7,122,73,61,68
Q8TEB7,31,0,31,23,8,23
Q8TF76,107,19,88,69,41,66
Q8WWZ4,124,9,115,95,32,92
Q8WX39,9,0,9,7,2,7
Q92543,97,5,92,58,42,55
Q92572,13,3,10,8,4,9
Q92974,119,42,77,66,77,42
Q96H22,29,6,23,18,11,18
Q96PD6,21,3,18,13,9,12
Q96Q83,16,2,14,10,8,8
Q96SA4,37,0,37,34,3,34
Q99075,11,1,10,8,4,7
Q99816,31,5,26,18,10,21
Q9BVC6,18,0,18,16,2,16
Q9BY08,9,0,9,8,1,8
Q9C0K7,55,3,52,42,12,43
Q9H6K5,185,0,185,80,105,80
Q9H6X2,44,7,37,28,21,23
Q9HA65,69,9,60,39,39,30
Q9HCM4,74,14,60,43,35,39
Q9NUC0,41,0,41,29,12,29
Q9NVV4,59,5,54,37,23,36
Q9NYF0,108,8,100,67,45,63
Q9P296,21,1,20,17,3,18
Q9UBV2,53,3,50,31,25,28
Q9UHI7,38,1,37,34,5,33
Q9UKJ0,22,0,22,13,9,13
Q9UNX3,13,5,8,6,12,1
Q9UPW0,102,11,91,73,28,74
Q9Y3M2,14,3,11,9,8,6
Q9Y4X3,7,0,7,6,1,6
Q9Y6X9,91,23,68,48,60,31
Q9Y6Y8,116,17,99,86,39,77
A0A1W2PQM1,29,0,29,20,9,20
A2AJT9,77,14,63,29,60,17
A2RRD8,33,4,29,26,9,24
A6NGD5,38,0,38,15,23,15
A6QL64,193,7,186,73,127,66
H3BPF8,43,0,43,17,26,17
O15042,159,54,105,71,122,37
O43497,248,7,241,139,116,132
O43749,22,0,22,22,0,22
O60503,150,24,126,106,52,98
O75083,73,18,55,48,17,56
O75830,32,0,32,27,5,27
O76093,8,0,8,5,3,5
O94819,57,8,49,33,32,25
P01236,24,4,20,19,5,19
P01889,27,3,24,14,14,13
P0DPI2,13,0,13,7,6,7
P14410,104,1,103,76,27,77
P16520,33,2,31,27,8,25
P18825,38,0,38,21,17,21
P20645,20,1,19,15,4,16
P29084,36,8,28,13,29,7
P46019,114,16,98,81,37,77
P48544,20,0,20,13,7,13
P59044,46,0,46,23,23,23
P59923,101,5,96,64,40,61
P60568,8,0,8,8,0,8
P62701,12,6,6,6,8,4
P69891,12,4,8,7,7,5
P78364,124,13,111,87,44,80
P98194,68,3,65,51,16,52
Q13536,22,0,22,15,7,15
Q13607,29,1,28,24,6,23
Q13950,87,18,69,56,39,48
Q15020,66,12,54,37,33,33
Q15147,85,5,80,52,34,51
Q17RB8,51,4,47,27,28,23
Q2M3C6,58,1,57,43,14,44
Q2NL67,60,3,57,36,27,33
Q52M93,62,0,62,49,13,49
Q58DX5,76,3,73,49,30,46
Q5HYI7,23,2,21,17,8,15
Q5MJ70,24,0,24,13,11,13
Q5T1J6,14,1,13,10,3,11
Q5T7W7,48,7,41,32,19,29
Q5VWW1,13,0,13,11,2,11
Q685J3,967,1,966,860,106,861
Q68DY1,35,0,35,27,8,27
Q6IQ20,30,2,28,16,16,14
Q6NUM6,45,0,45,30,15,30
Q6P1N9,13,1,12,11,1,12
Q6PDA7,7,0,7,3,4,3
Q6UVY6,39,0,39,29,10,29
Q6XYQ8,42,0,42,24,18,24
Q6ZMB5,32,0,32,22,10,22
Q6ZN01,52,0,52,28,24,28
Q6ZN30,136,11,125,81,58,78
Q765I0,8,0,8,8,0,8
Q7Z3K3,165,41,124,101,69,96
Q7Z5J1,27,3,24,14,10,17
Q86UX2,69,0,69,45,24,45
Q86VW1,51,0,51,42,9,42
Q8IXK2,28,0,28,14,14,14
Q8IZ41,80,16,64,43,45,35
Q8N0Y5,33,0,33,29,4,29
Q8N2X6,7,0,7,5,2,5
Q8N4T4,16,0,16,10,6,10
Q8N4W6,24,0,24,18,6,18
Q8N5H3,18,0,18,10,8,10
Q8N699,44,8,36,26,26,18
Q8TDB4,21,1,20,10,12,9
Q8TDY8,108,3,105,79,28,80
Q8WTR2,18,0,18,18,0,18
Q8WW52,39,0,39,28,11,28
Q8WXD5,12,1,11,10,3,9
Q8WXH5,47,0,47,22,25,22
Q8WXR4,97,2,95,59,40,57
Q92665,36,3,33,18,21,15
Q92904,21,0,21,16,5,16
Q969H0,66,7,59,40,33,33
Q96AQ9,31,0,31,20,11,20
Q96FA3,38,7,31,23,12,26
Q96P20,84,0,84,60,24,60
Q96P53,36,2,34,27,11,25
Q99518,45,1,44,33,11,34
Q9BQI3,57,11,46,32,28,29
Q9BRH9,58,4,54,44,16,42
Q9BYG3,25,7,18,14,12,13
Q9BZW8,41,1,40,29,13,28
Q9H3S7,149,28,121,83,62,87
Q9NQ50,7,1,6,1,7,0
Q9NSI5,43,0,43,31,12,31
Q9NZK5,34,6,28,22,8,26
Q9UDV7,47,3,44,35,15,32
Q9UFE4,76,3,73,30,49,27
Q9UGF5,28,0,28,21,7,21
Q9UL54,95,15,80,56,44,51
Q9Y5V3,45,4,41,31,14,31
Q9Y673,21,2,19,12,9,12
Q9Y6G5,18,3,15,11,10,8
A0A0A0MT99,3,0,3,3,0,3
A0A0U1RQE8,25,0,25,13,12,13
A0A1B0GTJ6,32,0,32,14,18,14
A6NIK2,11,0,11,4,7,4
A6NNL0,73,1,72,48,26,47
A7XYQ1,78,6,72,48,36,42
A8MTY0,41,0,41,36,5,36
A8MYP8,15,0,15,6,9,6
C9J798,58,0,58,30,28,30
C9JLR9,52,2,50,19,35,17
E5RJM6,11,0,11,5,6,5
O14804,20,0,20,16,4,16
O15063,107,10,97,74,43,64
O15391,31,1,30,22,10,21
O43193,29,0,29,17,12,17
O43889,36,0,36,28,8,28
O76038,15,2,13,6,9,6
O95076,32,3,29,16,19,13
P00352,28,4,24,18,12,16
P01709,17,0,17,14,3,14
P01824,20,0,20,20,0,20
P07108,3,1,2,1,1,2
P0DP08,18,0,18,18,0,18
P12107,73,2,71,33,42,31
P12259,260,13,247,163,106,154
P17812,53,13,40,35,25,28
P18509,15,1,14,9,7,8
P21781,8,1,7,6,1,7
P22676,17,2,15,8,11,6
P23610,16,0,16,12,4,12
P30518,29,1,28,24,6,23
P30825,44,0,44,39,5,39
P31944,8,0,8,4,4,4
P40305,14,0,14,12,2,12
P41587,41,0,41,32,9,32
P42166,125,44,81,77,68,57
P48023,25,0,25,16,9,16
P48436,62,11,51,41,24,38
P50549,45,6,39,30,21,24
P50616,44,8,36,31,15,29
P51813,74,4,70,44,34,40
P56177,44,3,41,29,18,26
P59827,31,0,31,25,6,25
P62913,10,3,7,4,7,3
P82094,169,42,127,93,84,85
Q06828,30,0,30,25,5,25
Q13614,69,8,61,34,35,34
Q15415,72,1,71,19,54,18
Q15417,29,11,18,18,6,23
Q16674,8,0,8,5,3,5
Q16696,27,1,26,13,15,12
Q16769,31,0,31,19,12,19
Q16891,86,26,60,46,50,36
Q2M329,24,1,23,4,21,3
Q2T9J0,40,2,38,26,16,24
Q4G0T1,64,0,64,44,20,44
Q5JSP0,77,14,63,45,36,41
Q5W064,31,0,31,23,8,23
Q6AHZ1,156,12,144,97,63,93
Q6XE38,4,0,4,4,0,4
Q70YC5,36,4,32,19,21,15
Q7L591,49,10,39,27,26,23
Q7Z5G4,4,0,4,2,2,2
Q86WT1,28,0,28,20,8,20
Q8IZQ5,6,1,5,2,5,1
Q8N0Y2,27,8,19,16,19,8
Q8N165,24,0,24,20,4,20
Q8N300,3,0,3,1,2,1
Q8N8W4,58,0,58,38,20,38
Q8N999,16,0,16,13,3,13
Q8NE00,34,6,28,25,9,25
Q8NGV7,21,0,21,19,2,19
Q8NH81,18,0,18,15,3,15
Q8WVF5,15,0,15,12,3,12
Q92819,42,0,42,34,8,34
Q969E3,14,2,12,6,8,6
Q96DS6,15,0,15,11,4,11
Q96ET8,32,4,28,19,13,19
Q96EX1,3,0,3,1,2,1
Q96JY6,87,37,50,48,56,31
Q96L96,191,18,173,107,96,95
Q9BUV0,70,10,60,19,61,9
Q9GZX6,11,0,11,9,2,9
Q9HC36,35,6,29,21,18,17
Q9HCN8,18,0,18,11,7,11
Q9NQW6,218,78,140,125,123,95
Q9NV92,32,3,29,21,12,20
Q9NWA0,14,5,9,7,12,2
Q9NWW9,11,0,11,8,3,8
Q9NXH3,16,0,16,5,11,5
Q9NXR8,62,6,56,44,22,40
Q9NYB5,77,2,75,54,21,56
Q9P0V3,107,19,88,72,48,59
Q9P2G4,109,3,106,54,54,55
Q9UHJ9,18,0,18,15,3,15
Q9UL12,56,0,56,38,18,38
Q9UQ26,186,26,160,78,132,54
Q9Y5R5,42,0,42,26,16,26
Q9Y623,121,28,93,67,74,47
A0A075B6L2,13,0,13,12,1,12
A0A0C4DH29,12,0,12,9,3,9
A0A994J5G1,3,0,3,0,3,0
A6NK59,41,2,39,31,8,33
A6NKT7,184,12,172,108,82,102
B3KU38,69,0,69,40,29,40
B7Z1M9,29,0,29,6,23,6
O43439,63,12,51,31,42,21
O60678,41,3,38,35,7,34
O60810,26,0,26,22,4,22
O75817,7,1,6,5,3,4
O94953,88,8,80,55,39,49
O95170,55,0,55,37,18,37
P01583,32,4,28,22,14,18
P05114,10,4,6,4,10,0
P07355,60,35,25,35,46,14
P0CJ89,23,0,23,12,11,12
P10644,28,7,21,17,16,12
P12034,40,1,39,18,23,17
P12081,30,7,23,17,18,12
P13196,55,3,52,38,18,37
P13473,34,1,33,28,5,29
P16435,43,3,40,26,18,25
P18850,74,6,68,44,36,38
P32320,10,2,8,5,3,7
P43353,29,2,27,17,14,15
P46087,84,23,61,46,51,33
P47804,26,0,26,23,3,23
P48431,41,6,35,30,9,32
P49281,44,3,41,37,4,40
P51788,74,11,63,50,29,45
P53611,23,2,21,18,3,20
P55771,37,4,33,25,16,21
P59046,64,0,64,46,18,46
P61604,9,4,5,4,7,2
P62072,5,0,5,3,2,3
Q01638,36,1,35,26,9,27
Q03468,144,24,120,86,72,72
Q10471,36,4,32,22,18,18
Q12789,217,45,172,113,129,88
Q13422,84,28,56,46,52,32
Q13601,27,6,21,11,18,9
Q13698,118,9,109,84,41,77
Q16384,11,1,10,5,7,4
Q16644,20,4,16,14,6,14
Q2KHT3,101,5,96,69,33,68
Q2TAL5,59,10,49,34,33,26
Q4G112,64,0,64,48,16,48
Q5VUE5,8,0,8,4,4,4
Q5VYS4,30,0,30,12,18,12
Q66K74,152,43,109,83,98,54
Q6NUI1,16,0,16,10,6,10
Q6ZSB3,9,0,9,5,4,5
Q6ZU52,83,2,81,45,38,45
Q7Z6V5,9,0,9,6,3,6
Q86W24,79,2,77,56,25,54
Q8IXR9,68,0,68,38,30,38
Q8N393,62,1,61,33,30,32
Q8N3J9,22,0,22,21,1,21
Q8N4J0,28,1,27,19,8,20
Q8NBL3,21,0,21,15,6,15
Q8NDP4,35,0,35,22,13,22
Q8TCU4,574,51,523,401,188,386
Q8TD55,61,19,42,33,39,22
Q8TF46,80,6,74,46,38,42
Q8WVV4,67,11,56,47,27,40
Q969Q6,22,1,21,12,11,11
Q969Y0,42,1,41,32,9,33
Q96D05,7,3,4,4,6,1
Q96I15,29,3,26,18,14,15
Q96IL0,9,0,9,5,4,5
Q96K83,134,10,124,101,43,91
Q96M43,60,0,60,41,19,41
Q96PB8,20,0,20,16,4,16
Q96QU1,142,2,140,96,48,94
Q9BV35,30,1,29,18,11,19
Q9BXF9,36,3,33,21,16,20
Q9BYH1,91,1,90,63,27,64
Q9BZC5,4,0,4,4,0,4
Q9H246,7,2,5,3,2,5
Q9H425,56,17,39,30,25,31
Q9H4A5,26,8,18,16,18,8
Q9NPA0,33,4,29,18,19,14
Q9NRA0,62,12,50,39,31,31
Q9NRM7,102,20,82,60,52,50
Q9NSB8,31,0,31,16,15,16
Q9NVP4,63,3,60,39,25,38
Q9P2R6,187,39,148,108,98,89
Q9UBG7,49,3,46,32,20,29
Q9UC07,46,0,46,32,14,32
Q9UFF9,20,0,20,13,7,13
Q9UGL9,18,0,18,16,2,16
Q9UIE0,37,0,37,32,5,32
Q9UJ41,41,9,32,26,22,19
Q9UK23,32,0,32,23,9,23
Q9UMF0,63,1,62,38,26,37
Q9UNF0,52,16,36,29,15,37
Q9UQV4,32,1,31,28,5,27
Q9Y566,242,9,233,103,148,94
A0A075B6J9,18,0,18,14,4,14
A1KXE4,12,1,11,7,6,6
A4D1S5,13,0,13,5,8,5
A6NEL2,95,16,79,48,63,32
A6NIU2,8,0,8,4,4,4
A6NK53,57,0,57,47,10,47
A8MQ03,15,6,9,9,2,13
C9JTQ0,32,5,27,13,24,8
I3L0S3,10,0,10,4,6,4
O14656,21,0,21,17,4,17
O14981,130,10,120,97,39,91
O43280,34,0,34,22,12,22
O43768,12,6,6,6,12,0
O60701,41,8,33,21,22,19
O60907,62,6,56,44,14,48
O75665,125,35,90,72,68,57
O75940,23,6,17,13,8,15
O95863,42,12,30,25,19,23
O97980,2,0,2,1,1,1
P00167,10,1,9,8,1,9
P01033,13,1,12,11,3,10
P01579,13,2,11,5,10,3
P01911,19,0,19,13,6,13
P02489,18,2,16,9,11,7
P03979,12,0,12,4,8,4
P07996,76,3,73,53,26,50
P0C2W1,20,0,20,15,5,15
P0C7Q2,13,0,13,8,5,8
P0DX00,16,0,16,11,5,11
P13236,10,0,10,8,2,8
P13688,52,5,47,40,11,41
P14136,29,8,21,13,22,7
P20941,20,2,18,9,13,7
P23490,70,0,70,62,8,62
P25205,81,21,60,45,43,38
P31275,25,0,25,17,8,17
P32321,11,0,11,8,3,8
P36268,32,0,32,26,6,26
P36544,35,0,35,30,5,30
P48681,210,90,120,105,125,85
P50219,35,4,31,22,15,20
P52434,9,0,9,6,3,6
P56545,22,3,19,15,8,14
P56749,28,4,24,22,8,20
P57087,30,2,28,16,12,18
P57738,5,0,5,4,1,4
P58004,36,1,35,23,14,22
P59022,9,0,9,8,1,8
Q03167,75,1,74,54,20,55
Q04844,28,0,28,21,7,21
Q15697,43,8,35,23,26,17
Q2LD37,614,70,544,384,278,336
Q4KMQ2,51,6,45,32,21,30
Q569G3,13,0,13,7,6,7
Q5JNZ3,53,1,52,30,22,31
Q5JSJ4,66,3,63,45,24,42
Q5SQS7,17,0,17,9,8,9
Q5VT79,25,0,25,14,11,14
Q6NUQ4,59,3,56,47,13,46
Q6XYB7,12,0,12,5,7,5
Q6ZN08,43,0,43,34,9,34
Q8IVA1,12,0,12,6,6,6
Q8IY51,38,1,37,24,13,25
Q8IZQ8,148,12,136,97,59,89
Q8N0T1,7,2,5,2,7,0
Q8N8D1,15,0,15,7,8,7
Q8NC74,77,20,57,36,59,18
Q8NE01,56,10,46,33,29,27
Q8NG66,46,3,43,25,22,24
Q8NGA8,23,0,23,22,1,22
Q8TBN0,37,8,29,18,25,12
Q8TBY9,89,4,85,55,36,53
Q8TC59,62,1,61,36,27,35
Q8TEV9,138,31,107,86,59,79
Q8TF39,86,5,81,52,37,49
Q92585,137,14,123,101,42,95
Q92826,24,3,21,11,12,12
Q96HH6,33,0,33,28,5,28
Q96JB2,67,8,59,50,19,48
Q96KV7,183,9,174,131,57,126
Q96MT8,69,2,67,46,25,44
Q9BQN1,82,5,77,41,44,38
Q9BTL4,24,3,21,10,17,7
Q9BUN5,15,2,13,10,7,8
Q9BX51,17,0,17,14,3,14
Q9BXN6,11,2,9,5,8,3
Q9BYG8,41,0,41,33,8,33
Q9BZZ2,157,4,153,114,47,110
Q9HBX8,74,2,72,64,8,66
Q9NV72,40,0,40,32,8,32
Q9NY72,14,0,14,12,2,12
Q9NZW4,540,2,538,488,52,488
Q9ULE0,147,33,114,77,87,60
Q9ULN7,42,0,42,12,30,12
Q9ULW2,39,3,36,31,11,28
Q9UPQ0,169,57,112,86,106,63
Q9Y3E7,15,2,13,8,9,6
Q9Y466,26,1,25,19,8,18
Q9Y534,14,4,10,7,11,3
A0A1B0GVX0,2,0,2,2,0,2
A0A1W2PPF3,23,0,23,19,4,19
A0A494BZU4,10,0,10,9,1,9
A0AVK6,118,15,103,66,63,55
A2RU14,5,0,5,4,1,4
A6ND36,92,23,69,49,56,36
O00154,29,3,26,23,9,20
O14604,4,1,3,1,2,2
O43493,85,22,63,42,59,26
O75081,75,13,62,43,39,36
O75438,2,0,2,0,2,0
O75901,34,0,34,19,15,19
O95047,17,0,17,17,0,17
O95755,28,4,24,15,17,11
P05452,7,0,7,6,1,6
P08962,9,1,8,7,1,8
P0CB33,32,3,29,28,5,27
P0DTE7,32,0,32,26,6,26
P10599,10,4,6,6,2,8
P10619,34,0,34,25,9,25
P10646,13,1,12,9,5,8
P23458,79,6,73,49,32,47
P25490,28,6,22,16,18,10
P27544,22,0,22,18,4,18
P28827,105,7,98,78,28,77
P30874,33,2,31,23,12,21
P32242,59,0,59,45,14,45
P35348,43,1,42,30,12,31
P35499,109,1,108,83,27,82
P50607,47,0,47,27,20,27
P51449,45,1,44,29,17,28
P59768,2,0,2,2,0,2
P85037,115,33,82,65,65,50
Q08AD1,202,54,148,115,121,81
Q09028,44,6,38,33,13,31
Q0GE19,32,0,32,29,3,29
Q12905,28,6,22,20,10,18
Q12951,54,7,47,28,33,21
Q13387,100,5,95,50,55,45
Q14032,22,1,21,15,6,16
Q14739,69,21,48,42,38,31
Q15034,75,0,75,52,23,52
Q2M296,21,2,19,11,10,11
Q3LHN2,2,0,2,2,0,2
Q4G0F5,21,4,17,16,7,14
Q4KWH8,206,39,167,121,110,96
Q4VC12,38,0,38,29,9,29
Q5GAN4,5,0,5,3,2,3
Q5HYA8,78,0,78,64,14,64
Q5M775,181,60,121,94,109,72
Q5TF21,81,6,75,32,55,26
Q5TGS1,21,0,21,15,6,15
Q5VST6,24,0,24,18,6,18
Q5VVM6,68,0,68,50,18,50
Q5W0N0,5,0,5,5,0,5
Q6EEV6,5,1,4,1,5,0
Q6P4R8,168,22,146,107,67,101
Q6PI47,41,6,35,25,20,21
Q6UXF1,66,0,66,44,22,44
Q6VY07,159,31,128,98,76,83
Q70EL1,278,35,243,175,132,146
Q8IV13,43,0,43,31,12,31
Q8IXE1,20,0,20,19,1,19
Q8N0X7,58,9,49,36,27,31
Q8N1D5,11,0,11,10,1,10
Q8N370,45,5,40,38,8,37
Q8N7X0,166,13,153,86,79,87
Q8NFJ5,28,5,23,19,8,20
Q8NGA1,25,0,25,25,0,25
Q8TB37,22,0,22,14,8,14
Q8TCT6,41,0,41,32,9,32
Q8TDY3,28,0,28,24,4,24
Q92783,54,8,46,43,5,49
Q96A35,11,3,8,5,7,4
Q96A57,14,5,9,9,6,8
Q96EF0,56,0,56,44,12,44
Q96FV2,26,1,25,19,6,20
Q96FZ2,39,7,32,24,20,19
Q96HH4,26,2,24,16,12,14
Q96HW7,75,7,68,47,33,42
Q96I13,33,3,30,24,12,21
Q96L34,88,20,68,44,52,36
Q99459,62,17,45,35,24,38
Q9BT81,39,3,36,21,21,18
Q9BZJ7,15,0,15,7,8,7
Q9H3J6,6,0,6,3,3,3
Q9H6Y5,25,0,25,5,20,5
Q9H706,119,20,99,76,49,70
Q9NPI0,9,0,9,8,1,8
Q9NUD9,30,1,29,25,6,24
Q9NYG5,1,0,1,1,0,1
Q9NZY2,8,0,8,4,4,4
Q9UJH8,11,0,11,7,4,7
Q9UJV9,38,8,30,22,16,22
Q9ULR3,52,11,41,33,30,22
Q9UPV7,37,3,34,25,15,22
Q9UQ74,38,0,38,32,6,32
Q9Y2W6,56,8,48,39,17,39
Q9Y5S2,163,27,136,95,77,86
Q9Y6F8,43,2,41,24,21,22
A0A0G2JND7,8,0,8,6,2,6
A0A1B0GVH4,10,0,10,7,3,7
A0PJZ0,8,0,8,6,2,6
A4D1B5,72,2,70,55,15,57
A4FU01,61,0,61,36,25,36
A6NEF3,28,1,27,17,10,18
A8MXV6,14,0,14,7,7,7
A8TX70,189,1,188,119,69,120
F5H094,67,0,67,55,12,55
O14525,123,3,120,90,34,89
O14737,11,5,6,6,6,5
O60476,30,0,30,23,7,23
O60861,50,14,36,28,32,18
O75159,63,5,58,40,26,37
O94759,90,5,85,51,44,46
O95391,45,12,33,24,25,20
O95721,29,11,18,15,21,8
P01717,13,0,13,10,3,10
P05230,8,0,8,5,3,5
P11310,16,2,14,7,11,5
P13637,67,12,55,47,26,41
P15056,112,35,77,73,54,58
P20674,6,0,6,3,3,3
P24855,21,2,19,14,5,16
P30550,39,2,37,36,1,38
P42696,43,9,34,20,30,13
P53667,66,19,47,39,40,26
P54296,143,26,117,81,80,63
P55198,180,21,159,112,75,105
P60022,6,0,6,6,0,6
P78312,157,22,135,95,74,83
Q01780,72,13,59,41,42,30
Q02223,16,2,14,13,5,11
Q12912,83,19,64,43,55,28
Q13433,80,7,73,48,35,45
Q13451,25,3,22,14,10,15
Q14974,61,12,49,44,15,46
Q15654,37,12,25,23,16,21
Q2TAY7,45,3,42,32,14,31
Q3C1V1,21,0,21,10,11,10
Q3LI83,45,0,45,32,13,32
Q5BJE1,56,2,54,31,25,31
Q5JSH3,129,42,87,78,43,86
Q5T0F9,55,9,46,26,36,19
Q63HK3,89,8,81,44,51,38
Q68CR7,107,3,104,71,39,68
Q68CZ1,90,3,87,60,31,59
Q6GMV2,23,1,22,17,7,16
Q6J272,18,0,18,12,6,12
Q6ZN04,86,9,77,56,33,53
Q86T29,44,0,44,33,11,33
Q86UX6,42,7,35,20,25,17
Q86X55,62,2,60,50,12,50
Q86YM7,28,0,28,18,10,18
Q8IUL8,71,0,71,43,28,43
Q8IYX8,45,6,39,27,20,25
Q8IZJ0,7,0,7,3,4,3
Q8IZM8,88,0,88,64,24,64
Q8IZP2,14,4,10,5,13,1
Q8N129,10,0,10,2,8,2
Q8N475,50,0,50,40,10,40
Q8N998,20,0,20,7,13,7
Q8NEK8,22,0,22,16,6,16
Q8NEV9,15,0,15,9,6,9
Q8NHP6,47,5,42,32,16,31
Q8NI60,41,2,39,23,20,21
Q8TDX7,21,6,15,12,7,14
Q8WW43,20,0,20,18,2,18
Q92804,82,24,58,49,35,47
Q969S8,45,5,40,34,14,31
Q96FN4,36,1,35,28,7,29
Q96G21,15,2,13,8,7,8
Q96JB6,50,1,49,35,16,34
Q96JM4,151,2,149,98,55,96
Q96NY8,54,6,48,37,21,33
Q96PF2,24,0,24,18,6,18
Q96SZ4,84,11,73,51,38,46
Q96T55,16,0,16,14,2,14
Q96T59,7,0,7,3,4,3
Q9BSJ6,51,20,31,27,30,21
Q9BSR8,17,1,16,14,4,13
Q9BXB1,100,4,96,78,22,78
Q9BZE9,52,9,43,26,31,21
Q9NYT0,33,4,29,18,17,16
Q9NZK7,4,0,4,4,0,4
Q9P2D7,302,3,299,230,73,229
Q9P2R3,78,5,73,55,28,50
Q9UBU2,25,0,25,18,7,18
Q9UHL9,89,8,81,57,36,53
Q9UI95,8,0,8,8,0,8
Q9UJM8,23,2,21,17,8,15
Q9UKJ8,53,4,49,42,11,42
Q9UKQ9,18,0,18,13,5,13
Q9ULL5,205,24,181,125,92,113
Q9UNY5,30,0,30,20,10,20
Q9Y231,29,0,29,20,9,20
Q9Y2I9,91,22,69,52,57,34
Q9Y3Q7,59,1,58,48,10,49
Q9Y3Y2,12,3,9,6,7,5
A0A6Q8PFD8,1,0,1,1,0,1
A1L3X4,5,0,5,4,1,4
A4D0T7,2,0,2,2,0,2
A8MX34,51,0,51,49,2,49
B2RN74,26,0,26,25,1,25
O15123,39,1,38,25,15,24
O15392,5,1,4,3,1,4
O60234,6,0,6,1,5,1
O60613,11,0,11,8,3,8
O76003,27,4,23,20,11,16
O94855,83,8,75,65,20,63
O94983,126,2,124,78,48,78
O95567,22,0,22,9,13,9
O95843,8,0,8,4,4,4
P07195,34,8,26,24,8,26
P08684,38,9,29,25,22,16
P0C6A0,19,0,19,12,7,12
P0C7X0,42,0,42,20,22,20
P0CJ68,2,0,2,2,0,2
P0CJ90,23,0,23,12,11,12
P12883,152,57,95,87,88,64
P13994,41,8,33,22,27,14
P21730,29,6,23,20,11,18
P28290,272,98,174,153,121,151
P28358,41,4,37,24,19,22
P29692,36,17,19,18,19,17
P35241,17,3,14,8,10,7
P49643,57,13,44,31,29,28
P52756,98,20,78,58,56,42
P55010,33,11,22,15,21,12
P56270,39,7,32,27,13,26
P57071,115,5,110,73,45,70
P57737,90,9,81,62,35,55
P62684,39,0,39,20,19,20
P98153,43,2,41,38,7,36
Q01082,214,62,152,116,122,92
Q107X0,17,0,17,12,5,12
Q13370,140,32,108,95,61,79
Q13643,22,1,21,21,2,20
Q14129,8,0,8,7,1,7
Q149N8,137,10,127,86,57,80
Q15036,67,17,50,33,41,26
Q16620,56,0,56,44,12,44
Q19AV6,20,0,20,14,6,14
Q2TAA2,20,2,18,13,7,13
Q49AA0,39,0,39,26,13,26
Q569H4,18,0,18,13,5,13
Q5JPE7,103,4,99,77,28,75
Q5SV17,7,0,7,6,1,6
Q6NVV7,10,0,10,9,1,9
Q6P387,35,0,35,21,14,21
Q6ZSB9,86,2,84,62,26,60
Q7L190,27,3,24,12,16,11
Q7Z2Z1,318,79,239,175,196,122
Q7Z443,156,0,156,122,34,122
Q86UF2,68,6,62,33,39,29
Q86VP1,63,20,43,36,37,26
Q86XD5,54,11,43,38,19,35
Q86YJ5,31,0,31,20,11,20
Q8IXP5,42,0,42,24,18,24
Q8N271,66,7,59,51,20,46
Q8N511,11,0,11,5,6,5
Q8N653,53,0,53,41,12,41
Q8N680,62,12,50,40,14,48
Q8N7L0,11,0,11,5,6,5
Q8NCQ5,42,0,42,31,11,31
Q8NCW0,36,0,36,19,17,19
Q8NFT2,40,3,37,32,5,35
Q8NG04,55,0,55,42,13,42
Q8NGI9,31,0,31,28,3,28
Q8NHK3,44,0,44,27,17,27
Q8WV83,49,2,47,35,14,35
Q8WWF5,34,0,34,25,9,25
Q8WWI5,44,3,41,32,13,31
Q92502,114,9,105,64,59,55
Q92817,160,30,130,77,103,57
Q92985,36,3,33,20,17,19
Q969T9,19,4,15,12,5,14
Q96EY5,46,14,32,29,25,21
Q96NT5,32,0,32,30,2,30
Q99453,32,0,32,23,9,23
Q9BQD3,19,1,18,11,7,12
Q9BTE0,14,0,14,12,2,12
Q9BW66,19,3,16,12,10,9
Q9BWL3,23,4,19,9,16,7
Q9GZP1,23,6,17,15,12,11
Q9H0E3,119,12,107,81,44,75
Q9H3T3,67,4,63,50,19,48
Q9H7U1,122,17,105,67,70,52
Q9NV29,16,2,14,13,5,11
Q9NZN4,34,9,25,19,16,18
Q9UBC0,44,2,42,26,18,26
Q9Y2E8,37,1,36,32,6,31
Q9Y3B2,22,3,19,17,6,16
Q9Y3D5,8,1,7,3,4,4
Q9Y448,28,8,20,17,15,13
Q9Y4A0,35,2,33,18,19,16
Q9Y4Z2,20,0,20,6,14,6
Q9Y6M4,34,8,26,14,22,12
A0A087WW87,16,0,16,11,5,11
A0A5B7,13,0,13,11,2,11
A6NKX4,42,0,42,22,20,22
D6RF30,43,0,43,18,25,18
E9PIF3,24,0,24,16,8,16
O00230,7,0,7,4,3,4
O14602,4,1,3,1,4,0
O15258,11,3,8,7,5,6
O15484,40,3,37,24,19,21
O43399,41,19,22,22,20,21
O75140,167,11,156,106,68,99
O75635,34,2,32,25,11,23
O95988,10,0,10,6,4,6
P01566,17,0,17,12,5,12
P0C7N8,35,2,33,32,1,34
P12955,31,2,29,19,12,19
P16070,105,18,87,73,30,75
P20648,61,5,56,42,20,41
P21579,15,1,14,11,5,10
P26678,2,1,1,1,2,0
P35321,1,0,1,1,0,1
P49146,27,0,27,19,8,19
P52292,46,12,34,31,19,27
P55073,22,0,22,15,7,15
P55212,16,2,14,14,4,12
P55851,21,2,19,11,12,9
P60507,54,0,54,43,11,43
P60510,15,1,14,9,7,8
P63132,49,0,49,32,17,32
P81133,92,2,90,48,44,48
Q01892,23,4,19,13,10,13
Q04727,108,24,84,69,53,55
Q06265,34,8,26,20,22,12
Q13098,40,3,37,23,20,20
Q13261,36,0,36,26,10,26
Q13591,94,3,91,67,28,66
Q15743,25,3,22,19,5,20
Q16890,36,13,23,22,15,21
Q3I5F7,21,3,18,14,4,17
Q53EV4,16,0,16,13,3,13
Q5GH77,31,0,31,24,7,24
Q5H9F3,227,25,202,145,93,134
Q5SYC1,18,2,16,9,9,9
Q5T0W9,178,64,114,101,95,83
Q5U5Z8,68,3,65,49,20,48
Q5VYK3,166,13,153,112,49,117
Q68DV7,85,1,84,56,30,55
Q6ICB0,17,1,16,15,3,14
Q6UUV7,112,29,83,70,51,61
Q6UXV3,15,0,15,11,4,11
Q6Y288,39,0,39,25,14,25
Q6YP21,40,4,36,28,14,26
Q6ZN16,98,6,92,63,39,59
Q6ZRI0,247,0,247,172,75,172
Q8N4U5,49,5,44,32,22,27
Q8N690,8,1,7,7,2,6
Q8N6F7,21,7,14,11,13,8
Q8N9L9,20,0,20,13,7,13
Q8NGH6,20,0,20,20,0,20
Q8TAF8,15,0,15,13,2,13
Q8TD17,56,2,54,43,13,43
Q8TD23,37,1,36,29,9,28
Q8TD91,54,1,53,29,26,28
Q8WVF1,21,1,20,10,12,9
Q969Q1,23,3,20,17,9,14
Q969W1,20,0,20,16,4,16
Q96A19,45,9,36,22,26,19
Q96BD5,56,7,49,39,18,38
Q96C86,17,3,14,10,8,9
Q96LZ7,31,8,23,17,18,13
Q96PG8,11,0,11,2,9,2
Q96QS6,31,3,28,18,12,19
Q96SN8,206,40,166,126,88,118
Q96T60,32,5,27,23,14,18
Q99547,9,3,6,6,6,3
Q99832,31,7,24,20,8,23
Q9BQ04,30,4,26,22,12,18
Q9BXC1,20,1,19,17,4,16
Q9BXG8,27,0,27,24,3,24
Q9GZN2,25,3,22,16,12,13
Q9GZY4,9,0,9,4,5,4
Q9H1F0,3,0,3,2,1,2
Q9HAI6,47,0,47,32,15,32
Q9HBV1,22,0,22,13,9,13
Q9HCS7,43,1,42,28,14,29
Q9NUL5,27,5,22,13,11,16
Q9NUQ2,19,3,16,9,11,8
Q9NYJ8,99,16,83,63,46,53
Q9P299,13,0,13,9,4,9
Q9P2F9,38,2,36,28,12,26
Q9P2T1,29,3,26,18,14,15
Q9UKA2,55,2,53,43,12,43
Q9ULD8,101,3,98,70,32,69
Q9UN71,91,1,90,66,26,65
Q9UPQ8,39,0,39,29,10,29
Q9Y3P9,105,18,87,65,50,55
Q9Y468,82,2,80,56,28,54
A0A0B4J1U7,17,0,17,15,2,15
A0A1B0GUS4,3,0,3,2,1,2
A6NI15,22,0,22,16,6,16
A6NJI9,15,0,15,6,9,6
B0L3A2,10,0,10,10,0,10
O00258,11,0,11,9,2,9
O15027,435,171,264,277,221,214
O15354,43,0,43,28,15,28
O43402,12,3,9,6,9,3
O60231,71,10,61,49,30,41
O60266,91,11,80,64,24,67
O60479,38,5,33,25,16,22
O94886,64,9,55,49,22,42
O95521,34,0,34,23,11,23
O95749,19,5,14,10,6,13
P00749,34,2,32,28,4,30
P01375,21,3,18,9,11,10
P01763,16,1,15,16,1,15
P04920,98,17,81,59,48,50
P07585,27,1,26,23,3,24
P0C7T3,22,0,22,21,1,21
P0CK97,29,5,24,17,15,14
P11766,25,5,20,16,10,15
P13584,29,0,29,18,11,18
P17302,55,20,35,34,25,30
P23435,16,0,16,12,4,12
P25100,48,2,46,29,19,29
P30411,36,4,32,25,11,25
P32245,32,0,32,27,5,27
P38405,19,1,18,12,8,11
P40818,117,25,92,69,57,60
P59036,7,0,7,1,6,1
P78545,46,6,40,29,19,27
Q01118,113,7,106,80,40,73
Q05215,47,0,47,29,18,29
Q05469,118,13,105,71,52,66
Q06495,55,3,52,47,11,44
Q13123,35,8,27,21,22,13
Q14108,27,1,26,18,10,17
Q14392,63,2,61,47,14,49
Q14667,195,6,189,124,75,120
Q14699,70,17,53,45,34,36
Q15233,17,5,12,10,10,7
Q15617,33,0,33,31,2,31
Q16849,87,3,84,48,42,45
Q32ZL2,13,0,13,8,5,8
Q504U0,16,0,16,12,4,12
Q5T1M5,168,47,121,102,89,79
Q5T447,52,2,50,36,16,36
Q6NUJ5,70,12,58,38,44,26
Q6P1A2,27,2,25,18,7,20
Q6QEF8,32,1,31,26,7,25
Q7Z602,15,0,15,13,2,13
Q7Z7L7,58,1,57,45,14,44
Q86WZ6,66,0,66,53,13,53
Q86Y29,8,0,8,6,2,6
Q8IW92,40,0,40,33,7,33
Q8IYS8,12,0,12,5,7,5
Q8IZY5,9,0,9,2,7,2
Q8N4Q0,32,2,30,25,9,23
Q8N5W8,4,0,4,4,0,4
Q8NA69,26,1,25,17,8,18
Q8NC51,52,25,27,25,38,14
Q8TDB6,91,23,68,53,39,52
Q92542,66,1,65,47,20,46
Q96A11,20,0,20,10,10,10
Q96AA3,39,3,36,26,12,27
Q96DF8,42,10,32,20,28,14
Q96IQ7,40,2,38,30,10,30
Q96JE7,132,18,114,81,61,71
Q96KN1,28,6,22,14,14,14
Q96MN5,18,2,16,4,16,2
Q96R54,28,0,28,26,2,26
Q96S79,10,0,10,9,1,9
Q99558,91,2,89,54,37,54
Q9BRG2,49,13,36,31,25,24
Q9BRN9,18,2,16,15,3,15
Q9BYU1,30,1,29,23,8,22
Q9C0C9,159,36,123,96,77,82
Q9GZT3,7,2,5,3,6,1
Q9NQQ7,33,2,31,26,9,24
Q9NS64,7,0,7,5,2,5
Q9NVJ2,10,1,9,8,3,7
Q9NW82,58,4,54,40,20,38
Q9NXJ0,28,0,28,26,2,26
Q9NY28,33,1,32,25,9,24
Q9NZD1,16,0,16,15,1,15
Q9UKP6,27,0,27,16,11,16
Q9ULE3,108,11,97,52,63,45
Q9UPQ7,111,23,88,59,59,52
Q9XRX5,7,0,7,3,4,3
Q9Y2C4,27,0,27,18,9,18
Q9Y2R0,6,2,4,3,3,3
Q9Y337,26,0,26,19,7,19
Q9Y3C6,6,2,4,4,2,4
Q9Y5H1,85,3,82,57,27,58
Q9Y5I0,85,2,83,63,22,63
Q9Y6R0,51,12,39,33,30,21
A0A075B734,25,0,25,18,7,18
A0A1B0GVD1,6,0,6,5,1,5
A0A2R8Y4M2,1,0,1,1,0,1
A0A8I5KQE6,13,0,13,9,4,9
A4D0Y5,4,0,4,4,0,4
A5YKK6,152,9,143,118,39,113
A6NNW6,40,0,40,31,9,31
A8MV65,32,0,32,23,9,23
A8MWA4,26,2,24,23,3,23
O00273,44,11,33,28,21,23
O00501,9,0,9,6,3,6
O15273,10,3,7,5,8,2
O43556,25,0,25,19,6,19
O60547,21,3,18,12,10,11
O75323,18,2,16,6,14,4
O75494,68,25,43,26,67,1
O75962,336,53,283,209,140,196
O76099,31,0,31,28,3,28
O95630,34,7,27,22,15,19
O96006,44,2,42,31,13,31
O96007,20,1,19,14,7,13
P00450,67,7,60,47,21,46
P01588,14,2,12,9,3,11
P01715,14,0,14,10,4,10
P08686,25,0,25,18,7,18
P0C2L3,12,0,12,6,6,6
P0DMS9,21,0,21,14,7,14
P10071,238,27,211,145,110,128
P13765,16,0,16,9,7,9
P16298,32,3,29,19,16,16
P17213,45,0,45,36,9,36
P20671,3,0,3,0,3,0
P33121,40,9,31,24,23,17
P42785,38,0,38,27,11,27
P43119,32,2,30,23,11,21
P49321,103,43,60,56,54,49
P49758,32,0,32,20,12,20
P51172,78,3,75,48,33,45
P52737,48,5,43,32,19,29
P56750,9,0,9,8,1,8
Q0IIN9,18,0,18,7,11,7
Q0VAF6,12,0,12,11,1,11
Q13064,39,0,39,25,14,25
Q13224,154,13,141,106,55,99
Q13432,24,7,17,16,11,13
Q15119,35,0,35,25,10,25
Q15477,93,13,80,58,44,49
Q15782,33,1,32,27,5,28
Q2M2W7,24,0,24,7,17,7
Q5DT21,4,0,4,4,0,4
Q5SZK8,245,4,241,148,97,148
Q5T4S7,537,52,485,380,173,364
Q5T6V5,27,3,24,18,10,17
Q5W5W9,14,0,14,10,4,10
Q6EKJ0,86,4,82,61,27,59
Q6JQN1,65,2,63,40,25,40
Q6ZNG1,64,2,62,45,17,47
Q6ZPB5,19,0,19,16,3,16
Q6ZR52,51,1,50,36,16,35
Q7L3V2,28,0,28,22,6,22
Q7Z2Y5,144,13,131,76,77,67
Q7Z442,209,1,208,149,61,148
Q7Z4T9,45,1,44,25,19,26
Q86UD4,47,3,44,34,14,33
Q86VI1,54,2,52,31,23,31
Q86VW2,45,2,43,28,19,26
Q8IUX7,52,4,48,32,24,28
Q8IV48,29,5,24,20,12,17
Q8IVB5,24,0,24,12,12,12
Q8IWZ8,58,14,44,30,34,24
Q8IZP6,18,0,18,11,7,11
Q8N910,10,0,10,5,5,5
Q8NFP4,70,0,70,43,27,43
Q8NFU4,6,0,6,2,4,2
Q8NHG8,48,19,29,27,22,26
Q8NHU6,82,7,75,52,33,49
Q8TAV3,18,0,18,10,8,10
Q8TCX1,23,1,22,15,7,16
Q8TDV5,26,0,26,19,7,19
Q8TEH3,96,18,78,61,51,45
Q8TEM1,184,14,170,125,63,121
Q8WZ60,39,2,37,28,11,28
Q96AY2,56,10,46,32,30,26
Q96NJ6,45,3,42,32,16,29
Q96R47,23,0,23,21,2,21
Q99684,52,6,46,31,27,25
Q9BRC7,61,1,60,40,22,39
Q9BTZ2,23,1,22,15,7,16
Q9C0B2,117,1,116,77,39,78
Q9NR81,49,0,49,25,24,25
Q9NST1,48,1,47,28,19,29
Q9NUK0,16,0,16,14,2,14
Q9NUS5,9,0,9,4,5,4
Q9UBP4,20,0,20,16,4,16
Q9ULD6,90,5,85,52,43,47
Q9UM13,14,1,13,12,1,13
Q9Y2P0,46,0,46,34,12,34
Q9Y6K5,76,6,70,51,25,51
A0A096LP01,10,0,10,6,4,6
A0A0G2JLW4,16,0,16,10,6,10
A0A1B0GWG4,8,0,8,5,3,5
A0A1W2PQ09,13,0,13,4,9,4
A6NFX1,41,0,41,29,12,29
A6NGC4,23,1,22,20,4,19
B2RXH8,28,0,28,4,24,4
H3BU77,4,0,4,1,3,1
O15440,134,16,118,81,57,77
O43150,86,15,71,47,40,46
O43505,20,0,20,17,3,17
O75325,44,0,44,33,11,33
O75970,239,32,207,151,90,149
O76011,43,1,42,36,8,35
O95944,30,0,30,21,9,21
P01148,6,0,6,3,3,3
P01584,19,1,18,13,7,12
P07315,12,0,12,11,1,11
P07949,97,7,90,60,40,57
P09960,55,11,44,37,11,44
P0C7H8,8,0,8,8,0,8
P0CW23,4,0,4,2,2,2
P15882,20,2,18,10,12,8
P19544,46,2,44,34,14,32
P28340,77,11,66,53,25,52
P30988,17,0,17,14,3,14
P41231,29,3,26,21,11,18
P42336,60,4,56,47,15,45
P47869,30,0,30,22,8,22
P48065,41,0,41,35,6,35
P48357,130,2,128,105,23,107
P49327,247,50,197,164,87,160
P49761,66,15,51,27,54,12
P52943,17,6,11,11,10,7
P57727,38,0,38,29,9,29
P60006,5,0,5,2,3,2
P62873,29,4,25,25,8,21
P82914,12,2,10,5,9,3
Q02930,55,5,50,36,18,37
Q04721,204,23,181,151,60,144
Q13541,20,10,10,10,10,10
Q15746,203,39,164,121,107,96
Q16236,77,11,66,54,28,49
Q16555,63,22,41,41,34,29
Q16773,25,0,25,17,8,17
Q3T906,91,3,88,66,24,67
Q5BKX8,34,3,31,15,22,12
Q5JQS5,24,0,24,21,3,21
Q5T7N2,108,30,78,51,67,41
Q5TBE3,6,0,6,3,3,3
Q5TC12,21,4,17,11,14,7
Q6UXD5,64,0,64,38,26,38
Q6WCQ1,132,42,90,71,73,59
Q6ZQR2,15,0,15,6,9,6
Q6ZVW7,32,2,30,23,9,23
Q7L8C5,30,0,30,22,8,22
Q7Z419,13,0,13,9,4,9
Q8N7P1,47,0,47,32,15,32
Q8N9N5,50,5,45,32,21,29
Q8NCP5,75,8,67,56,23,52
Q8NGP4,17,0,17,13,4,13
Q8WWN8,139,10,129,78,69,70
Q8WXE0,134,35,99,81,78,56
Q8WXI3,27,0,27,14,13,14
Q92625,163,45,118,102,76,87
Q969X0,9,0,9,4,5,4
Q96AV8,119,11,108,67,59,60
Q96B23,83,21,62,50,36,47
Q96EK4,22,1,21,19,4,18
Q96EL3,9,1,8,5,3,6
Q96IZ6,20,0,20,16,4,16
Q96JH8,106,9,97,60,55,51
Q96MV1,23,0,23,19,4,19
Q96PN6,98,5,93,72,29,69
Q96QR1,8,0,8,8,0,8
Q99932,55,0,55,39,16,39
Q9BS34,41,2,39,34,7,34
Q9BT88,34,2,32,17,19,15
Q9BV20,18,2,16,12,6,12
Q9C0B7,77,3,74,60,18,59
Q9GZS0,41,0,41,24,17,24
Q9GZS1,38,7,31,23,22,16
Q9H0R3,9,0,9,6,3,6
Q9H3H5,20,0,20,17,3,17
Q9H5I5,225,14,211,144,93,132
Q9H7Y0,43,0,43,33,10,33
Q9HBH0,13,2,11,9,4,9
Q9NVK5,16,2,14,7,11,5
Q9NVN8,43,9,34,23,25,18
Q9NWM3,36,6,30,17,23,13
Q9NZM1,143,23,120,93,59,84
Q9UH65,31,4,27,20,15,16
Q9UHA4,11,0,11,10,1,10
Q9UHJ6,43,2,41,29,12,31
Q9UL33,10,0,10,7,3,7
Q9UNX9,29,0,29,17,12,17
Q9UPN6,115,9,106,63,57,58
Q9Y2L6,133,17,116,72,76,57
Q9Y6F1,34,2,32,25,11,23
A0A7P0TBJ1,27,0,27,19,8,19
A0A8Q3WLD3,3,0,3,3,0,3
A1L4L8,13,0,13,8,5,8
A6NDX5,49,0,49,35,14,35
A6QL63,90,2,88,62,28,62
O00219,37,0,37,28,9,28
O00442,18,2,16,12,8,10
O00763,184,23,161,111,82,102
O14948,35,3,32,21,13,22
O15040,171,12,159,129,52,119
O15172,6,0,6,2,4,2
O43432,149,19,130,88,74,75
O60245,108,15,93,73,46,62
O60308,70,6,64,44,28,42
O60716,127,56,71,71,62,65
O60934,97,29,68,61,31,66
O75175,95,11,84,66,32,63
O95450,87,3,84,58,30,57
O95522,32,0,32,28,4,28
O95754,60,5,55,36,29,31
O95907,27,0,27,19,8,19
O95967,34,0,34,30,4,30
O95999,31,9,22,19,13,18
P01031,141,4,137,104,39,102
P05177,39,3,36,31,9,30
P05783,65,31,34,34,42,23
P07910,55,24,31,26,47,8
P0C7P1,70,0,70,17,53,17
P0C7W8,41,0,41,20,21,20
P10073,53,1,52,36,18,35
P10636,120,43,77,61,78,42
P13945,23,0,23,18,5,18
P15173,19,0,19,13,6,13
P17658,36,1,35,27,10,26
P17676,36,11,25,22,15,21
P23409,26,0,26,15,11,15
P27797,29,10,19,17,18,11
P29323,86,8,78,64,18,68
P32942,46,4,42,37,11,35
P35542,13,0,13,11,2,11
P36896,29,1,28,19,11,18
P37837,26,7,19,13,16,10
P56202,21,0,21,14,7,14
P62068,20,0,20,16,4,16
P78560,11,0,11,7,4,7
Q08345,57,3,54,32,26,31
Q12798,6,0,6,4,2,4
Q13423,65,3,62,56,8,57
Q13634,59,1,58,44,16,43
Q14432,151,38,113,92,79,72
Q15619,27,0,27,22,5,22
Q16570,27,0,27,25,2,25
Q16613,13,0,13,7,6,7
Q4VXU2,46,5,41,26,23,23
Q5DID0,119,0,119,82,37,82
Q5VT33,2,0,2,1,1,1
Q5VVC0,16,0,16,11,5,11
Q5VZY2,18,0,18,12,6,12
Q6KB66,56,12,44,28,36,20
Q6P161,4,0,4,2,2,2
Q6ZV60,10,0,10,5,5,5
Q7L1V2,50,5,45,28,23,27
Q7L211,28,0,28,17,11,17
Q7Z4G4,37,3,34,26,12,25
Q7Z5A7,8,0,8,6,2,6
Q7Z7M1,67,0,67,47,20,47
Q8IZS6,13,0,13,7,6,7
Q8NA03,74,8,66,39,41,33
Q8TAG9,50,3,47,32,17,33
Q8TE56,74,1,73,49,26,48
Q8TF27,75,6,69,52,27,48
Q92526,20,3,17,15,6,14
Q92552,37,7,30,21,19,18
Q96CX2,47,14,33,26,23,24
Q96DU3,44,6,38,30,16,28
Q96KK3,41,0,41,30,11,30
Q96MU5,26,0,26,13,13,13
Q96SF7,77,3,74,47,33,44
Q9BVR0,87,3,84,61,29,58
Q9C0E4,94,2,92,42,54,40
Q9C0I1,62,12,50,43,31,31
Q9H336,39,1,38,28,10,29
Q9HBM6,22,6,16,15,9,13
Q9NQ39,6,0,6,3,3,3
Q9NRX4,15,6,9,8,11,4
Q9NYL2,127,45,82,66,64,63
Q9P021,6,0,6,5,1,5
Q9P2F6,162,7,155,100,65,97
Q9UBG3,46,0,46,34,12,34
Q9UBI9,39,7,32,20,24,15
Q9ULJ6,96,1,95,72,25,71
Q9Y223,43,2,41,36,9,34
Q9Y2U8,115,33,82,65,63,52
Q9Y490,246,70,176,159,89,157
Q9Y4D1,81,7,74,50,34,47
Q9Y4F5,229,60,169,110,157,72
Q9Y4H4,18,6,12,11,13,5
Q9Y605,4,0,4,2,2,2
Q9Y6P5,34,3,31,20,17,17
A0A0B4J1U6,9,0,9,6,3,6
A0A1B0GTQ4,5,0,5,2,3,2
A0A1W2PRS3,20,0,20,17,3,17
A0A5F9ZHS0,8,0,8,5,3,5
A1Z1Q3,26,0,26,13,13,13
A2A3L6,35,0,35,12,23,12
A5PLL7,9,0,9,6,3,6
A6NC78,43,0,43,21,22,21
A8K0R7,95,9,86,59,41,54
B2RPK0,12,0,12,5,7,5
C9JVW0,11,0,11,5,6,5
O60830,8,0,8,5,3,5
O75151,143,32,111,80,91,52
O94903,22,4,18,16,8,14
O95342,102,10,92,72,36,66
P00441,18,8,10,10,4,14
P01562,19,2,17,12,7,12
P08779,75,22,53,42,49,26
P0C841,2,0,2,0,2,0
P13682,42,1,41,35,8,34
P13716,20,3,17,12,11,9
P16109,71,1,70,63,7,64
P22760,27,1,26,22,4,23
P29320,83,3,80,56,24,59
P35237,31,5,26,22,6,25
P35754,5,1,4,3,1,4
P40222,49,13,36,29,29,20
P48736,71,5,66,42,28,43
P49747,36,0,36,27,9,27
P51808,6,0,6,6,0,6
P51946,26,5,21,15,16,10
Q03112,148,14,134,91,65,83
Q05209,111,40,71,64,63,48
Q05932,40,2,38,31,11,29
Q12846,26,8,18,15,15,11
Q13057,48,9,39,34,15,33
Q14264,44,0,44,30,14,30
Q14651,51,7,44,37,17,34
Q15814,31,3,28,20,14,17
Q16531,96,12,84,73,25,71
Q17R31,16,0,16,7,9,7
Q2TAC2,62,4,58,28,34,28
Q2TB90,44,4,40,28,20,24
Q49AG3,68,1,67,48,19,49
Q4G0J3,63,21,42,31,45,18
Q58FG1,25,0,25,16,9,16
Q5SRE5,160,19,141,111,62,98
Q5T655,38,1,37,14,25,13
Q68EM7,109,32,77,69,48,61
Q6DHY5,35,0,35,22,13,22
Q6ZW05,78,0,78,57,21,57
Q7Z422,28,13,15,14,23,5
Q86X95,74,11,63,27,58,16
Q8IZA0,109,6,103,77,34,75
Q8IZF3,63,0,63,51,12,51
Q8IZK6,36,0,36,27,9,27
Q8IZU1,4,0,4,2,2,2
Q8N1E6,37,0,37,27,10,27
Q8N4Q1,7,0,7,5,2,5
Q8N755,14,0,14,12,2,12
Q8N7B9,37,2,35,20,19,18
Q8N9T8,44,0,44,10,34,10
Q8ND83,98,19,79,52,53,45
Q8NGB8,23,0,23,20,3,20
Q8NHH9,37,6,31,24,13,24
Q8NHX4,30,0,30,16,14,16
Q8TAX0,21,4,17,12,9,12
Q8TEA7,67,2,65,44,25,42
Q92667,122,31,91,78,43,79
Q969F2,42,9,33,21,30,12
Q96BQ1,15,0,15,7,8,7
Q96LR7,9,0,9,4,5,4
Q96ME7,56,4,52,35,21,35
Q96RC9,31,0,31,29,2,29
Q99575,97,17,80,60,40,57
Q99676,69,5,64,53,19,50
Q9BQI5,110,26,84,57,77,33
Q9BSH4,22,1,21,15,6,16
Q9BWT1,44,6,38,16,32,12
Q9BXS1,10,0,10,5,5,5
Q9BYI3,80,13,67,57,24,56
Q9BZE1,18,0,18,7,11,7
Q9H1X3,18,1,17,12,5,13
Q9H756,35,2,33,32,3,32
Q9HAY6,33,1,32,22,10,23
Q9HCE0,224,4,220,168,58,166
Q9NP61,101,30,71,63,58,43
Q9NR63,36,1,35,26,11,25
Q9NRZ9,68,15,53,37,44,24
Q9P2G1,117,22,95,69,50,67
Q9UID3,58,11,47,35,32,26
Q9UK13,53,1,52,37,17,36
Q9UN86,40,8,32,25,15,25
Q9UPT6,140,17,123,89,58,82
Q9Y3A6,17,1,16,12,6,11
Q9Y5E7,61,0,61,48,13,48
Q9Y6K8,40,5,35,19,24,16
A6NDE8,3,0,3,0,3,0
B6A8C7,27,2,25,16,13,14
O15085,190,43,147,95,116,74
O15399,91,1,90,59,33,58
O43903,32,6,26,19,17,15
O60333,212,30,182,132,84,128
O60658,63,9,54,40,28,35
O75631,29,1,28,22,6,23
O75638,14,2,12,6,10,4
O75871,18,0,18,14,4,14
O94925,48,4,44,29,21,27
P01876,38,0,38,29,9,29
P03956,22,3,19,15,6,16
P04435,7,0,7,3,4,3
P05187,38,9,29,22,19,19
P05198,24,8,16,14,12,12
P06213,120,17,103,79,38,82
P07098,25,0,25,20,5,20
P09936,12,2,10,7,5,7
P0CAT3,10,0,10,2,8,2
P0CJ86,23,0,23,12,11,12
P14543,94,4,90,67,29,65
P15880,21,7,14,12,12,9
P17023,33,0,33,26,7,26
P23246,48,13,35,27,28,20
P29973,45,0,45,25,20,25
P30990,12,0,12,8,4,8
P35442,77,3,74,54,24,53
P38159,111,50,61,52,101,10
P43307,16,4,12,9,5,11
P43366,24,2,22,17,7,17
P46060,48,13,35,29,14,34
P48200,77,3,74,47,33,44
P51800,53,2,51,43,8,45
P51957,108,20,88,55,69,39
P56693,58,9,49,41,26,32
P58397,141,8,133,116,27,114
P60411,49,0,49,45,4,45
P62256,13,2,11,8,5,8
P62807,22,11,11,11,22,0
P63215,5,1,4,4,2,3
Q01518,64,22,42,38,26,38
Q02809,36,3,33,23,12,24
Q05586,76,6,70,48,32,44
Q15054,61,14,47,29,34,27
Q29RF7,116,27,89,72,51,65
Q2M1V0,15,0,15,8,7,8
Q2WGJ9,132,4,128,80,56,76
Q3LI58,6,0,6,6,0,6
Q5GH76,65,1,64,41,25,40
Q5T6S3,58,5,53,42,19,39
Q5TGL8,18,1,17,13,6,12
Q5THJ4,388,0,388,256,132,256
Q6DN12,96,13,83,61,40,56
Q6IS24,38,2,36,20,18,20
Q6ZNE5,57,7,50,35,29,28
Q76KP1,68,3,65,33,34,34
Q7RTY1,34,0,34,28,6,28
Q7Z403,62,6,56,36,32,30
Q7Z5P9,1132,0,1132,896,236,896
Q86V88,10,1,9,5,4,6
Q8IUS5,21,0,21,20,1,20
Q8N326,11,0,11,4,7,4
Q8N328,38,0,38,26,12,26
Q8N3F8,125,38,87,68,73,52
Q8NBP0,58,2,56,33,23,35
Q8NGY1,30,0,30,25,5,25
Q8NH85,24,1,23,21,4,20
Q8NH94,30,0,30,26,4,26
Q8NI38,8,0,8,6,2,6
Q8TAA5,8,0,8,4,4,4
Q8TDW4,38,2,36,25,13,25
Q8TEZ7,25,0,25,22,3,22
Q92973,55,8,47,41,16,39
Q92993,49,7,42,29,21,28
Q969F9,84,7,77,63,26,58
Q969S2,29,2,27,17,14,15
Q969V4,19,0,19,6,13,6
Q96GA7,18,1,17,16,1,17
Q96HT8,7,1,6,3,5,2
Q96I27,24,0,24,17,7,17
Q96IR2,75,2,73,53,24,51
Q96M83,127,0,127,65,62,65
Q96NJ5,37,0,37,27,10,27
Q96R30,22,0,22,21,1,21
Q99814,96,2,94,68,28,68
Q9BPZ2,18,1,17,5,14,4
Q9BQ90,23,0,23,12,11,12
Q9BRK4,88,23,65,49,56,32
Q9BS91,41,3,38,33,11,30
Q9BWV1,99,3,96,56,42,57
Q9GZR7,68,18,50,44,32,36
Q9HC58,49,2,47,37,12,37
Q9UGH3,50,4,46,38,12,38
Q9UHC1,158,8,150,96,66,92
Q9UKS7,66,16,50,40,34,32
Q9UKZ9,26,4,22,16,14,12
Q9ULC0,36,1,35,29,6,30
Q9ULT6,109,3,106,75,37,72
Q9Y6Z5,24,0,24,15,9,15
A0A075B6W5,11,0,11,9,2,9
A0A0B4J235,10,0,10,8,2,8
A0A0B4J248,10,0,10,6,4,6
A3KMH1,127,3,124,74,54,73
A4D263,34,0,34,23,11,23
A9QM74,35,2,33,26,7,28
F2Z3F1,9,0,9,4,5,4
O14949,7,2,5,3,6,1
O43813,17,2,15,14,3,14
O60765,72,3,69,54,21,51
O75310,33,0,33,25,8,25
O75914,46,5,41,26,23,23
O95718,39,2,37,24,15,24
O95758,47,5,42,33,19,28
O95801,28,7,21,17,12,16
O95970,48,1,47,31,18,30
P02452,71,12,59,37,42,29
P03915,49,0,49,44,5,44
P06748,45,22,23,23,32,13
P0CL84,6,0,6,5,1,5
P0DN78,28,0,28,22,6,22
P0DPB6,6,0,6,4,2,4
P26368,42,14,28,25,27,15
P27448,127,45,82,61,77,50
P29622,35,0,35,29,6,29
P35346,22,1,21,18,5,17
P41227,27,9,18,17,11,16
P46736,31,4,27,21,14,17
P48751,104,8,96,50,58,46
P49019,28,0,28,21,7,21
P49069,37,9,28,22,24,13
P50548,81,25,56,46,48,33
P54920,26,6,20,18,12,14
P59780,9,1,8,7,3,6
P62820,21,8,13,11,12,9
Q00526,18,1,17,10,7,11
Q01534,15,0,15,11,4,11
Q07627,28,0,28,27,1,27
Q13148,60,23,37,33,24,36
Q15022,73,13,60,50,32,41
Q15645,42,8,34,27,15,27
Q2WGN9,76,0,76,57,19,57
Q3KNV8,14,0,14,10,4,10
Q58WW2,106,7,99,69,42,64
Q5T7B8,184,41,143,108,105,79
Q5TC04,13,0,13,6,7,6
Q5U649,26,0,26,21,5,21
Q6DN14,88,5,83,45,44,44
Q6NUK4,24,8,16,11,19,5
Q6PIY7,40,6,34,27,17,23
Q6UW10,9,0,9,7,2,7
Q6W5P4,37,2,35,33,2,35
Q6ZT89,22,0,22,16,6,16
Q7Z5H4,32,0,32,24,8,24
Q86UA1,36,0,36,16,20,16
Q86Y39,5,0,5,5,0,5
Q86YF9,73,2,71,39,36,37
Q8N139,123,4,119,88,35,88
Q8N184,44,0,44,32,12,32
Q8N187,69,2,67,46,25,44
Q8N3K9,551,30,521,330,243,308
Q8N3V7,173,51,122,102,92,81
Q8N6T7,23,5,18,13,15,8
Q8ND94,7,0,7,5,2,5
Q8NEJ0,18,0,18,13,5,13
Q8NFQ6,50,0,50,40,10,40
Q8TA86,11,1,10,3,9,2
Q8WXI8,14,0,14,10,4,10
Q92536,48,4,44,40,10,38
Q96BD8,16,2,14,11,7,9
Q96DT0,20,1,19,10,11,9
Q96FB5,22,0,22,14,8,14
Q96N28,13,0,13,9,4,9
Q96PQ5,23,3,20,16,8,15
Q96RV3,309,17,292,189,129,180
Q99616,6,0,6,5,1,5
Q9BXU3,32,0,32,17,15,17
Q9C0H9,168,38,130,78,116,52
Q9H489,17,0,17,9,8,9
Q9HCJ6,24,2,22,17,7,17
Q9NRR6,86,13,73,41,50,36
Q9NVV5,16,1,15,13,4,12
Q9NWQ4,69,13,56,38,36,33
Q9NX36,21,0,21,12,9,12
Q9NYW5,32,0,32,25,7,25
Q9NYY1,11,0,11,5,6,5
Q9NZ42,3,0,3,3,0,3
Q9UGB7,14,1,13,10,5,9
Q9UHV2,21,0,21,17,4,17
Q9UID6,55,8,47,41,18,37
Q9ULV0,130,17,113,78,53,77
Q9UMD9,207,30,177,131,92,115
Q9UPN9,122,24,98,76,50,72
Q9Y3B8,14,1,13,10,3,11
Q9Y5K1,37,1,36,18,20,17
Q9Y6J9,56,8,48,38,26,30
Q9Y6M1,41,5,36,27,19,22
Q9Y6Z7,11,0,11,8,3,8
A2RUH7,18,0,18,10,8,10
A8K830,41,0,41,34,7,34
O00189,56,4,52,32,26,30
O14593,18,1,17,12,7,11
O14669,11,0,11,6,5,6
O15520,22,0,22,14,8,14
O43633,20,9,11,11,6,14
O43909,58,3,55,37,22,36
O60337,40,2,38,32,8,32
O60911,21,0,21,16,5,16
O60925,5,1,4,2,2,3
O75531,3,1,2,2,2,1
O76002,22,0,22,19,3,19
O95398,65,3,62,43,23,42
P00492,13,4,9,7,10,3
P01743,14,0,14,12,2,12
P01859,44,3,41,36,11,33
P0C5Z0,10,1,9,2,9,1
P0CG47,18,9,9,9,18,0
P0DI81,8,1,7,5,4,4
P12645,41,0,41,28,13,28
P14867,27,0,27,18,9,18
P17039,46,0,46,33,13,33
P18827,25,2,23,19,8,17
P19823,77,6,71,56,27,50
P23258,39,6,33,33,10,29
P35968,117,8,109,85,34,83
P43487,12,5,7,6,7,5
P51523,67,3,64,54,16,51
P60866,9,2,7,5,6,3
P61587,28,5,23,16,17,11
P62952,6,0,6,5,1,5
P63133,50,0,50,31,19,31
Q12962,22,2,20,13,9,13
Q13424,48,7,41,27,26,22
Q13573,49,17,32,20,32,17
Q14296,39,4,35,24,17,22
Q14954,33,0,33,23,10,23
Q15776,54,12,42,33,27,27
Q15796,44,11,33,30,15,29
Q5JYT7,102,8,94,61,49,53
Q5T035,26,5,21,17,12,14
Q5T089,27,0,27,16,11,16
Q5T3F8,58,6,52,41,21,37
Q5TA45,30,0,30,24,6,24
Q5UAW9,32,3,29,22,9,23
Q68D85,38,2,36,26,10,28
Q6GTS8,39,0,39,27,12,27
Q6PJW8,77,5,72,52,30,47
Q6UW78,1,0,1,0,1,0
Q6ZMW2,55,0,55,46,9,46
Q6ZMY3,116,0,116,60,56,60
Q6ZNA1,65,0,65,48,17,48
Q709F0,55,3,52,37,19,36
Q7Z5H3,85,9,76,46,48,37
Q86WN2,14,0,14,11,3,11
Q86XF0,11,0,11,6,5,6
Q8N143,54,0,54,27,27,27
Q8N1I8,9,0,9,5,4,5
Q8N365,47,3,44,27,23,24
Q8N6V9,28,0,28,14,14,14
Q8N7X4,58,5,53,33,28,30
Q8NGB6,23,0,23,20,3,20
Q8NGE1,24,0,24,22,2,22
Q8NH21,23,0,23,22,1,22
Q8TCT1,18,0,18,10,8,10
Q8WXF8,28,0,28,8,20,8
Q92879,51,5,46,40,12,39
Q96CS4,40,3,37,12,31,9
Q96IV0,58,1,57,35,24,34
Q96JG8,48,0,48,24,24,24
Q96R08,25,0,25,22,3,22
Q96S38,166,43,123,95,76,90
Q99469,39,3,36,14,28,11
Q9BTP7,12,0,12,4,8,4
Q9BXE9,35,0,35,28,7,28
Q9BXX0,75,1,74,46,30,45
Q9BY66,111,2,109,69,44,67
Q9C0D5,256,50,206,167,101,155
Q9GZS9,32,0,32,21,11,21
Q9GZU3,59,4,55,41,22,37
Q9H0U4,17,4,13,9,10,7
Q9H156,59,2,57,30,29,30
Q9H2L5,28,3,25,18,13,15
Q9H2U6,2,0,2,1,1,1
Q9H2V7,48,2,46,36,12,36
Q9HBG6,93,3,90,66,28,65
Q9HCT0,11,0,11,5,6,5
Q9NPR2,81,6,75,53,34,47
Q9NRD8,107,1,106,70,36,71
Q9P2J5,74,11,63,49,30,44
Q9UBF1,48,1,47,39,10,38
Q9UI10,53,9,44,29,21,32
Q9ULH0,215,48,167,121,136,79
Q9Y225,2,0,2,2,0,2
Q9Y2A4,52,0,52,39,13,39
Q9Y3P4,32,1,31,24,9,23
A0A0J9YX75,8,0,8,5,3,5
A0A8V8TNH8,44,0,44,21,23,21
A6NL08,29,0,29,26,3,26
O00445,21,0,21,14,7,14
O14492,64,6,58,40,30,34
O15072,94,1,93,60,33,61
O43296,55,8,47,39,22,33
O43586,33,5,28,20,14,19
O43826,46,0,46,38,8,38
O60478,32,0,32,25,7,25
O75533,86,27,59,49,30,56
O75541,31,2,29,19,14,17
O94776,60,14,46,38,26,34
O94933,73,1,72,46,28,45
O95433,24,7,17,14,11,13
P01106,82,20,62,50,42,40
P01229,7,0,7,5,2,5
P0CE67,5,0,5,4,1,4
P0CG23,29,3,26,17,15,14
P13747,28,3,25,15,12,16
P20393,86,6,80,57,31,55
P21554,39,2,37,28,11,28
P27707,25,7,18,14,10,15
P28223,51,0,51,40,11,40
P30989,32,3,29,22,13,19
P35232,23,8,15,15,6,17
P43357,27,0,27,22,5,22
P51513,39,2,37,30,11,28
P52742,58,0,58,47,11,47
P55064,17,1,16,13,5,12
P59542,25,1,24,18,6,19
P62079,8,0,8,8,0,8
P62917,11,3,8,5,7,4
P78540,29,1,28,22,8,21
Q04637,154,33,121,78,95,59
Q13227,22,1,21,14,9,13
Q13319,26,1,25,13,14,12
Q14152,93,25,68,48,68,25
Q14320,30,10,20,13,23,7
Q14657,8,0,8,4,4,4
Q14973,19,0,19,16,3,16
Q3SY17,10,0,10,7,3,7
Q5EE01,3,0,3,2,1,2
Q5H9J9,29,0,29,19,10,19
Q5JRV8,38,1,37,24,13,25
Q5JWR5,270,10,260,202,74,196
Q5T2D3,23,2,21,11,14,9
Q5TC84,34,0,34,15,19,15
Q5VV43,109,3,106,76,36,73
Q5VW32,26,1,25,20,5,21
Q6IB77,20,2,18,14,4,16
Q6L9T8,10,0,10,8,2,8
Q6N063,13,0,13,5,8,5
Q6NYC8,80,31,49,38,67,13
Q6P3W6,364,4,360,321,45,319
Q6UW01,13,0,13,9,4,9
Q6VMQ6,173,30,143,123,60,113
Q6ZSS7,66,5,61,50,21,45
Q6ZTZ1,26,0,26,13,13,13
Q7L3T8,25,0,25,15,10,15
Q7Z7A4,60,5,55,45,20,40
Q86XJ1,112,25,87,64,53,59
Q8IYD1,50,5,45,33,20,30
Q8N2M4,16,0,16,14,2,14
Q8NBN7,17,0,17,11,6,11
Q8NHS0,29,0,29,20,9,20
Q8TBB6,63,3,60,48,14,49
Q8TF47,65,5,60,43,25,40
Q8TF64,23,3,20,13,13,10
Q92547,173,32,141,106,63,110
Q96LI5,38,0,38,25,13,25
Q96PX1,90,4,86,59,35,55
Q96Q04,112,3,109,66,49,63
Q96SW2,31,3,28,24,10,21
Q96TA0,64,0,64,51,13,51
Q99527,21,0,21,18,3,18
Q99750,26,3,23,19,10,16
Q9BSQ5,65,14,51,37,32,33
Q9BSY9,19,0,19,17,2,17
Q9BX40,48,13,35,26,23,25
Q9BXW7,21,0,21,16,5,16
Q9C099,72,6,66,51,21,51
Q9H2D6,318,35,283,124,225,93
Q9H5V9,10,2,8,4,8,2
Q9HAB8,27,5,22,14,14,13
Q9NP77,10,2,8,6,6,4
Q9NPG1,57,5,52,36,24,33
Q9NRM0,37,1,36,26,12,25
Q9NV88,58,3,55,50,11,47
Q9NX05,96,6,90,66,34,62
Q9P2S6,76,4,72,50,22,54
Q9UBN1,38,3,35,18,23,15
Q9UJW0,28,3,25,20,9,19
Q9UQ05,97,3,94,47,53,44
Q9Y2C9,70,1,69,63,8,62
Q9Y2L9,66,9,57,39,34,32
Q9Y4E8,86,19,67,53,32,54
Q9Y5J7,2,0,2,1,1,1
Q9Y5X3,36,9,27,20,23,13
A2VCK2,22,2,20,11,13,9
A6NI56,44,0,44,22,22,22
O00506,37,5,32,24,16,21
O14978,61,5,56,40,26,35
O15218,32,0,32,27,5,27
O43683,125,41,84,78,40,85
O60635,9,0,9,7,2,7
O95377,19,0,19,17,2,17
P01768,12,0,12,10,2,10
P08118,5,0,5,5,0,5
P0CG35,2,0,2,2,0,2
P0DTE2,8,0,8,7,1,7
P0DW12,13,0,13,6,7,6
P11215,101,3,98,74,30,71
P12755,81,15,66,48,40,41
P14652,37,4,33,21,14,23
P15153,10,0,10,8,2,8
P15813,31,1,30,24,8,23
P19652,9,0,9,6,3,6
P21815,26,2,24,11,15,11
P34741,23,3,20,13,13,10
P36888,91,3,88,69,23,68
P51451,28,2,26,15,15,13
P56962,17,2,15,13,6,11
P59091,5,0,5,4,1,4
P61163,28,2,26,16,14,14
P62888,10,4,6,6,4,6
P78368,27,7,20,12,14,13
Q08397,43,0,43,22,21,22
Q13237,45,3,42,19,29,16
Q13886,26,1,25,16,11,15
Q14956,41,0,41,25,16,25
Q15043,48,4,44,38,8,40
Q16563,25,5,20,19,7,18
Q16706,112,5,107,78,35,77
Q4FZB7,104,5,99,56,53,51
Q52LA3,14,5,9,7,8,6
Q5EBN2,16,0,16,12,4,12
Q5JTV8,102,36,66,56,48,54
Q5RI15,6,0,6,4,2,4
Q5SVS4,14,0,14,9,5,9
Q5U5X0,6,1,5,2,5,1
Q6BEB4,31,3,28,21,11,20
Q6F5E7,9,0,9,4,5,4
Q6P9F7,72,3,69,53,22,50
Q6QN14,30,0,30,24,6,24
Q6UY01,55,0,55,38,17,38
Q70HW3,25,0,25,19,6,19
Q7L2H7,25,3,22,18,10,15
Q7Z794,59,0,59,24,35,24
Q86SU0,67,9,58,30,46,21
Q86UB9,28,0,28,21,7,21
Q86UT8,22,0,22,13,9,13
Q86UV7,16,0,16,14,2,14
Q86XW9,14,0,14,10,4,10
Q8IWV8,136,9,127,91,52,84
Q8IX21,172,29,143,89,108,64
Q8IZN3,46,3,43,33,14,32
Q8N111,9,2,7,6,5,4
Q8N2N9,121,13,108,53,79,42
Q8N2R0,21,4,17,13,10,11
Q8N6Y1,76,0,76,56,20,56
Q8N972,66,2,64,58,10,56
Q8N9M1,63,16,47,32,35,28
Q8NH70,21,0,21,15,6,15
Q8NH80,20,0,20,17,3,17
Q8TAD8,50,16,34,21,43,7
Q8TAY7,26,2,24,10,18,8
Q8TBM8,28,3,25,16,15,13
Q8TE49,80,5,75,37,48,32
Q8WZ55,25,1,24,11,15,10
Q969H6,9,1,8,6,2,7
Q969S6,6,0,6,5,1,5
Q96EZ4,24,0,24,15,9,15
Q96GI7,21,5,16,13,11,10
Q96HE9,43,10,33,29,20,23
Q96LA8,24,1,23,19,6,18
Q99714,17,6,11,11,2,15
Q9BRP7,53,3,50,43,7,46
Q9BS18,1,0,1,0,1,0
Q9BWD3,4,0,4,3,1,3
Q9BWH2,16,4,12,5,15,1
Q9BXA5,22,0,22,19,3,19
Q9BXT2,12,0,12,9,3,9
Q9BYT1,43,0,43,41,2,41
Q9C0E2,100,7,93,71,32,68
Q9H0B3,88,4,84,55,35,53
Q9H0R1,45,2,43,32,13,32
Q9HCE6,114,7,107,67,54,60
Q9NQ84,48,19,29,29,20,28
Q9NVL8,19,1,18,11,9,10
Q9NVU0,62,8,54,40,26,36
Q9NYV7,23,0,23,20,3,20
Q9NZF1,4,0,4,4,0,4
Q9NZH0,23,5,18,16,12,11
Q9ULL1,213,41,172,126,120,93
Q9Y376,18,1,17,11,6,12
Q9Y5K5,21,2,19,16,3,18
Q9Y5X1,62,15,47,42,25,37
Q9Y657,27,10,17,13,22,5
A0A1W2PR64,13,0,13,6,7,6
A1L443,59,0,59,25,34,25
A4GXA9,25,0,25,10,15,10
A6NJ69,5,0,5,3,2,3
A6NM62,133,1,132,87,47,86
F2Z3M2,9,0,9,5,4,5
O15049,61,13,48,32,32,29
O15060,60,1,59,52,7,53
O15496,6,0,6,4,2,4
O76000,23,0,23,23,0,23
O94763,65,17,48,40,38,27
O94782,96,20,76,63,41,55
O95786,52,2,50,40,14,38
P01877,33,0,33,28,5,28
P09016,23,2,21,12,13,10
P09104,27,5,22,20,6,21
P09486,7,0,7,7,0,7
P09871,41,0,41,33,8,33
P0DPB3,57,0,57,32,25,32
P14780,44,1,43,25,20,24
P15421,12,0,12,12,0,12
P26440,23,2,21,14,11,12
P29965,23,0,23,19,4,19
P33908,41,2,39,29,12,29
P34910,63,6,57,50,15,48
P35247,21,0,21,13,8,13
P43681,53,3,50,23,31,22
P51160,41,1,40,29,13,28
P53618,71,12,59,48,27,44
P54136,38,8,30,22,20,18
P60842,25,6,19,15,8,17
P61586,8,2,6,3,5,3
P61968,15,0,15,15,0,15
P63128,66,0,66,37,29,37
P78333,38,0,38,24,14,24
Q03060,42,10,32,27,17,25
Q07326,20,0,20,16,4,16
Q12931,62,10,52,31,33,29
Q13574,90,25,65,60,51,39
Q14919,17,1,16,11,5,12
Q15029,58,10,48,36,20,38
Q15053,2,0,2,0,2,0
Q16651,31,0,31,27,4,27
Q49SQ1,32,0,32,25,7,25
Q4J6C6,36,1,35,28,9,27
Q4VC44,43,9,34,23,27,16
Q53TN4,26,6,20,20,8,18
Q5EB52,24,0,24,15,9,15
Q5VWT5,74,5,69,35,42,32
Q5ZPR3,44,2,42,35,9,35
Q68DN1,290,11,279,105,186,104
Q6PKG0,134,57,77,68,79,55
Q6T4P5,64,6,58,40,30,34
Q6ZRH7,105,0,105,76,29,76
Q7Z3B3,187,41,146,106,98,89
Q7Z4H3,9,0,9,3,6,3
Q7Z7L9,63,0,63,50,13,50
Q86XN8,42,3,39,25,20,22
Q86YN1,16,0,16,13,3,13
Q8IV01,47,3,44,30,20,27
Q8IVE3,184,18,166,100,92,92
Q8IY45,23,2,21,19,6,17
Q8N0V3,26,0,26,15,11,15
Q8N3T1,44,0,44,23,21,23
Q8N446,36,0,36,24,12,24
Q8NDI1,154,40,114,81,89,65
Q8NEZ3,80,5,75,56,27,53
Q8TAP9,40,15,25,20,31,9
Q8TDI8,38,0,38,29,9,29
Q8WWQ0,232,64,168,135,127,105
Q8WX92,36,6,30,23,19,17
Q92839,34,2,32,26,8,26
Q92949,26,0,26,19,7,19
Q969T4,25,3,22,15,11,14
Q96BI1,34,0,34,25,9,25
Q96I59,35,1,34,23,13,22
Q96NT3,13,0,13,11,2,11
Q96PK6,122,35,87,83,54,68
Q96PL2,28,0,28,23,5,23
Q96Q91,74,2,72,52,24,50
Q96QI5,19,0,19,9,10,9
Q99836,20,1,19,14,7,13
Q9BUB7,20,1,19,11,10,10
Q9BZC7,217,21,196,141,77,140
Q9H078,41,5,36,23,23,18
Q9H190,19,1,18,12,8,11
Q9HCI7,84,13,71,61,30,54
Q9NQ79,42,0,42,26,16,26
Q9NQX1,48,0,48,34,14,34
Q9NR22,22,1,21,15,6,16
Q9NRN7,21,2,19,13,8,13
Q9NTG7,35,7,28,17,23,12
Q9NUL7,46,3,43,23,26,20
Q9NW64,18,3,15,9,12,6
Q9UMX2,15,1,14,9,7,8
Q9UPQ9,290,45,245,190,119,171
Q9Y240,13,0,13,6,7,6
Q9Y2Z9,45,0,45,29,16,29
Q9Y5Y7,29,1,28,21,7,22
A0A1B0GVB3,18,0,18,9,9,9
A0A2R8Y2Y2,8,0,8,5,3,5
A4D1P6,79,11,68,52,32,47
A6NDG6,13,0,13,8,5,8
A6NNJ1,46,2,44,24,24,22
A8MPS7,17,1,16,11,7,10
C9JLW8,15,7,8,8,14,1
O14569,19,0,19,16,3,16
O14796,9,1,8,5,5,4
O43448,28,1,27,16,13,15
O75182,102,12,90,53,57,45
O95096,25,2,23,17,10,15
O95169,7,0,7,3,4,3
O95626,13,3,10,6,10,3
P04264,106,22,84,47,73,33
P0C864,16,0,16,7,9,7
P0DML2,16,0,16,14,2,14
P0DMR2,1,0,1,1,0,1
P0DPQ3,13,0,13,7,6,7
P10745,92,2,90,64,30,62
P10767,17,0,17,8,9,8
P11836,32,7,25,22,13,19
P19105,6,3,3,3,4,2
P23588,123,56,67,60,81,42
P23975,37,3,34,31,5,32
P25800,3,0,3,2,1,2
P27701,16,0,16,11,5,11
P28074,24,6,18,11,19,5
P39086,64,1,63,44,19,45
P43005,33,2,31,26,5,28
P43630,48,1,47,36,11,37
P49238,23,0,23,17,6,17
P49326,39,5,34,27,17,22
P52740,69,0,69,53,16,53
P53805,17,3,14,10,10,7
P55895,41,2,39,34,7,34
P58173,24,0,24,22,2,22
Q0VDD8,281,3,278,206,76,205
Q13066,4,1,3,2,3,1
Q13751,81,1,80,45,35,46
Q14012,24,3,21,14,11,13
Q15365,52,21,31,25,30,22
Q16206,41,4,37,25,20,21
Q16610,30,0,30,22,8,22
Q4AC94,291,30,261,174,137,154
Q5JQS6,24,9,15,13,18,6
Q5JS37,20,0,20,17,3,17
Q5SWA1,92,7,85,59,38,54
Q5T8P6,102,15,87,60,55,47
Q5TCZ1,172,39,133,88,113,59
Q6IQ21,61,3,58,39,21,40
Q6NS38,17,1,16,9,9,8
Q6UX46,4,0,4,1,3,1
Q6ZRP0,24,0,24,13,11,13
Q7L622,59,5,54,45,19,40
Q7Z713,10,0,10,5,5,5
Q86WC4,37,2,35,31,6,31
Q8IWZ4,15,0,15,8,7,8
Q8IWZ6,54,1,53,38,15,39
Q8N4F7,20,1,19,12,9,11
Q8N6M8,12,0,12,6,6,6
Q8N987,39,3,36,26,16,23
Q8N9E0,46,3,43,6,43,3
Q8NBE8,36,3,33,31,6,30
Q8NHC4,23,0,23,21,2,21
Q8TB61,37,2,35,29,8,29
Q8TB73,45,0,45,27,18,27
Q8WUB8,63,19,44,33,39,24
Q8WXG6,223,46,177,131,106,117
Q92622,159,33,126,101,79,80
Q92764,51,3,48,32,16,35
Q969F0,11,0,11,3,8,3
Q96BT1,27,1,26,12,16,11
Q96DR5,20,0,20,20,0,20
Q96MF4,17,1,16,7,11,6
Q96PN7,113,18,95,71,46,67
Q9BRK0,24,5,19,13,16,8
Q9BTV7,44,7,37,20,31,13
Q9BU79,9,0,9,9,0,9
Q9BWH6,120,14,106,72,54,66
Q9BWW8,17,0,17,12,5,12
Q9BZE0,53,6,47,32,27,26
Q9GZU1,49,6,43,38,17,32
Q9H159,69,3,66,50,22,47
Q9HBU6,25,0,25,16,9,16
Q9NPB6,43,8,35,24,19,24
Q9NRN5,14,0,14,10,4,10
Q9NU53,24,0,24,21,3,21
Q9NUL3,61,15,46,35,31,30
Q9NWW7,50,0,50,37,13,37
Q9NYD6,59,18,41,31,38,21
Q9NZ20,35,2,33,18,19,16
Q9NZJ7,30,2,28,16,16,14
Q9UGF6,25,0,25,20,5,20
Q9UHA7,11,1,10,8,2,9
Q9UJQ7,7,0,7,5,2,5
Q9UJX4,66,9,57,48,15,51
Q9Y5Y4,40,5,35,26,15,25
Q9Y680,10,0,10,4,6,4
A0A075B7D8,11,0,11,8,3,8
A0A1B0GTU2,1,0,1,0,1,0
A0A1B0GVS7,19,0,19,17,2,17
A0A2R8YE69,67,0,67,24,43,24
A0A2R8YEG4,23,0,23,22,1,22
A0PJX4,25,2,23,13,14,11
B1ANH7,13,0,13,9,4,9
C9JJ37,12,0,12,5,7,5
O00623,31,0,31,19,12,19
O00628,26,0,26,18,8,18
O14562,18,3,15,10,9,9
O14828,34,9,25,21,10,24
O14933,7,2,5,4,5,2
O14976,157,38,119,101,54,103
O15127,30,3,27,24,5,25
O43293,36,8,28,18,20,16
O43716,7,0,7,6,1,6
O60683,21,2,19,10,13,8
O60814,22,11,11,11,22,0
O75343,34,0,34,22,12,22
O76081,31,0,31,15,16,15
O95838,42,0,42,29,13,29
P02745,16,0,16,12,4,12
P04731,6,0,6,3,3,3
P08069,104,12,92,69,33,71
P08865,18,6,12,10,4,14
P0C7W9,42,1,41,21,22,20
P0DP25,4,0,4,1,3,1
P20823,71,5,66,56,20,51
P21854,43,2,41,33,12,31
P23945,57,0,57,44,13,44
P24071,23,0,23,17,6,17
P32119,10,3,7,6,5,5
P35318,18,1,17,4,15,3
P43246,62,8,54,44,18,44
P49683,19,0,19,11,8,11
P49788,17,0,17,11,6,11
P52954,22,0,22,9,13,9
P62280,9,4,5,4,9,0
Q00005,38,1,37,29,8,30
Q02447,80,7,73,68,11,69
Q12830,363,57,306,236,148,215
Q12901,41,0,41,31,10,31
Q13206,65,16,49,33,42,23
Q13796,238,62,176,138,128,110
Q14995,73,3,70,52,24,49
Q15013,28,7,21,17,10,18
Q15554,47,4,43,21,28,19
Q16445,37,1,36,29,7,30
Q16557,37,0,37,31,6,31
Q3B7J2,26,1,25,13,14,12
Q3SXM0,42,0,42,29,13,29
Q53QW1,62,2,60,42,18,44
Q5FYA8,35,0,35,27,8,27
Q5I0X4,5,0,5,5,0,5
Q5T5U3,343,83,260,197,199,144
Q5TGJ6,11,0,11,5,6,5
Q5VSP4,8,0,8,5,3,5
Q5VWK5,53,0,53,47,6,47
Q6P3W2,11,0,11,10,1,10
Q6UWP8,21,0,21,19,2,19
Q6UXG3,33,0,33,19,14,19
Q6YBV0,36,0,36,31,5,31
Q7Z3E1,54,0,54,39,15,39
Q86V85,42,0,42,36,6,36
Q8IXM3,7,0,7,4,3,4
Q8IYD9,43,1,42,25,19,24
Q8IZ20,50,0,50,31,19,31
Q8N1A6,10,0,10,5,5,5
Q8N5S1,22,0,22,16,6,16
Q8N9H8,53,0,53,27,26,27
Q8NA70,51,1,50,25,25,26
Q8NCM2,79,2,77,53,28,51
Q8NDH2,725,0,725,409,316,409
Q8NI37,20,0,20,11,9,11
Q8WV37,45,0,45,37,8,37
Q92750,85,4,81,67,22,63
Q93075,119,17,102,65,63,56
Q96BI3,24,2,22,17,9,15
Q96BP2,4,0,4,1,3,1
Q96EW2,32,0,32,23,9,23
Q96H78,22,1,21,16,7,15
Q96HU8,20,1,19,15,6,14
Q96J92,163,9,154,83,89,74
Q96MY1,65,7,58,47,23,42
Q9BR39,85,26,59,40,61,24
Q9H4B0,25,0,25,19,6,19
Q9NNW7,30,4,26,19,15,15
Q9NVA4,29,3,26,24,6,23
Q9NVH6,16,0,16,11,5,11
Q9NZ56,157,16,141,89,80,77
Q9P0L0,26,8,18,15,15,11
Q9P246,105,25,80,59,53,52
Q9P2Y5,71,17,54,44,34,37
Q9UI15,13,3,10,9,5,8
Q9UNE7,22,6,16,11,17,5
Q9UPR6,77,6,71,47,34,43
Q9Y2E4,132,10,122,87,49,83
Q9Y316,34,2,32,26,8,26
A0A1B0GTK4,21,0,21,13,8,13
A0A5F9ZHU2,10,0,10,7,3,7
A6NGE4,49,0,49,33,16,33
A8K979,81,4,77,51,32,49
C9JBD0,6,0,6,5,1,5
O00232,32,6,26,21,13,19
O43422,59,6,53,44,19,40
O60237,134,28,106,60,100,34
O60437,116,21,95,47,84,32
O95361,53,10,43,31,28,25
P00751,56,2,54,37,19,37
P08842,38,0,38,29,9,29
P09327,55,4,51,40,15,40
P0C853,11,0,11,10,1,10
P11117,21,1,20,12,10,11
P13385,13,0,13,6,7,6
P17098,58,7,51,36,21,37
P18848,36,6,30,19,19,17
P21580,72,19,53,39,36,36
P35270,25,6,19,19,12,13
P36508,40,2,38,30,12,28
P37287,37,2,35,30,9,28
P41134,13,2,11,9,6,7
P54198,131,20,111,87,46,85
P56199,104,3,101,80,27,77
P57054,12,0,12,9,3,9
P60893,21,0,21,18,3,18
P62837,10,1,9,7,2,8
P62993,14,3,11,8,9,5
P67809,26,13,13,13,18,8
P68543,21,1,20,13,9,12
P86478,8,0,8,4,4,4
P98161,398,12,386,275,127,271
P98170,47,11,36,25,29,18
Q06203,36,1,35,27,10,26
Q09470,39,3,36,28,14,25
Q13487,25,0,25,14,11,14
Q14525,38,1,37,24,15,23
Q15836,8,4,4,4,4,4
Q2M3G4,92,25,67,52,49,43
Q5JZY3,84,0,84,51,33,51
Q5T6M2,22,0,22,7,15,7
Q5TC63,14,0,14,9,5,9
Q5TIE3,122,0,122,72,50,72
Q5VTR2,78,17,61,35,50,28
Q63HM2,78,0,78,66,12,66
Q6H3X3,25,0,25,18,7,18
Q6IF00,27,2,25,21,4,23
Q6P1M9,43,0,43,26,17,26
Q75NE6,6,0,6,6,0,6
Q75V66,60,1,59,45,14,46
Q7LGC8,30,1,29,14,17,13
Q7RTP6,261,77,184,131,165,96
Q86TL2,17,0,17,10,7,10
Q86XR5,15,0,15,13,2,13
Q86Y56,56,1,55,39,16,40
Q86YT6,67,11,56,38,32,35
Q8IV32,40,5,35,19,26,14
Q8N4V2,37,0,37,29,8,29
Q8N7Z5,197,8,189,120,81,116
Q8NCS4,6,0,6,6,0,6
Q8NDY6,14,1,13,5,10,4
Q8NGD5,25,0,25,22,3,22
Q8NGW6,25,0,25,23,2,23
Q8TC90,25,0,25,17,8,17
Q8TCZ7,5,0,5,2,3,2
Q8TDM5,7,0,7,6,1,6
Q8TE73,287,8,279,198,87,200
Q8TER5,135,29,106,71,75,60
Q8WTP8,26,1,25,10,15,11
Q8WUN7,15,1,14,9,5,10
Q92802,44,2,42,27,17,27
Q96AP4,51,5,46,30,20,31
Q96B45,10,2,8,8,4,6
Q96D71,144,48,96,83,79,65
Q96EL1,25,0,25,14,11,14
Q96FV0,26,0,26,16,10,16
Q96HA4,36,0,36,26,10,26
Q96IZ7,77,22,55,28,69,8
Q96Q45,49,11,38,33,21,28
Q99581,11,0,11,7,4,7
Q9BQ48,5,1,4,3,3,2
Q9BUL5,55,17,38,33,27,28
Q9BW60,22,0,22,19,3,19
Q9H1Y0,12,0,12,9,3,9
Q9H477,20,0,20,18,2,18
Q9H9E3,56,3,53,42,17,39
Q9HAC7,22,0,22,15,7,15
Q9NRM6,38,0,38,31,7,31
Q9NXB0,40,0,40,21,19,21
Q9NXE8,67,21,46,28,58,9
Q9NYT6,72,5,67,51,22,50
Q9P278,141,16,125,88,59,82
Q9UGI6,69,2,67,50,21,48
Q9UJT9,52,4,48,28,26,26
Q9UKL4,19,1,18,10,10,9
Q9UL03,68,6,62,44,24,44
Q9UMR2,33,8,25,20,17,16
Q9Y3Q4,129,4,125,64,67,62
A0A075B6X5,14,0,14,8,6,8
A0A0A6YYD4,10,0,10,7,3,7
A0A1B0GV22,5,0,5,4,1,4
A6NL82,2,0,2,0,2,0
A6NNX1,2,0,2,1,1,1
M5A8F1,12,0,12,11,1,11
O43837,27,3,24,14,14,13
O60346,176,17,159,114,69,107
O60725,25,0,25,20,5,20
O75150,71,10,61,34,39,32
O75493,30,1,29,24,7,23
O75795,39,0,39,32,7,32
O95260,54,7,47,32,23,31
P02511,27,10,17,14,17,10
P02746,10,0,10,9,1,9
P03973,4,0,4,4,0,4
P04053,38,2,36,18,22,16
P06396,59,13,46,38,20,39
P09210,22,9,13,11,16,6
P0DP06,18,0,18,18,0,18
P0DV60,11,0,11,11,0,11
P10632,30,3,27,17,16,14
P11474,27,4,23,22,9,18
P11532,284,41,243,163,128,156
P13647,86,27,59,54,39,47
P14416,37,5,32,19,23,14
P15812,32,0,32,25,7,25
P19237,14,5,9,9,8,6
P20309,64,5,59,47,18,46
P26640,79,12,67,50,37,42
P27635,13,4,9,9,8,5
P31939,53,15,38,33,19,34
P34925,42,0,42,33,9,33
P36915,59,13,46,32,34,25
P43405,45,10,35,28,21,24
P51508,56,2,54,43,13,43
P53674,22,1,21,9,14,8
P53814,156,53,103,85,104,52
P55273,9,2,7,6,5,4
P61011,34,6,28,21,13,21
P61964,42,3,39,33,12,30
P62269,2,1,1,1,2,0
P62877,7,2,5,5,2,5
P82650,21,4,17,11,12,9
Q01968,61,5,56,46,14,47
Q14442,15,0,15,14,1,14
Q16763,8,2,6,5,5,3
Q2MV58,52,0,52,45,7,45
Q4VC31,7,0,7,7,0,7
Q504Y3,27,0,27,18,9,18
Q53GS7,66,10,56,40,32,34
Q5JT82,44,0,44,34,10,34
Q5T013,8,0,8,4,4,4
Q5T4T1,8,0,8,7,1,7
Q5TAQ9,72,14,58,40,40,32
Q69YQ0,163,35,128,89,89,74
Q6NXE6,33,5,28,27,9,24
Q6UW02,35,0,35,22,13,22
Q6ZNC4,68,13,55,44,33,35
Q6ZV77,18,0,18,12,6,12
Q7RTW8,109,1,108,81,29,80
Q7Z408,341,0,341,251,90,251
Q86V21,56,5,51,40,19,37
Q8IVE0,23,0,23,4,19,4
Q8N0S2,17,2,15,11,8,9
Q8N443,17,0,17,13,4,13
Q8N9R8,43,2,41,30,15,28
Q8NBR9,27,0,27,18,9,18
Q8NFG4,65,10,55,43,26,39
Q8NFH3,45,6,39,33,8,37
Q8NGI4,24,0,24,22,2,22
Q8WTV1,17,1,16,7,11,6
Q8WVX9,25,0,25,17,8,17
Q969E2,14,1,13,9,4,10
Q969G2,36,0,36,21,15,21
Q96D42,34,1,33,25,10,24
Q96J02,71,6,65,46,29,42
Q96KT6,13,0,13,7,6,7
Q96KW9,22,1,21,13,10,12
Q96MP8,13,0,13,6,7,6
Q96N66,38,7,31,26,11,27
Q9BQB4,8,0,8,5,3,5
Q9BV90,5,0,5,5,0,5
Q9BWM7,16,0,16,12,4,12
Q9BXR6,41,0,41,26,15,26
Q9BYX2,67,8,59,40,27,40
Q9GIP4,10,0,10,7,3,7
Q9H1K0,90,20,70,53,49,41
Q9H210,25,0,25,24,1,24
Q9H9T3,30,0,30,17,13,17
Q9NP56,29,3,26,19,11,18
Q9NQV6,93,9,84,63,33,60
Q9NQX7,14,1,13,8,7,7
Q9NRF8,47,12,35,27,20,27
Q9NYI0,119,13,106,76,50,69
Q9NZI5,60,10,50,40,28,32
Q9UQ16,66,7,59,37,34,32
Q9Y3C1,9,3,6,6,4,5
Q9Y3I1,48,0,48,41,7,41
S4R3P1,1,0,1,1,0,1
A0A0A0MS05,9,0,9,6,3,6
A0A0C4DH90,16,0,16,11,5,11
A0A1B0GTR0,10,0,10,6,4,6
A0A5F9ZH88,23,0,23,19,4,19
A0A8V8TPW1,16,0,16,7,9,7
A0JP26,45,0,45,32,13,32
A6H8Y1,279,30,249,146,151,128
A6NGB0,23,0,23,10,13,10
A6NHP3,32,0,32,12,20,12
F5H284,10,1,9,3,8,2
O00499,48,8,40,32,20,28
O43699,35,1,34,30,6,29
O43763,17,0,17,11,6,11
O43790,43,3,40,28,18,25
O43829,41,8,33,25,22,19
O60287,164,9,155,113,56,108
O60512,23,0,23,12,11,12
O75152,124,39,85,60,77,47
O76087,4,1,3,2,3,1
O95372,14,2,12,12,2,12
P0C0L4,147,2,145,98,51,96
P0DML3,16,0,16,14,2,14
P0DMT0,1,0,1,0,1,0
P14317,41,7,34,22,22,19
P22105,294,0,294,192,102,192
P30711,6,0,6,5,1,5
P31947,28,11,17,15,20,8
P32019,73,1,72,45,29,44
P35408,69,14,55,40,35,34
P37059,26,1,25,15,10,16
P37173,54,10,44,34,18,36
P46776,6,1,5,4,3,3
P47897,37,6,31,25,16,21
P50461,15,3,12,11,7,8
P51692,52,7,45,37,20,32
P52594,93,15,78,73,19,74
P52788,22,3,19,13,8,14
P54284,58,6,52,23,39,19
P55259,43,0,43,36,7,36
P55286,55,0,55,38,17,38
P58340,28,2,26,17,13,15
P98187,26,1,25,21,6,20
Q07973,31,1,30,22,10,21
Q08379,85,21,64,52,38,47
Q13585,57,4,53,36,23,34
Q13616,48,1,47,32,17,31
Q14D33,35,0,35,32,3,32
Q30KQ5,3,0,3,3,0,3
Q3KNT9,15,0,15,12,3,12
Q5FBB7,70,16,54,40,34,36
Q5T5B0,11,0,11,7,4,7
Q5VXH4,28,1,27,25,4,24
Q5VZQ5,17,0,17,12,5,12
Q6J4K2,41,1,40,28,14,27
Q6UWP7,30,5,25,20,5,25
Q6UWQ7,9,0,9,7,2,7
Q70IA8,10,1,9,5,6,4
Q7Z6W7,31,0,31,23,8,23
Q86TS9,4,0,4,3,1,3
Q8IUM7,79,0,79,57,22,57
Q8IWG1,61,1,60,37,25,36
Q8IX06,62,4,58,35,31,31
Q8IXW0,61,1,60,33,27,34
Q8IY49,14,0,14,13,1,13
Q8N865,40,5,35,25,16,24
Q8NC24,27,2,25,12,17,10
Q8NET6,19,1,18,5,15,4
Q8NF91,781,53,728,495,293,488
Q8NGL7,17,0,17,15,2,15
Q8NGX9,21,0,21,19,2,19
Q8NH43,23,0,23,22,1,22
Q8TBK6,55,0,55,37,18,37
Q8TF61,86,7,79,44,47,39
Q92887,145,14,131,106,43,102
Q96A44,14,0,14,6,8,6
Q96CD0,21,0,21,15,6,15
Q96EK2,45,2,43,27,20,25
Q96PZ0,52,11,41,30,29,23
Q96Q05,105,9,96,65,47,58
Q96QA6,8,0,8,7,1,7
Q96RE7,63,15,48,39,19,44
Q96T92,56,0,56,28,28,28
Q9BRI3,26,0,26,23,3,23
Q9BRT9,15,3,12,4,12,3
Q9BUE6,6,0,6,3,3,3
Q9BX68,4,0,4,2,2,2
Q9BZV3,155,0,155,111,44,111
Q9NX77,32,0,32,24,8,24
Q9P0W8,75,2,73,49,28,47
Q9UG56,28,2,26,19,11,17
Q9UHF4,47,0,47,39,8,39
Q9UJG1,12,0,12,8,4,8
Q9UKZ1,53,3,50,35,21,32
Q9UPQ4,33,1,32,19,15,18
Q9Y2Z2,51,0,51,24,27,24
Q9Y3D6,6,0,6,3,3,3
Q9Y4C4,76,5,71,46,31,45
Q9Y5E1,71,0,71,56,15,56
Q9Y5K8,9,1,8,4,6,3
A0A0B4J268,12,0,12,7,5,7
A0A1W2PQ64,10,0,10,7,3,7
A1L4Q6,20,0,20,10,10,10
A4D1N5,12,0,12,8,4,8
A8MWL6,16,0,16,14,2,14
O43156,81,5,76,62,22,59
O60812,39,11,28,14,34,5
O95158,21,0,21,12,9,12
O95460,41,2,39,30,13,28
O95684,62,21,41,35,22,40
O95881,13,1,12,11,1,12
P08048,63,5,58,51,11,52
P08913,40,10,30,28,12,28
P0C880,9,0,9,5,4,5
P0CB38,31,0,31,13,18,13
P0DMW5,5,0,5,2,3,2
P0DP57,7,0,7,6,1,6
P0DTW1,3,0,3,1,2,1
P13598,21,0,21,17,4,17
P15328,14,0,14,12,2,12
P15814,26,2,24,14,14,12
P16233,33,0,33,24,9,24
P20151,20,0,20,14,6,14
P24462,28,1,27,19,10,18
P35523,76,2,74,55,21,55
P42858,349,43,306,236,122,227
P43235,23,0,23,18,5,18
P48549,46,4,42,29,19,27
P48729,25,9,16,14,16,9
P49335,40,3,37,26,17,23
P49736,82,22,60,55,43,39
P57086,17,3,14,8,10,7
P59942,8,0,8,5,3,5
P60409,70,0,70,70,0,70
Q01453,17,0,17,16,1,16
Q0VG73,10,0,10,7,3,7
Q14159,94,6,88,56,42,52
Q14964,15,0,15,8,7,8
Q15006,13,0,13,5,8,5
Q15126,15,5,10,9,9,6
Q2KHT4,36,0,36,25,11,25
Q3KR16,66,10,56,30,46,20
Q3LI54,2,0,2,2,0,2
Q3LI61,1,0,1,1,0,1
Q3MJ16,63,0,63,48,15,48
Q56UQ5,13,1,12,11,3,10
Q58A44,9,0,9,3,6,3
Q5JS54,11,0,11,9,2,9
Q5KU26,45,1,44,29,17,28
Q5SR56,54,2,52,44,12,42
Q5T280,18,2,16,10,10,8
Q63ZE4,33,0,33,26,7,26
Q6A1A2,21,0,21,12,9,12
Q6ZQT0,14,0,14,9,5,9
Q6ZRG5,24,0,24,14,10,14
Q6ZRN7,20,0,20,6,14,6
Q6ZTI0,13,0,13,0,13,0
Q70Z53,34,10,24,17,25,9
Q86SR1,35,0,35,23,12,23
Q8N1X5,20,3,17,9,12,8
Q8N3U1,13,0,13,6,7,6
Q8N468,45,0,45,39,6,39
Q8N8Y5,10,0,10,6,4,6
Q8N9P6,18,0,18,5,13,5
Q8N9X3,11,0,11,6,5,6
Q8NEM7,108,13,95,67,54,54
Q8NFD4,10,0,10,5,5,5
Q8NGF0,28,0,28,26,2,26
Q8NGL9,25,0,25,23,2,23
Q8TAT8,11,0,11,3,8,3
Q8TBF5,15,0,15,10,5,10
Q8WYH8,18,4,14,11,11,7
Q92956,21,1,20,14,8,13
Q96E22,22,0,22,14,8,14
Q96EF6,16,0,16,9,7,9
Q96EP5,29,4,25,19,8,21
Q96MF0,11,0,11,10,1,10
Q96MR9,55,2,53,47,6,49
Q96NB3,38,8,30,21,19,19
Q96ST8,67,14,53,37,40,27
Q96T76,90,6,84,71,19,71
Q99704,54,15,39,32,23,31
Q9BTT0,18,4,14,10,8,10
Q9BXJ4,16,0,16,15,1,15
Q9BYN7,64,2,62,50,14,50
Q9H0F6,38,6,32,27,13,25
Q9H0I3,20,0,20,9,11,9
Q9H2G9,39,7,32,25,21,18
Q9H9Q2,15,3,12,11,7,8
Q9NV39,8,0,8,2,6,2
Q9NW38,26,0,26,20,6,20
Q9NXG6,26,0,26,20,6,20
Q9NYP3,56,4,52,34,22,34
Q9UJY1,20,4,16,12,10,10
Q9UKA4,301,57,244,201,123,178
Q9UPI3,52,2,50,44,8,44
Q9Y248,6,0,6,3,3,3
A0A286YF60,5,0,5,5,0,5
E7ERA6,22,4,18,10,16,6
F8W0I5,84,0,84,54,30,54
O14531,36,4,32,23,15,21
O14777,55,14,41,33,32,23
O14921,12,0,12,3,9,3
O15078,154,14,140,69,83,71
O15119,94,17,77,59,44,50
O15393,42,0,42,35,7,35
O60235,34,0,34,24,10,24
O60676,7,0,7,5,2,5
O75690,44,0,44,40,4,40
O76009,37,1,36,23,15,22
O95259,80,3,77,52,29,51
O95897,36,0,36,23,13,23
P00533,113,32,81,71,36,77
P01861,45,0,45,35,10,35
P0C7N4,23,0,23,10,13,10
P0DPA2,34,0,34,24,10,24
P12074,6,0,6,3,3,3
P12235,18,5,13,10,5,13
P13521,52,11,41,29,32,20
P15976,45,8,37,31,18,27
P17035,50,1,49,36,15,35
P42357,41,1,40,25,17,24
P42768,35,6,29,24,15,20
P49184,25,0,25,22,3,22
P49711,44,11,33,30,21,23
P54762,88,7,81,62,23,65
P55157,83,2,81,54,27,56
P57773,40,0,40,26,14,26
P58549,6,0,6,3,3,3
P61106,16,5,11,8,11,5
P68036,3,0,3,2,1,2
P68871,8,4,4,4,2,6
P78395,45,1,44,26,20,25
Q00975,180,15,165,93,94,86
Q05996,74,1,73,52,23,51
Q08AG5,52,1,51,38,13,39
Q13557,39,14,25,20,23,16
Q15262,84,2,82,66,20,64
Q16204,79,33,46,46,42,37
Q49AM3,51,7,44,34,22,29
Q4L235,108,2,106,85,25,83
Q52LJ0,30,2,28,21,9,21
Q5HYC2,247,6,241,174,75,172
Q5JRX3,72,0,72,54,18,54
Q5T1H1,299,1,298,256,42,257
Q5T215,10,0,10,8,2,8
Q5TA79,13,0,13,12,1,12
Q5TGI4,6,0,6,2,4,2
Q6E213,19,0,19,17,2,17
Q6GYQ0,225,40,185,141,102,123
Q6IBW4,61,21,40,34,36,25
Q6MZP7,79,11,68,62,22,57
Q6MZT1,28,0,28,16,12,16
Q6UW32,3,0,3,3,0,3
Q6UXV0,30,0,30,25,5,25
Q6XZF7,176,29,147,104,83,93
Q6ZMR3,28,0,28,19,9,19
Q6ZWJ1,58,9,49,40,17,41
Q7LG56,27,4,23,13,16,11
Q7Z3E2,90,14,76,51,49,41
Q7Z410,75,0,75,54,21,54
Q86U44,56,14,42,39,17,39
Q86V59,27,0,27,11,16,11
Q86VP3,114,14,100,72,46,68
Q86VY4,31,4,27,20,15,16
Q8N1B3,13,1,12,8,6,7
Q8N8R5,34,0,34,24,10,24
Q8N9L1,32,0,32,17,15,17
Q8NDD1,35,13,22,16,22,13
Q8TAZ6,12,0,12,8,4,8
Q8TDU5,16,0,16,14,2,14
Q8WU90,27,8,19,14,19,8
Q8WVQ1,32,3,29,21,14,18
Q969V6,139,29,110,87,57,82
Q96H35,14,2,12,9,5,9
Q96MF7,27,7,20,20,8,19
Q9BQS7,68,1,67,56,13,55
Q9BT22,32,3,29,21,14,18
Q9C037,38,6,32,23,13,25
Q9GZN0,26,0,26,17,9,17
Q9GZW5,23,1,22,11,13,10
Q9H1A7,4,0,4,3,1,3
Q9H5V7,52,7,45,36,19,33
Q9H7X7,18,0,18,8,10,8
Q9HAZ1,52,12,40,27,29,23
Q9NQS7,132,61,71,65,92,40
Q9NR12,42,13,29,25,20,22
Q9NVU7,55,13,42,29,35,20
Q9NWU2,8,0,8,3,5,3
Q9NXV6,156,35,121,94,63,93
Q9NY57,20,1,19,12,9,11
Q9NZJ4,373,13,360,255,123,250
Q9P275,173,46,127,100,93,80
Q9UM22,15,0,15,11,4,11
Q9UNN8,22,3,19,17,4,18
S4R3C0,13,0,13,11,2,11
A0A0C4DH41,19,0,19,19,0,19
A0A1B0GVQ3,12,0,12,9,3,9
A0A3B3IU63,9,0,9,4,5,4
A6NES4,126,0,126,85,41,85
A6NFK2,21,0,21,11,10,11
A8MXU0,3,0,3,3,0,3
O00522,53,6,47,32,27,26
O14745,50,22,28,27,25,25
O14791,31,3,28,23,9,22
O14829,45,1,44,28,18,27
O15446,45,18,27,21,30,15
O43423,15,2,13,8,9,6
O43581,37,4,33,22,19,18
O43861,94,6,88,59,37,57
O60307,217,55,162,110,138,79
O60404,24,0,24,21,3,21
O75363,71,16,55,42,41,30
O95279,43,4,39,26,21,22
P02778,7,0,7,6,1,6
P08217,31,0,31,26,5,26
P0DMP1,2,0,2,2,0,2
P10321,24,0,24,15,9,15
P10398,80,28,52,46,48,32
P10635,23,1,22,17,7,16
P12319,15,0,15,12,3,12
P15121,23,7,16,15,15,8
P15848,35,1,34,26,10,25
P18428,48,0,48,37,11,37
P18754,49,13,36,31,13,36
P24522,8,0,8,7,1,7
P29373,8,2,6,4,6,2
P31277,22,0,22,16,6,16
P32780,50,5,45,34,15,35
P32926,91,7,84,71,21,70
P35590,80,1,79,49,32,48
P41273,17,0,17,10,7,10
P47893,20,0,20,16,4,16
P49682,24,0,24,14,10,14
P49913,9,0,9,3,6,3
P59052,11,0,11,9,2,9
P59540,23,0,23,19,4,19
P78423,34,0,34,25,9,25
Q02818,19,7,12,9,11,8
Q12988,6,0,6,2,4,2
Q13287,24,3,21,15,10,14
Q13596,45,10,35,26,23,22
Q13618,46,5,41,26,23,23
Q14191,146,19,127,102,49,97
Q15485,15,0,15,11,4,11
Q15646,29,0,29,18,11,18
Q16619,11,0,11,7,4,7
Q16739,18,0,18,15,3,15
Q2KHR2,223,27,196,161,77,146
Q2TBC4,23,0,23,15,8,15
Q3LI64,3,0,3,2,1,2
Q5PT55,29,0,29,18,11,18
Q5RGS3,13,0,13,6,7,6
Q5VVY1,21,0,21,18,3,18
Q6YL49,34,0,34,14,20,14
Q70CQ3,46,0,46,31,15,31
Q7Z7J9,3,0,3,1,2,1
Q86UP8,83,0,83,59,24,59
Q86UX7,54,8,46,33,19,35
Q86VP6,125,20,105,89,34,91
Q86WB7,40,0,40,37,3,37
Q86X24,37,0,37,21,16,21
Q86YZ3,1054,97,957,492,659,395
Q8IY82,49,2,47,30,21,28
Q8NA56,31,1,30,17,15,16
Q8NBF6,62,9,53,46,19,43
Q8NCC3,21,0,21,17,4,17
Q8NI32,15,0,15,14,1,14
Q8TBM7,6,0,6,5,1,5
Q8WVP5,8,0,8,6,2,6
Q96NA8,48,4,44,29,23,25
Q96PU5,102,31,71,58,59,43
Q96RD2,15,1,14,14,2,13
Q99805,40,0,40,30,10,30
Q9BRX9,28,0,28,24,4,24
Q9BVV2,17,1,16,7,11,6
Q9GZQ3,18,0,18,11,7,11
Q9GZQ6,30,0,30,20,10,20
Q9H2A3,30,0,30,19,11,19
Q9H343,19,0,19,19,0,19
Q9H3S3,40,0,40,34,6,34
Q9H3Y0,22,0,22,17,5,17
Q9HB29,34,0,34,25,9,25
Q9NQR7,64,0,64,25,39,25
Q9NTI2,70,0,70,45,25,45
Q9NX70,16,1,15,15,2,14
Q9NYW8,69,4,65,53,18,51
Q9NZN3,29,4,25,18,15,14
Q9P2M4,63,7,56,41,27,36
Q9UBP6,10,1,9,6,5,5
Q9UI08,76,25,51,44,51,25
Q9UQQ2,73,15,58,44,40,33
Q9Y296,14,1,13,9,6,8
Q9Y478,36,17,19,19,12,24
Q9Y5Y5,25,3,22,16,12,13
Q9Y6G3,7,1,6,5,1,6
A0A075B6U4,9,0,9,6,3,6
A0A1W2PPH5,13,0,13,5,8,5
A6ND48,27,0,27,22,5,22
A6NK58,6,0,6,5,1,5
A8MTZ0,5,0,5,3,2,3
B7ZLF3,9,0,9,5,4,5
E9PKD4,25,0,25,17,8,17
O00237,59,1,58,43,17,42
O15151,56,10,46,41,17,39
O94901,90,17,73,57,28,62
O95249,29,6,23,19,16,13
P04433,14,0,14,10,4,10
P08637,26,0,26,22,4,22
P09525,28,4,24,13,15,13
P0CG13,1,0,1,0,1,0
P0DMB1,25,0,25,12,13,12
P0DPD5,36,0,36,33,3,33
P11229,31,0,31,15,16,15
P12525,27,0,27,16,11,16
P16118,31,3,28,19,15,16
P17735,30,0,30,23,7,23
P23470,133,4,129,81,56,77
P25063,11,0,11,11,0,11
P28838,42,11,31,23,20,22
P31942,28,10,18,15,21,7
P35548,32,5,27,16,21,11
P47884,23,0,23,20,3,20
P48147,44,4,40,31,15,29
P48745,20,0,20,16,4,16
P49190,39,0,39,33,6,33
P49918,26,5,21,13,14,12
P52738,43,3,40,29,17,26
P56645,164,12,152,100,64,100
P78357,87,1,86,56,32,55
Q01826,69,9,60,47,27,42
Q05682,72,30,42,34,52,20
Q12923,319,46,273,196,153,166
Q12934,39,0,39,26,13,26
Q13126,16,1,15,9,8,8
Q14003,33,1,32,17,17,16
Q14206,11,0,11,4,7,4
Q14686,263,24,239,175,104,159
Q14738,49,10,39,34,25,24
Q16288,52,0,52,42,10,42
Q16385,10,3,7,6,7,3
Q3ZCT1,31,2,29,26,7,24
Q4G0S7,17,1,16,10,8,9
Q587I9,9,1,8,6,4,5
Q5TAH2,81,2,79,62,17,64
Q6DKK2,17,0,17,11,6,11
Q6GMV3,3,0,3,1,2,1
Q6GPI1,21,0,21,18,3,18
Q6IF42,21,0,21,20,1,20
Q6P1W5,50,0,50,33,17,33
Q6P9A1,66,0,66,52,14,52
Q6PH85,11,0,11,10,1,10
Q6PIL6,16,1,15,12,3,13
Q6S545,45,0,45,36,9,36
Q6V1X1,62,1,61,42,21,41
Q6ZMU1,39,1,38,32,8,31
Q6ZNC8,30,0,30,25,5,25
Q6ZNG0,30,0,30,26,4,26
Q6ZVE7,4,0,4,4,0,4
Q86X52,55,0,55,26,29,26
Q8IVS2,26,1,25,14,13,13
Q8IX03,149,24,125,92,77,72
Q8IZ81,15,0,15,11,4,11
Q8N5I4,19,0,19,16,3,16
Q8N6Y2,23,1,22,13,11,12
Q8N912,5,0,5,1,4,1
Q8NB46,74,7,67,58,15,59
Q8NC01,25,0,25,18,7,18
Q8NDW8,68,0,68,50,18,50
Q8NEJ9,45,17,28,24,30,15
Q8NHG7,6,2,4,3,5,1
Q8WXF1,27,9,18,13,17,10
Q95460,19,0,19,16,3,16
Q969R2,118,12,106,73,55,63
Q969X5,18,0,18,14,4,14
Q96A99,35,0,35,14,21,14
Q96J84,66,12,54,38,32,34
Q96Q42,171,20,151,116,67,104
Q96RQ3,52,4,48,35,17,35
Q96SC8,40,0,40,19,21,19
Q99612,50,7,43,29,24,26
Q9BRK5,22,3,19,12,13,9
Q9BS92,14,0,14,9,5,9
Q9BTF0,35,1,34,22,14,21
Q9BYZ2,34,2,32,24,10,24
Q9H1Y3,30,0,30,21,9,21
Q9H2X9,86,4,82,57,33,53
Q9NRX1,9,1,8,5,5,4
Q9NWS9,41,9,32,29,17,24
Q9NXV2,19,3,16,15,7,12
Q9NZM5,28,6,22,16,16,12
Q9P267,199,9,190,134,72,127
Q9UMX9,37,1,36,30,8,29
Q9UNU6,33,3,30,24,8,25
Q9UPM9,13,1,12,9,5,8
Q9Y330,35,0,35,28,7,28
A0A075B6J1,20,0,20,13,7,13
A0A0A0MS14,11,0,11,7,4,7
A0A2R8Y4L6,27,0,27,27,0,27
A6NGU5,35,0,35,27,8,27
O00144,30,0,30,26,4,26
O00220,35,3,32,24,14,21
O00519,42,1,41,28,13,29
O43451,202,5,197,163,38,164
O75388,28,0,28,20,8,20
O75882,122,2,120,108,16,106
O76014,30,0,30,22,8,22
O95255,123,8,115,81,42,81
P01210,21,3,18,12,10,11
P02538,74,22,52,41,45,29
P02776,3,0,3,2,1,2
P02788,56,6,50,31,25,31
P05413,6,0,6,5,1,5
P08138,41,8,33,27,12,29
P08319,25,3,22,19,5,20
P0C1Z6,19,5,14,12,10,9
P0CI26,29,0,29,22,7,22
P0DMV1,15,0,15,9,6,9
P15884,118,12,106,71,51,67
P16333,42,12,30,24,28,14
P16455,11,1,10,8,4,7
P17980,17,2,15,10,9,8
P19387,23,4,19,17,4,19
P22223,44,1,43,29,16,28
P28749,106,24,82,63,59,47
P30519,14,4,10,8,8,6
P49840,56,14,42,35,25,31
P49915,43,4,39,30,15,28
P50416,60,6,54,42,24,36
P50502,24,8,16,11,19,5
P78348,30,2,28,22,8,22
P78381,31,3,28,23,9,22
Q00059,29,9,20,16,20,9
Q02383,82,8,74,38,52,30
Q05084,44,8,36,31,19,25
Q08380,56,4,52,44,16,40
Q13185,21,10,11,11,14,7
Q13508,21,0,21,19,2,19
Q13568,34,7,27,21,14,20
Q14139,70,4,66,48,22,48
Q14186,42,4,38,26,18,24
Q15070,31,1,30,19,13,18
Q15075,110,15,95,62,51,59
Q16280,30,0,30,21,9,21
Q16627,8,0,8,7,1,7
Q3KRA9,14,1,13,9,6,8
Q53S99,11,0,11,7,4,7
Q5T2E6,49,0,49,36,13,36
Q5TD94,62,4,58,32,34,28
Q5U5R9,55,1,54,35,19,36
Q5XKK7,29,7,22,13,21,8
Q68DW6,2,0,2,2,0,2
Q68G75,11,0,11,6,5,6
Q6L8G9,27,4,23,23,8,19
Q6P1M0,35,2,33,29,8,27
Q6PID6,19,2,17,13,8,11
Q6UB99,318,59,259,151,206,112
Q6ZN18,98,20,78,64,46,52
Q7Z6K1,37,0,37,28,9,28
Q86YQ8,41,1,40,27,15,26
Q8IVK1,6,0,6,6,0,6
Q8IYS0,79,7,72,44,38,41
Q8N490,24,1,23,15,10,14
Q8NCM8,318,9,309,215,108,210
Q8NEN0,78,1,77,46,33,45
Q8NGY9,22,0,22,20,2,20
Q8NGZ6,29,0,29,26,3,26
Q8TBZ5,45,2,43,32,11,34
Q8TD31,64,1,63,30,33,31
Q8WW01,11,1,10,10,2,9
Q92903,38,5,33,26,15,23
Q96IG2,32,3,29,24,7,25
Q96KQ4,111,17,94,59,67,44
Q96LM6,7,0,7,5,2,5
Q96LW2,23,0,23,19,4,19
Q96MY7,58,2,56,22,38,20
Q96RS0,106,23,83,64,35,71
Q99081,167,45,122,103,85,82
Q9BVK8,13,0,13,13,0,13
Q9BYE3,11,0,11,7,4,7
Q9C019,29,1,28,16,14,15
Q9H112,4,0,4,3,1,3
Q9H4Q3,51,3,48,27,25,26
Q9H6B9,28,0,28,22,6,22
Q9H8Y8,56,9,47,41,12,44
Q9HB15,34,2,32,21,15,19
Q9HBU1,13,1,12,6,8,5
Q9HCE1,68,11,57,37,28,40
Q9NRW3,10,0,10,4,6,4
Q9NZH6,20,0,20,10,10,10
Q9UGM5,39,2,37,28,13,26
Q9UJ70,27,3,24,19,9,18
Q9UJY4,63,11,52,39,33,30
Q9UK76,38,18,20,19,27,11
Q9UPZ9,69,5,64,36,30,39
Q9Y6R1,101,21,80,63,51,50
A0A0A0MT76,2,0,2,2,0,2
A0A0J9YY99,11,0,11,10,1,10
A4FU49,59,2,57,13,48,11
A6NGZ8,9,0,9,5,4,5
A6NHQ2,16,0,16,11,5,11
A6NNH2,37,2,35,17,22,15
B3EWF7,19,0,19,12,7,12
O00476,46,0,46,36,10,36
O00762,13,2,11,7,6,7
O14960,9,0,9,8,1,8
O43692,17,0,17,12,5,12
O43914,9,1,8,6,4,5
O60293,259,62,197,144,145,114
O75762,70,6,64,53,15,55
O94986,147,16,131,89,68,79
O95197,152,20,132,103,53,99
O95202,51,7,44,29,27,24
O96028,152,33,119,94,65,87
P00374,13,2,11,7,8,5
P01286,10,0,10,5,5,5
P0DPF7,6,0,6,5,1,5
P14151,27,0,27,25,2,25
P18405,12,0,12,10,2,10
P20718,14,0,14,12,2,12
P20810,115,46,69,57,50,65
P23760,54,3,51,33,24,30
P30556,26,3,23,20,3,23
P37268,30,1,29,21,10,20
P41226,58,5,53,39,22,36
P42772,3,0,3,1,2,1
P51572,16,4,12,10,10,6
P52333,95,10,85,61,40,55
P52747,44,1,43,37,6,38
P53365,22,3,19,12,13,9
P55017,75,2,73,56,19,56
P55058,38,1,37,26,11,27
P56696,63,2,61,40,23,40
P59282,12,1,11,7,4,8
P59536,29,0,29,28,1,28
Q02509,37,1,36,22,16,21
Q05BU3,1,0,1,0,1,0
Q12893,33,9,24,21,11,22
Q13561,27,5,22,18,14,13
Q14157,222,52,170,157,47,175
Q14194,47,11,36,31,19,28
Q15527,16,6,10,9,11,5
Q4G0N8,80,0,80,62,18,62
Q5T1Q4,30,0,30,25,5,25
Q5VT52,324,95,229,192,129,195
Q6ICL3,15,0,15,13,2,13
Q6PIV2,33,0,33,14,19,14
Q6UVW9,12,0,12,11,1,11
Q6UXN2,20,0,20,11,9,11
Q6ZNW5,20,0,20,10,10,10
Q6ZT52,18,0,18,8,10,8
Q6ZUI0,22,0,22,14,8,14
Q6ZV50,52,0,52,40,12,40
Q7Z2X7,6,0,6,3,3,3
Q7Z7B8,4,0,4,4,0,4
Q7Z7J7,17,0,17,15,2,15
Q86T03,13,1,12,7,7,6
Q86WV6,31,3,28,24,8,23
Q86XT4,31,0,31,20,11,20
Q8IUZ0,56,0,56,37,19,37
Q8IV20,27,0,27,19,8,19
Q8IWL8,13,0,13,10,3,10
Q8IZA3,33,0,33,9,24,9
Q8N7K0,58,1,57,46,11,47
Q8NGL6,20,0,20,15,5,15
Q8TDD1,72,18,54,35,49,23
Q8WU68,13,2,11,7,6,7
Q8WW33,14,1,13,12,1,13
Q8WYA0,46,4,42,23,25,21
Q92609,122,32,90,79,59,63
Q96EI5,15,6,9,6,13,2
Q96EX3,48,0,48,40,8,40
Q96IZ0,34,9,25,19,24,10
Q96M89,68,8,60,41,31,37
Q96PB1,62,0,62,53,9,53
Q96PL5,38,2,36,27,11,27
Q96SK2,78,16,62,52,40,38
Q96T75,8,0,8,7,1,7
Q99471,7,1,6,6,2,5
Q99748,9,0,9,6,3,6
Q9GZQ8,7,0,7,6,1,6
Q9H1E3,56,27,29,27,52,4
Q9H3W5,51,0,51,43,8,43
Q9H4T2,18,0,18,11,7,11
Q9H8X9,28,0,28,22,6,22
Q9HBI0,18,0,18,12,6,12
Q9HBL7,7,0,7,3,4,3
Q9UBK8,66,11,55,50,21,45
Q9UK10,65,5,60,46,20,45
Q9ULC4,6,1,5,5,2,4
Q9ULI1,151,5,146,109,41,110
Q9UPY3,176,24,152,106,78,98
Q9Y242,24,2,22,9,17,7
Q9Y4C0,144,3,141,96,49,95
Q9Y5F9,85,0,85,54,31,54
Q9Y6C2,82,3,79,47,36,46
A0A0A0MRZ9,20,0,20,14,6,14
A0A0C4DH72,15,0,15,9,6,9
A1KZ92,93,0,93,51,42,51
A1L1A6,13,0,13,11,2,11
A1L3X0,16,0,16,14,2,14
A5D8V7,34,2,32,17,17,17
A6NHY2,28,0,28,17,11,17
A6NM76,32,0,32,30,2,30
E2RYF6,327,0,327,320,7,320
O00238,38,1,37,25,14,24
O15066,61,11,50,32,28,33
O43164,109,28,81,67,52,57
O43566,80,24,56,44,48,32
O60499,21,7,14,13,7,14
O75420,119,33,86,62,78,41
O75694,137,18,119,92,51,86
P01764,15,0,15,14,1,14
P02656,14,3,11,8,5,9
P02763,6,0,6,5,1,5
P07339,39,4,35,32,7,32
P10914,34,1,33,22,13,21
P14678,4,0,4,1,3,1
P15260,72,16,56,47,23,49
P19235,49,0,49,41,8,41
P22694,24,8,16,12,20,4
P28566,31,0,31,22,9,22
P35462,34,6,28,24,14,20
P42330,31,10,21,16,21,10
P47756,30,7,23,19,12,18
P49841,35,9,26,21,17,18
Q01650,38,4,34,31,9,29
Q03405,26,0,26,20,6,20
Q06830,15,6,9,9,4,11
Q12829,24,2,22,12,14,10
Q12849,37,4,33,23,14,23
Q13794,2,1,1,1,2,0
Q14002,18,0,18,12,6,12
Q14137,69,11,58,39,41,28
Q14508,8,0,8,8,0,8
Q14678,156,25,131,106,53,103
Q14690,154,19,135,83,76,78
Q15825,27,1,26,23,3,24
Q16048,5,0,5,2,3,2
Q16825,116,19,97,65,66,50
Q495M9,45,2,43,25,20,25
Q53T94,43,0,43,31,12,31
Q562F6,163,31,132,97,73,90
Q5H9K5,62,0,62,37,25,37
Q5T5S1,33,0,33,13,20,13
Q6IPT2,12,0,12,8,4,8
Q6P4F7,171,45,126,93,93,78
Q6PD62,116,35,81,70,77,39
Q6QNK2,100,0,100,79,21,79
Q6UWT2,8,0,8,4,4,4
Q6UY09,65,0,65,43,22,43
Q6ZNG9,44,1,43,28,15,29
Q6ZVK1,16,0,16,14,2,14
Q7RTU7,15,0,15,4,11,4
Q7Z3E5,65,5,60,46,22,43
Q86UQ5,12,0,12,7,5,7
Q86XE5,20,0,20,9,11,9
Q8IUA7,121,1,120,91,29,92
Q8IVW8,42,1,41,32,11,31
Q8IXU6,28,2,26,24,4,24
Q8IYR2,59,0,59,44,15,44
Q8IZ96,10,1,9,9,2,8
Q8N6M3,20,0,20,14,6,14
Q8TB69,36,0,36,32,4,32
Q8TDP1,9,3,6,5,7,2
Q92902,58,0,58,40,18,40
Q93073,145,21,124,93,63,82
Q96A65,91,18,73,54,39,52
Q96AG4,14,3,11,7,4,10
Q96C23,16,2,14,11,7,9
Q96E66,14,0,14,10,4,10
Q96GF1,13,0,13,10,3,10
Q96HP8,17,0,17,10,7,10
Q96NG3,48,4,44,25,27,21
Q99549,85,28,57,46,47,38
Q9BUB4,51,9,42,28,24,27
Q9BUY5,50,1,49,46,3,47
Q9BZS1,40,3,37,22,19,21
Q9H1D9,24,1,23,13,12,12
Q9H3K2,24,0,24,15,9,15
Q9NVV2,8,0,8,2,6,2
Q9NWZ8,26,5,21,16,15,11
Q9NX58,32,9,23,19,18,14
Q9NZN9,16,0,16,12,4,12
Q9P265,163,30,133,108,71,92
Q9UBS4,15,2,13,8,7,8
Q9UBW8,15,2,13,9,6,9
Q9ULX9,13,2,11,5,10,3
Q9Y243,24,4,20,17,7,17
Q9Y253,83,6,77,54,29,54
Q9Y2K6,108,28,80,64,68,40
Q9Y334,69,0,69,45,24,45
Q9Y3Q8,67,25,42,39,41,26
Q9Y483,51,6,45,31,22,29
Q9Y5S8,47,2,45,34,15,32
A4D2B0,19,5,14,11,13,6
A6NNL5,9,0,9,7,2,7
B2RXH4,81,3,78,38,44,37
C9JLJ4,39,0,39,34,5,34
D6R901,39,0,39,34,5,34
E5RQL4,10,0,10,8,2,8
E9PQR5,28,0,28,14,14,14
I3L3R5,8,0,8,2,6,2
O14610,1,0,1,0,1,0
O15297,58,7,51,33,32,26
O15360,144,4,140,106,36,108
O75663,18,0,18,12,6,12
O95163,118,12,106,89,29,89
P01137,28,0,28,19,9,19
P0C7P3,67,0,67,52,15,52
P0CW19,5,1,4,3,3,2
P0DJD7,44,0,44,41,3,41
P16444,30,0,30,26,4,26
P17480,86,21,65,46,53,33
P20231,13,2,11,11,4,9
P21583,32,1,31,20,11,21
P22059,76,18,58,43,37,39
P23352,62,0,62,42,20,42
P28476,41,2,39,32,11,30
P35354,34,0,34,28,6,28
P40879,55,1,54,43,11,44
P43250,26,3,23,14,9,17
P49767,31,1,30,23,9,22
P49959,89,29,60,52,40,49
P62241,14,5,9,8,9,5
P63124,7,0,7,6,1,6
Q00403,28,5,23,16,13,15
Q02045,9,0,9,4,5,4
Q03014,30,5,25,17,18,12
Q03519,47,0,47,37,10,37
Q0D2K3,14,0,14,8,6,8
Q12857,85,24,61,54,53,32
Q13976,40,4,36,24,18,22
Q14008,167,26,141,109,66,101
Q14703,80,1,79,37,44,36
Q16478,82,0,82,50,32,50
Q16600,59,8,51,44,17,42
Q1ZZU3,21,3,18,12,12,9
Q3B7S5,4,0,4,1,3,1
Q495C1,35,2,33,22,15,20
Q56P42,8,0,8,5,3,5
Q5HY98,33,2,31,24,11,22
Q5T1C6,20,4,16,11,11,9
Q63HQ0,43,10,33,22,23,20
Q658Y4,101,18,83,69,32,69
Q6GMR7,27,1,26,22,6,21
Q6IF63,12,0,12,12,0,12
Q6P4A8,38,0,38,26,12,26
Q6SPF0,37,10,27,20,23,14
Q6UX98,10,0,10,8,2,8
Q6UXZ0,27,0,27,22,5,22
Q6VEQ5,37,0,37,26,11,26
Q7Z406,106,14,92,46,64,42
Q86UB2,54,2,52,34,22,32
Q86UK0,244,14,230,178,72,172
Q86VF7,135,5,130,88,50,85
Q86VM9,204,73,131,92,167,37
Q8IUX4,20,0,20,10,10,10
Q8IWR0,90,10,80,60,28,62
Q8IXA5,27,2,25,16,11,16
Q8IZ52,38,3,35,25,14,24
Q8N119,43,3,40,18,28,15
Q8N6G5,27,0,27,21,6,21
Q8N7S6,22,0,22,11,11,11
Q8NEQ6,12,0,12,5,7,5
Q8NFA0,164,31,133,103,64,100
Q8NFJ6,21,0,21,15,6,15
Q8NGC2,22,0,22,20,2,20
Q8NGG0,27,0,27,25,2,25
Q8TDR2,37,6,31,14,23,14
Q8WWH5,40,10,30,20,20,20
Q8WYQ4,11,0,11,5,6,5
Q92886,25,0,25,11,14,11
Q96DL1,25,0,25,18,7,18
Q96K75,41,0,41,26,15,26
Q96QS1,27,0,27,18,9,18
Q96RL7,236,11,225,167,72,164
Q96SB3,79,20,59,44,49,30
Q99700,238,65,173,126,131,107
Q99835,53,2,51,39,16,37
Q9BRF8,17,1,16,16,2,15
Q9BV99,24,1,23,12,13,11
Q9BXV9,3,1,2,2,2,1
Q9BZ68,20,0,20,7,13,7
Q9H205,22,0,22,21,1,21
Q9H3H9,10,0,10,1,9,1
Q9H4M9,27,4,23,17,12,15
Q9H6A9,236,31,205,139,122,114
Q9H813,32,3,29,19,12,20
Q9H9A7,73,15,58,48,20,53
Q9HCN6,35,0,35,23,12,23
Q9NTU7,18,0,18,15,3,15
Q9UK53,37,1,36,16,22,15
Q9UPP1,119,25,94,60,70,49
Q9Y620,77,4,73,54,23,54
A0A1B0GWI6,51,0,51,22,29,22
A0A494C0N9,12,0,12,4,8,4
A0PJX8,23,0,23,19,4,19
A1L167,13,0,13,4,9,4
A4QN01,3,0,3,3,0,3
A6NED2,24,3,21,17,10,14
A6NH57,9,0,9,9,0,9
A6NM10,18,0,18,13,5,13
A8MXY4,55,0,55,51,4,51
O00322,16,0,16,13,3,13
O43684,28,3,25,19,8,20
O95429,63,8,55,40,27,36
O95810,83,31,52,42,50,33
P08476,37,1,36,24,14,23
P08567,30,9,21,17,16,14
P0DJD4,70,0,70,17,53,17
P0DP04,12,0,12,10,2,10
P0DP73,1,0,1,1,0,1
P10826,37,1,36,25,13,24
P13928,27,2,25,16,11,16
P15515,5,1,4,4,2,3
P15622,48,3,45,39,10,38
P16473,51,0,51,44,7,44
P22748,25,2,23,16,7,18
P30047,3,0,3,1,2,1
P35070,7,0,7,6,1,6
P48382,66,14,52,34,46,20
P54710,2,0,2,1,1,1
P56180,37,1,36,22,16,21
P57789,37,0,37,21,16,21
P59047,93,0,93,65,28,65
P84095,7,0,7,5,2,5
Q00688,20,9,11,10,17,3
Q00987,99,34,65,60,41,58
Q04725,108,14,94,73,41,67
Q0VAM2,33,0,33,22,11,22
Q13029,240,33,207,146,115,125
Q13239,38,7,31,19,26,12
Q14526,58,12,46,31,39,19
Q15631,13,1,12,8,6,7
Q504Q3,93,6,87,71,24,69
Q5T1B0,61,2,59,38,25,36
Q5T1V6,53,12,41,31,22,31
Q5T2N8,21,3,18,13,11,10
Q5T6C5,83,7,76,43,47,36
Q5TG30,44,0,44,27,17,27
Q5VWK0,60,0,60,41,19,41
Q6P499,35,3,32,26,6,29
Q6WBX8,45,0,45,31,14,31
Q6ZP65,50,0,50,25,25,25
Q6ZSG1,23,0,23,13,10,13
Q6ZVH7,77,6,71,43,40,37
Q86W28,78,0,78,58,20,58
Q86YP4,92,29,63,54,47,45
Q8N2C7,323,6,317,185,142,181
Q8N4Z0,13,2,11,8,5,8
Q8N8K9,95,12,83,63,30,65
Q8N9Q2,26,10,16,11,23,3
Q8NG99,29,0,29,25,4,25
Q8NHY0,36,3,33,23,16,20
Q8NI28,16,0,16,6,10,6
Q8WXJ9,18,0,18,13,5,13
Q8WZ19,18,0,18,12,6,12
Q96AQ6,63,13,50,30,40,23
Q96B96,16,0,16,12,4,12
Q96F24,28,8,20,19,11,17
Q96G46,26,4,22,13,13,13
Q96L42,122,1,121,78,45,77
Q96M69,73,3,70,47,29,44
Q96NB1,12,2,10,8,6,6
Q96QK8,8,0,8,4,4,4
Q96S65,80,3,77,55,26,54
Q9BVA6,26,0,26,16,10,16
Q9BWT6,15,2,13,7,10,5
Q9BXI3,22,3,19,12,9,13
Q9BZ98,6,0,6,5,1,5
Q9BZF3,118,17,101,76,53,65
Q9C073,75,27,48,41,57,18
Q9H4X1,33,14,19,17,20,13
Q9H6W3,49,8,41,32,21,28
Q9H8W3,18,0,18,5,13,5
Q9HB75,59,2,57,40,21,38
Q9HBD1,137,16,121,94,51,86
Q9NXD2,80,8,72,53,33,47
Q9NYA3,42,1,41,24,19,23
Q9NZV1,68,2,66,52,14,54
Q9P086,8,0,8,6,2,6
Q9P1Y5,174,54,120,89,109,65
Q9P2Q2,174,36,138,92,110,64
Q9UBF8,93,14,79,59,44,49
Q9UIJ5,33,3,30,24,12,21
Q9ULH7,154,23,131,102,49,105
Q9UN19,24,3,21,16,11,13
Q9UNK9,50,5,45,32,21,29
Q9UPV0,187,29,158,94,110,77
Q9UQ35,1170,531,639,574,927,243
Q9Y3F4,33,6,27,20,11,22
Q9Y5T4,14,3,11,5,10,4
Q9Y6I9,42,10,32,23,25,17
A0A087X1C5,24,0,24,14,10,14
A6NE01,182,6,176,102,82,100
A6NK06,38,0,38,28,10,28
A6NLE4,9,0,9,8,1,8
A8MUP2,17,0,17,11,6,11
B7ZAQ6,36,0,36,32,4,32
F5H4A9,18,2,16,6,12,6
O00308,60,2,58,41,19,41
O00754,58,0,58,45,13,45
O43921,12,0,12,7,5,7
O60583,132,24,108,84,60,72
O75381,54,15,39,34,21,33
O75581,157,24,133,91,64,93
O75594,14,1,13,11,4,10
O94979,122,13,109,88,43,79
P03952,52,0,52,40,12,40
P03971,35,5,30,17,19,16
P05107,48,2,46,37,9,39
P06746,22,3,19,11,14,8
P09884,94,7,87,68,27,67
P0CW27,45,0,45,15,30,15
P0DMS8,21,0,21,19,2,19
P14921,51,13,38,33,21,30
P16499,40,2,38,28,14,26
P16949,17,8,9,8,15,2
P17540,26,9,17,11,18,8
P21695,14,2,12,11,1,13
P22749,7,0,7,3,4,3
P22792,38,0,38,32,6,32
P25021,25,0,25,19,6,19
P25686,43,8,35,23,24,19
P30305,93,31,62,49,63,30
P31751,33,11,22,16,14,19
P33151,48,2,46,33,15,33
P33993,56,14,42,29,31,25
P35858,37,0,37,26,11,26
P42684,154,43,111,90,91,63
P42766,6,2,4,2,6,0
P43361,33,0,33,23,10,23
P51580,16,2,14,13,5,11
P51685,27,0,27,25,2,25
P54132,209,54,155,115,108,101
P61956,5,2,3,2,5,0
P68133,34,12,22,20,22,12
Q00653,93,28,65,48,57,36
Q14993,53,1,52,32,22,31
Q14D04,70,5,65,44,31,39
Q15024,25,4,21,18,9,16
Q15050,13,2,11,7,6,7
Q15424,166,65,101,80,97,69
Q16795,25,1,24,13,13,12
Q3T8J9,221,25,196,119,115,106
Q5R3K3,27,2,25,23,6,21
Q5T754,20,0,20,18,2,18
Q69YZ2,27,4,23,7,22,5
Q6DD88,43,6,37,30,13,30
Q6P1N0,61,17,44,32,34,27
Q6UQ28,21,0,21,19,2,19
Q719H9,19,1,18,14,6,13
Q76B58,68,0,68,47,21,47
Q7L8W6,14,0,14,10,4,10
Q8IUH5,31,0,31,27,4,27
Q8IYJ2,56,0,56,25,31,25
Q8IYN2,3,0,3,0,3,0
Q8N2R8,31,0,31,19,12,19
Q8N6F8,13,0,13,7,6,7
Q8N7U6,46,0,46,22,24,22
Q8NGE5,27,0,27,21,6,21
Q8TDQ0,21,3,18,13,7,14
Q8WY91,84,10,74,51,39,45
Q969J5,25,0,25,19,6,19
Q96AW1,7,0,7,5,2,5
Q96BT3,69,20,49,33,36,33
Q96DX5,23,3,20,12,12,11
Q96K19,12,0,12,7,5,7
Q96LI6,47,0,47,30,17,30
Q99250,170,13,157,122,57,113
Q99460,63,9,54,49,17,46
Q99698,395,39,356,259,151,244
Q9BSD7,11,1,10,9,3,8
Q9BXJ1,17,0,17,9,8,9
Q9BYS1,32,0,32,30,2,30
Q9H0P7,18,0,18,16,2,16
Q9H0X9,102,15,87,53,56,46
Q9H172,43,0,43,35,8,35
Q9H254,145,11,134,77,77,68
Q9H6K1,33,6,27,24,13,20
Q9HAS3,62,3,59,53,8,54
Q9HCN4,34,5,29,26,7,27
Q9NXR7,26,2,24,17,11,15
Q9NYA4,119,7,112,90,36,83
Q9NZ32,26,3,23,19,8,18
Q9P2R7,28,5,23,17,12,16
Q9UBD5,60,7,53,41,24,36
Q9UHE5,16,0,16,13,3,13
Q9UHP9,3,0,3,1,2,1
Q9UHV9,9,2,7,4,5,4
Q9Y4I1,116,15,101,64,61,55
Q9Y5X9,31,0,31,21,10,21
V9GZ13,3,0,3,2,1,2
A0A075B6K6,16,0,16,10,6,10
A0A075B6P5,18,0,18,11,7,11
A0A087WUM9,5,0,5,0,5,0
A0A087WV62,6,0,6,2,4,2
A0A0A0MT36,16,0,16,10,6,10
A4D2H0,62,0,62,27,35,27
A6NDH6,22,0,22,21,1,21
A6NJ46,21,0,21,10,11,10
A7E2F4,56,2,54,21,37,19
A8MWV9,13,0,13,11,2,11
O00221,44,9,35,19,26,18
O00429,57,10,47,30,31,26
O14966,23,5,18,13,9,14
O43823,64,15,49,35,36,28
O60637,10,0,10,9,1,9
O75843,54,7,47,36,19,35
O95150,18,0,18,14,4,14
O95905,67,16,51,42,21,46
P02647,22,6,16,14,10,12
P08709,30,0,30,19,11,19
P0C7Q5,28,0,28,25,3,25
P0C7V7,7,0,7,4,3,4
P0C874,124,2,122,82,44,80
P0CG01,11,0,11,10,1,10
P0CG41,70,4,66,27,45,25
P0DL12,12,0,12,6,6,6
P0DP42,17,0,17,15,2,15
P21217,29,0,29,13,16,13
P21741,4,0,4,4,0,4
P21926,9,0,9,8,1,8
P32314,55,0,55,32,23,32
P39687,21,9,12,11,17,4
P41597,13,0,13,11,2,11
P48556,24,3,21,18,9,15
P50226,15,1,14,10,6,9
P56730,61,0,61,43,18,43
P63211,3,1,2,2,2,1
Q05DH4,85,4,81,61,26,59
Q09428,115,4,111,86,27,88
Q12816,216,2,214,185,33,183
Q12908,25,0,25,23,2,23
Q14134,85,29,56,50,54,31
Q14146,130,2,128,99,33,97
Q14644,79,14,65,48,41,38
Q4KMQ1,81,18,63,34,59,22
Q5H9E4,25,0,25,15,10,15
Q6UW68,13,0,13,11,2,11
Q6ZMW3,131,1,130,86,44,87
Q6ZNL6,183,31,152,98,104,79
Q76G19,69,9,60,33,43,26
Q7Z6I8,19,4,15,10,11,8
Q86VH2,121,9,112,58,70,51
Q86WK9,20,0,20,18,2,18
Q8IUH3,48,6,42,31,19,29
Q8IV08,36,3,33,29,6,30
Q8IZF0,121,2,119,85,36,85
Q8N1W2,49,2,47,40,9,40
Q8N8Y2,13,0,13,9,4,9
Q8NA57,43,5,38,24,24,19
Q8NBI5,37,2,35,31,8,29
Q8ND25,33,8,25,18,21,12
Q8NEX6,2,0,2,2,0,2
Q8NGA4,18,0,18,14,4,14
Q8TBP6,24,0,24,19,5,19
Q8TD20,65,0,65,53,12,53
Q8TDM0,13,0,13,6,7,6
Q8TDN7,21,0,21,19,2,19
Q8TE85,54,3,51,34,21,33
Q8TED9,99,25,74,57,53,46
Q8TEU7,209,36,173,133,84,125
Q92576,267,62,205,153,130,137
Q92643,31,3,28,22,12,19
Q96AK3,20,1,19,13,8,12
Q96GJ1,36,2,34,23,15,21
Q96NY9,46,8,38,18,36,10
Q96RP8,25,1,24,18,8,17
Q9BSG1,47,2,45,26,21,26
Q9BXA9,154,17,137,99,68,86
Q9BXY8,4,0,4,2,2,2
Q9BZE7,9,0,9,6,3,6
Q9BZZ5,36,7,29,27,12,24
Q9C056,16,0,16,7,9,7
Q9GZR5,18,0,18,16,2,16
Q9H4E5,5,0,5,4,1,4
Q9H9Y6,74,3,71,48,29,45
Q9HAP2,97,8,89,72,33,64
Q9HBI5,7,0,7,4,3,4
Q9NPG4,103,4,99,67,40,63
Q9NQ76,53,1,52,20,34,19
Q9NQT6,39,1,38,25,15,24
Q9NRJ4,161,7,154,102,66,95
Q9NV79,26,2,24,18,10,16
Q9NZE8,16,0,16,12,4,12
Q9P243,101,4,97,70,35,66
Q9UEG4,94,12,82,67,35,59
Q9UK85,24,3,21,16,7,17
Q9ULK5,43,5,38,22,24,19
Q9UPG8,49,4,45,34,17,32
Q9Y2G7,28,0,28,22,6,22
Q9Y2Y6,18,1,17,12,7,11
A5X5Y0,35,1,34,28,6,29
A6NHQ4,30,4,26,11,23,7
E9PQX1,6,0,6,5,1,5
O15013,148,19,129,87,62,86
O15178,49,1,48,35,13,36
O15269,32,5,27,21,10,22
O15270,31,2,29,19,12,19
O75379,15,6,9,9,8,7
P01762,16,0,16,15,1,15
P04040,26,3,23,16,7,19
P09619,94,3,91,61,36,58
P0C7X2,13,0,13,5,8,5
P0CJ75,2,0,2,2,0,2
P13284,7,0,7,5,2,5
P14138,18,0,18,13,5,13
P17174,32,7,25,21,6,26
P23769,59,9,50,39,27,32
P26992,25,0,25,22,3,22
P28222,34,0,34,29,5,29
P48775,26,2,24,13,13,13
P51504,20,1,19,17,2,18
P51570,33,3,30,22,14,19
P53803,1,0,1,1,0,1
P55011,97,14,83,73,30,67
P56524,111,24,87,65,64,47
P59666,3,0,3,3,0,3
P62328,4,2,2,2,2,2
P80365,20,0,20,11,9,11
Q02083,21,0,21,10,11,10
Q02218,64,4,60,43,21,43
Q08499,108,32,76,57,65,43
Q12879,162,17,145,99,74,88
Q14565,15,0,15,9,6,9
Q14596,96,16,80,58,46,50
Q16560,8,1,7,2,7,1
Q16566,40,11,29,24,17,23
Q16880,32,1,31,25,8,24
Q1ZYL8,17,0,17,13,4,13
Q2M2E3,34,0,34,22,12,22
Q2TAM9,15,3,12,4,14,1
Q3MIX3,26,1,25,19,6,20
Q499Z3,33,0,33,20,13,20
Q4W5G0,44,1,43,32,11,33
Q5JUQ0,23,0,23,18,5,18
Q5T5D7,30,3,27,21,8,22
Q5VVP1,160,1,159,131,28,132
Q5VW36,156,1,155,117,38,118
Q5VXU3,19,1,18,14,6,13
Q6DHV7,26,0,26,19,7,19
Q6ISU1,26,0,26,17,9,17
Q6P656,17,0,17,11,6,11
Q6PGQ7,102,21,81,67,46,56
Q6UXD1,1,0,1,1,0,1
Q6ZN79,24,0,24,19,5,19
Q7Z5J4,286,70,216,155,159,127
Q7Z7F7,10,0,10,2,8,2
Q86UV5,73,5,68,50,26,47
Q8IVL6,35,1,34,16,20,15
Q8N0S6,33,3,30,25,11,22
Q8N1D0,18,0,18,10,8,10
Q8N3A8,109,14,95,65,52,57
Q8N4L4,26,0,26,18,8,18
Q8N8V4,42,8,34,20,26,16
Q8NFC6,433,79,354,253,229,204
Q8NFW1,66,0,66,30,36,30
Q8NGS2,28,0,28,27,1,27
Q96GD4,26,7,19,17,6,20
Q96H12,23,2,21,12,13,10
Q96II8,82,15,67,57,34,48
Q96J65,103,5,98,71,35,68
Q96KC2,11,0,11,9,2,9
Q96MG7,18,5,13,9,12,6
Q96P48,121,22,99,71,60,61
Q96P88,18,0,18,10,8,10
Q96RE9,50,2,48,40,8,42
Q96S96,11,0,11,3,8,3
Q96SQ9,22,0,22,16,6,16
Q9BPZ3,9,3,6,5,7,2
Q9BQ51,16,0,16,13,3,13
Q9BRQ8,28,2,26,19,9,19
Q9BSK1,45,2,43,31,14,31
Q9BTE1,14,2,12,10,6,8
Q9BUD6,35,0,35,25,10,25
Q9BWW4,40,3,37,26,13,27
Q9GZV7,16,0,16,12,4,12
Q9H1H1,9,0,9,5,4,5
Q9H5K3,24,0,24,18,6,18
Q9H5Z1,38,0,38,24,14,24
Q9HAS0,42,6,36,23,21,21
Q9HCU8,1,0,1,0,1,0
Q9NRL2,175,36,139,100,97,78
Q9P003,7,0,7,7,0,7
Q9UHE8,17,0,17,16,1,16
Q9UJ72,13,1,12,9,3,10
Q9UJW9,15,1,14,10,6,9
Q9Y2A7,102,9,93,71,38,64
Q9Y2M0,106,14,92,69,47,59
Q9Y2P8,28,3,25,18,9,19
Q9Y3D8,4,0,4,4,0,4
A2RTY3,31,1,30,20,12,19
A4D1Z8,7,0,7,3,4,3
A6BM72,82,0,82,69,13,69
A6NER3,3,0,3,1,2,1
A6NGS2,5,0,5,2,3,2
A8MTA8,16,0,16,6,10,6
I1YAP6,37,0,37,27,10,27
O15394,68,4,64,48,22,46
O60241,156,1,155,98,59,97
O60609,30,0,30,24,6,24
O60774,41,0,41,33,8,33
O60870,34,6,28,21,17,17
O75818,29,1,28,24,6,23
O94907,21,0,21,17,4,17
P01571,17,0,17,12,5,12
P02794,10,2,8,8,2,8
P04211,13,0,13,11,2,11
P07199,47,8,39,21,26,21
P08133,61,21,40,31,25,36
P10109,23,7,16,10,16,7
P18887,91,29,62,53,53,38
P23508,111,15,96,66,54,57
P31941,9,0,9,8,1,8
P43121,56,6,50,37,19,37
P43155,47,2,45,29,18,29
P48146,23,0,23,20,3,20
P48546,26,1,25,21,4,22
P50454,44,13,31,23,26,18
P52566,14,5,9,7,6,8
P53420,79,6,73,42,41,38
P55040,27,3,24,13,17,10
P55347,42,4,38,28,16,26
P63146,13,0,13,9,4,9
P63302,3,0,3,3,0,3
P78410,30,2,28,22,10,20
P98182,32,1,31,25,8,24
Q02817,319,4,315,257,66,253
Q03013,13,2,11,7,8,5
Q05315,11,0,11,9,2,9
Q08ER8,39,2,37,30,11,28
Q10589,10,1,9,5,6,4
Q13625,122,28,94,70,64,58
Q14990,24,0,24,20,4,20
Q15185,24,11,13,13,14,10
Q15822,37,0,37,27,10,27
Q2I0M4,23,0,23,16,7,16
Q2M3R5,25,0,25,20,5,20
Q4G0M1,20,0,20,11,9,11
Q56NI9,75,12,63,39,48,27
Q5SQS8,25,1,24,9,17,8
Q5T0U0,14,0,14,7,7,7
Q5VYX0,25,1,24,12,12,13
Q659C4,105,22,83,52,65,40
Q6DJT9,58,0,58,51,7,51
Q6IAN0,19,1,18,13,7,12
Q6UN15,82,26,56,42,56,26
Q6UXH8,22,0,22,11,11,11
Q6UXS0,10,0,10,7,3,7
Q7Z7G2,4,0,4,2,2,2
Q86UL8,114,10,104,60,62,52
Q8IYL3,48,13,35,29,16,32
Q8IZJ3,152,1,151,101,52,100
Q8N9N2,26,1,25,16,11,15
Q8NDV1,12,0,12,6,6,6
Q8NEU8,48,1,47,33,16,32
Q8WUX9,47,9,38,30,20,27
Q8WXA8,32,1,31,28,5,27
Q92611,42,0,42,27,15,27
Q93008,183,12,171,128,53,130
Q96BD6,11,0,11,9,2,9
Q96CX3,22,0,22,16,6,16
Q96I76,33,0,33,15,18,15
Q96KQ7,126,27,99,73,68,58
Q96MI6,28,0,28,15,13,15
Q96PE7,10,0,10,5,5,5
Q96SE0,22,1,21,16,7,15
Q99623,27,9,18,13,13,14
Q9BR11,37,1,36,25,13,24
Q9BRD0,121,52,69,61,102,19
Q9BRQ6,30,7,23,11,22,8
Q9BXS0,21,1,20,13,9,12
Q9BYD1,5,0,5,4,1,4
Q9BZQ6,71,3,68,47,27,44
Q9GZX7,12,3,9,5,10,2
Q9H019,48,13,35,29,24,24
Q9H094,55,2,53,39,16,39
Q9H5U6,35,2,33,23,14,21
Q9H999,24,0,24,21,3,21
Q9H9R9,13,3,10,3,13,0
Q9HBY8,25,2,23,20,5,20
Q9HCC9,83,6,77,60,25,58
Q9NQ66,107,17,90,60,56,51
Q9NQG1,4,0,4,1,3,1
Q9NRR5,79,11,68,54,26,53
Q9NUN7,15,1,14,14,0,15
Q9UGP8,58,14,44,33,31,27
Q9UK96,86,5,81,53,38,48
Q9ULM0,140,7,133,86,61,79
Q9Y575,38,1,37,24,15,23
Q9Y6D0,12,3,9,5,10,2
A0A0A0MS03,10,0,10,6,4,6
A0A494C030,17,0,17,7,10,7
A2RUQ5,15,1,14,10,4,11
A6NLC8,11,0,11,4,7,4
A8K0Z3,43,5,38,33,13,30
B4DH59,84,0,84,69,15,69
O00338,17,2,15,12,7,10
O15374,43,0,43,38,5,38
O60240,64,20,44,37,43,21
O60832,38,9,29,23,20,18
O75366,50,2,48,36,12,38
O75496,29,10,19,16,17,12
O95155,184,44,140,109,81,103
P02545,128,62,66,64,98,30
P0C1H6,13,0,13,6,7,6
P15104,22,4,18,15,11,11
P21860,120,21,99,81,50,70
P22680,28,1,27,17,12,16
P30613,39,5,34,25,19,20
P32189,44,0,44,33,11,33
P49427,14,3,11,10,5,9
P49768,47,14,33,31,20,27
P49798,24,0,24,15,9,15
P55345,25,0,25,19,6,19
P58166,25,0,25,21,4,21
P61952,3,0,3,1,2,1
P78332,114,25,89,47,84,30
P78337,43,6,37,29,20,23
P78383,17,0,17,15,2,15
P84090,6,1,5,3,4,2
Q0VFZ6,14,0,14,4,10,4
Q12836,53,0,53,42,11,42
Q13072,3,0,3,2,1,2
Q13686,32,3,29,22,11,21
Q13705,29,2,27,16,15,14
Q13885,45,15,30,26,20,25
Q15935,58,1,57,45,14,44
Q16719,19,1,18,16,4,15
Q16819,57,1,56,36,22,35
Q49MG5,85,16,69,45,44,41
Q4G1C9,15,0,15,13,2,13
Q5JUK3,106,1,105,57,50,56
Q5SXH7,61,3,58,37,27,34
Q5VZ89,293,72,221,178,135,158
Q68BL7,51,2,49,23,30,21
Q6NT52,13,0,13,8,5,8
Q6P2I3,13,1,12,12,0,13
Q6RW13,12,0,12,9,3,9
Q6UY13,10,0,10,9,1,9
Q6Y7W6,132,33,99,75,66,66
Q6ZNB5,27,0,27,18,9,18
Q6ZUT6,59,14,45,26,41,18
Q6ZUX7,14,0,14,12,2,12
Q71F23,71,22,49,33,42,29
Q7L9L4,10,2,8,8,2,8
Q7LFX5,42,3,39,32,9,33
Q7Z4N2,117,3,114,76,42,75
Q7Z624,20,1,19,12,9,11
Q86TY3,72,0,72,49,23,49
Q8IYM2,43,1,42,28,16,27
Q8N283,71,2,69,30,43,28
Q8N7R1,29,0,29,18,11,18
Q8NFW8,34,1,33,15,20,14
Q8NGH8,24,0,24,22,2,22
Q8NGI0,14,0,14,14,0,14
Q8NGJ3,20,0,20,20,0,20
Q8NGR1,32,0,32,27,5,27
Q8TBB1,71,10,61,36,45,26
Q8TF71,50,9,41,33,18,32
Q8WTR8,26,0,26,20,6,20
Q92696,31,0,31,24,7,24
Q96A83,26,0,26,13,13,13
Q96H86,30,3,27,17,16,14
Q96HA1,241,52,189,169,112,129
Q96M42,16,0,16,10,6,10
Q96MR7,17,0,17,6,11,6
Q96PV4,36,4,32,11,25,11
Q99417,2,0,2,1,1,1
Q99735,7,0,7,5,2,5
Q9BRT8,21,0,21,19,2,19
Q9BRU9,22,7,15,10,17,5
Q9BUK6,52,5,47,39,18,34
Q9BXR5,56,0,56,47,9,47
Q9BZJ6,30,0,30,24,6,24
Q9C0A0,141,4,137,113,28,113
Q9H2C8,33,0,33,26,7,26
Q9HD33,14,1,13,6,9,5
Q9NP80,74,5,69,43,34,40
Q9NT22,56,1,55,36,21,35
Q9NUU6,26,0,26,18,8,18
Q9NUY8,89,19,70,59,39,50
Q9NVN3,33,3,30,21,15,18
Q9NZU5,26,6,20,18,12,14
Q9P218,111,7,104,63,45,66
Q9P287,22,6,16,13,11,11
Q9Y2C5,48,0,48,42,6,42
Q9Y5A7,27,2,25,17,12,15
Q9Y696,19,5,14,10,12,7
Q9Y6M0,28,1,27,22,5,23
A0A0B4J1T7,9,0,9,7,2,7
A0A0B4J1V0,10,0,10,7,3,7
A0A1B0GV96,1,0,1,0,1,0
A0A1B0GVH6,38,0,38,12,26,12
A0A589,8,0,8,5,3,5
A1YPR0,30,4,26,18,14,16
A4FU69,116,1,115,68,49,67
A6NKK0,24,0,24,22,2,22
A8MV24,8,0,8,4,4,4
H0UI37,4,0,4,4,0,4
O00482,45,4,41,37,12,33
O14520,22,1,21,14,7,15
O14599,5,0,5,5,0,5
O15047,245,42,203,148,121,124
O43236,28,4,24,14,18,10
O75410,124,31,93,77,60,64
O75954,9,0,9,8,1,8
O94993,77,0,77,50,27,50
O95714,441,31,410,307,145,296
O95985,55,2,53,37,20,35
P02585,6,0,6,2,4,2
P05067,40,5,35,26,13,27
P0C221,34,0,34,21,13,21
P22612,18,0,18,10,8,10
P25106,36,3,33,29,8,28
P25786,25,9,16,12,18,7
P31025,9,2,7,5,4,5
P35226,38,9,29,23,18,20
P35998,15,1,14,11,5,10
P40616,10,0,10,8,2,8
P46939,288,48,240,168,132,156
P48230,8,0,8,8,0,8
P50406,37,0,37,27,10,27
P52565,23,8,15,13,12,11
P55317,74,13,61,52,31,43
P56880,20,0,20,20,0,20
P60880,11,2,9,6,5,6
P62341,15,1,14,13,3,12
P62508,45,3,42,35,13,32
Q01101,29,0,29,15,14,15
Q08629,31,0,31,26,5,26
Q13363,25,4,21,16,11,14
Q14142,26,0,26,16,10,16
Q14863,21,0,21,13,8,13
Q15046,25,5,20,15,15,10
Q15375,68,2,66,47,21,47
Q15486,10,0,10,10,0,10
Q15562,45,2,43,30,17,28
Q15761,48,1,47,32,15,33
Q16543,24,8,16,14,10,14
Q3Y452,12,0,12,9,3,9
Q3ZCM7,31,5,26,20,12,19
Q5TEC3,50,6,44,35,21,29
Q5VYS8,110,15,95,71,50,60
Q68DK2,265,23,242,172,110,155
Q6IEU7,28,0,28,22,6,22
Q6IMI4,20,1,19,16,5,15
Q6IQ16,31,0,31,26,5,26
Q6NT32,43,0,43,36,7,36
Q6NXR4,25,0,25,20,5,20
Q6UXA7,34,0,34,22,12,22
Q6ZNB7,39,2,37,31,8,31
Q6ZRF8,44,1,43,25,18,26
Q71RC1,25,0,25,15,10,15
Q7Z5L9,89,33,56,51,55,34
Q7Z7B0,107,8,99,48,67,40
Q86UN6,11,1,10,8,4,7
Q86VF2,94,0,94,62,32,62
Q8IUC6,80,7,73,55,28,52
Q8IZM9,38,0,38,30,8,30
Q8N2H9,42,5,37,24,21,21
Q8TBA6,91,13,78,55,37,54
Q8TDZ2,93,24,69,56,49,44
Q8TF72,326,82,244,180,190,136
Q8WTV0,42,0,42,33,9,33
Q8WWY6,18,1,17,13,6,12
Q93097,22,0,22,11,11,11
Q96F10,6,1,5,3,4,2
Q96JT2,35,0,35,29,6,29
Q96MD2,42,1,41,27,14,28
Q96RN1,106,2,104,80,26,80
Q9BYJ1,46,1,45,32,13,33
Q9BYV7,33,0,33,20,13,20
Q9H0B8,39,1,38,25,15,24
Q9H169,12,1,11,9,4,8
Q9H4G8,3,0,3,3,0,3
Q9H4M3,12,0,12,10,2,10
Q9H8W2,10,1,9,2,9,1
Q9HBW1,52,1,51,39,14,38
Q9NQX3,72,21,51,43,30,42
Q9NRE1,17,0,17,14,3,14
Q9NS93,44,1,43,40,5,39
Q9NTM9,23,1,22,14,10,13
Q9P015,9,2,7,5,6,3
Q9UFV1,20,1,19,14,7,13
Q9UJT2,53,2,51,31,24,29
Q9UKP4,129,4,125,88,41,88
Q9Y2V3,30,1,29,12,19,11
Q9Y463,57,8,49,40,21,36
Q9Y543,18,0,18,7,11,7
A0A075B7F0,11,0,11,11,0,11
A0A1B0GUW7,4,0,4,4,0,4
A0A1W2PPE3,9,0,9,5,4,5
A0A2R8YFL7,15,0,15,9,6,9
A7E2S9,13,0,13,8,5,8
C9JSJ3,74,0,74,37,37,37
O15197,87,0,87,65,22,65
O15503,23,0,23,16,7,16
O43353,73,22,51,38,29,44
O43464,39,6,33,20,25,14
O60258,12,0,12,2,10,2
O75074,62,0,62,40,22,40
O75712,14,1,13,12,3,11
O75915,9,1,8,5,5,4
O95214,4,0,4,3,1,3
O95343,27,0,27,18,9,18
P00739,15,0,15,14,1,14
P01374,20,0,20,17,3,17
P01703,15,0,15,12,3,12
P09668,23,1,22,19,3,20
P0CL83,11,0,11,9,2,9
P0DJI9,11,0,11,7,4,7
P13498,9,2,7,6,5,4
P22310,33,1,32,26,6,27
P26196,32,7,25,20,7,25
P26441,11,0,11,7,4,7
P29275,17,0,17,16,1,16
P43489,17,0,17,14,3,14
P49770,25,2,23,15,12,13
P51636,18,6,12,11,3,15
P56915,20,0,20,13,7,13
P58743,47,1,46,39,9,38
P78382,24,0,24,19,5,19
P98174,101,26,75,52,63,38
Q01664,32,6,26,18,20,12
Q02641,69,11,58,33,43,26
Q02952,276,110,166,150,180,96
Q06889,36,0,36,20,16,20
Q0ZLH3,29,0,29,18,11,18
Q12974,2,1,1,1,2,0
Q13145,20,0,20,15,5,15
Q13309,53,7,46,41,13,40
Q13639,24,1,23,14,9,15
Q14624,78,5,73,43,40,38
Q14896,83,6,77,47,40,43
Q14C86,205,57,148,118,110,95
Q2M1P5,104,10,94,43,69,35
Q3KR37,83,11,72,52,42,41
Q460N3,57,0,57,39,18,39
Q4V339,21,0,21,17,4,17
Q537H7,9,0,9,4,5,4
Q5D862,542,8,534,304,242,300
Q5HYM0,90,0,90,49,41,49
Q5SXM1,35,0,35,31,4,31
Q5T4F4,34,1,33,20,15,19
Q6UWM9,27,1,26,17,11,16
Q8IVH2,91,23,68,57,37,54
Q8IZ57,12,0,12,8,4,8
Q8N118,37,1,36,24,14,23
Q8N349,24,0,24,22,2,22
Q8N461,36,1,35,28,7,29
Q8NDB2,58,1,57,34,25,33
Q8NGC1,29,0,29,24,5,24
Q8NGT1,28,0,28,27,1,27
Q8NHB1,24,0,24,22,2,22
Q8TAD4,69,1,68,61,9,60
Q8TBE7,29,2,27,24,3,26
Q8WVJ9,22,4,18,10,14,8
Q92730,25,1,24,14,12,13
Q92847,26,0,26,19,7,19
Q96CG8,21,0,21,15,6,15
Q96GK7,12,1,11,11,2,10
Q96GM1,26,3,23,15,14,12
Q96RI9,29,0,29,21,8,21
Q96RL1,127,40,87,71,66,61
Q96SQ7,24,1,23,15,10,14
Q99439,35,13,22,21,11,24
Q9BY49,29,4,25,20,9,20
Q9C0B5,150,63,87,79,102,48
Q9H116,59,4,55,41,18,41
Q9H1K6,38,2,36,29,11,27
Q9H2C2,13,0,13,11,2,11
Q9H2L4,3,0,3,1,2,1
Q9H898,19,2,17,12,9,10
Q9HBE4,11,0,11,6,5,6
Q9HCE3,192,34,158,126,82,110
Q9NPI5,14,0,14,6,8,6
Q9NR82,108,10,98,58,56,52
Q9NUN5,40,2,38,34,8,32
Q9NVS9,20,4,16,16,6,14
Q9UL63,62,2,60,43,19,43
Q9ULT0,77,12,65,44,35,42
Q9UPC5,39,3,36,28,12,27
Q9UPR0,105,14,91,64,53,52
Q9Y222,77,2,75,55,22,55
Q9Y2Y4,45,0,45,27,18,27
Q9Y314,30,8,22,18,14,16
Q9Y5R2,27,0,27,17,10,17
Q9Y5U2,54,13,41,34,31,23
A0A075B6I6,16,0,16,13,3,13
A0A1B0GU33,6,0,6,4,2,4
A0A1B0GWH4,37,0,37,21,16,21
A0AVF1,28,0,28,22,6,22
A6NNV3,20,0,20,8,12,8
A8MWL7,6,0,6,5,1,5
O00151,43,17,26,26,14,29
O60811,33,0,33,23,10,23
O60813,25,0,25,22,3,22
O60844,17,0,17,6,11,6
O75356,27,0,27,22,5,22
O75391,21,8,13,13,10,11
O77932,26,0,26,12,14,12
O94876,73,14,59,47,36,37
O95678,77,16,61,45,48,29
P00740,29,2,27,23,4,25
P04062,40,0,40,21,19,21
P07203,11,2,9,7,4,7
P08397,22,3,19,14,9,13
P0CG36,15,0,15,12,3,12
P17931,13,2,11,11,2,11
P22001,51,4,47,34,19,32
P24310,6,2,4,3,5,1
P25054,592,160,432,317,355,237
P30043,15,6,9,7,12,3
P30084,16,4,12,11,5,11
P32856,18,0,18,9,9,9
P33763,8,0,8,4,4,4
P43632,32,0,32,22,10,22
P46091,28,1,27,24,3,25
P46199,38,1,37,21,18,20
P46439,9,0,9,4,5,4
P51522,37,0,37,29,8,29
P51948,16,4,12,11,7,9
P52907,19,4,15,13,8,11
P57073,46,5,41,28,23,23
P61626,7,0,7,6,1,6
Q14254,21,5,16,12,8,13
Q14444,82,21,61,54,29,53
Q14728,38,2,36,26,14,24
Q14CM0,135,4,131,85,52,83
Q15788,199,32,167,138,71,128
Q2TAK8,87,10,77,49,40,47
Q2VY69,57,1,56,49,7,50
Q5FWF4,79,4,75,48,35,44
Q5HYR2,18,0,18,9,9,9
Q5QFB9,8,0,8,8,0,8
Q5VWM3,35,0,35,20,15,20
Q5VZ66,34,1,33,12,23,11
Q5VZP5,169,5,164,86,88,81
Q68CP4,54,4,50,41,15,39
Q69YU5,1,0,1,1,0,1
Q6P4Q7,72,12,60,49,25,47
Q6T311,13,0,13,13,0,13
Q6ZT77,12,0,12,9,3,9
Q6ZVX9,24,0,24,20,4,20
Q70EK9,70,3,67,42,31,39
Q86TZ1,20,0,20,14,6,14
Q86VB7,112,1,111,95,18,94
Q86YB7,10,0,10,5,5,5
Q86YI8,30,0,30,20,10,20
Q8IUQ4,19,1,18,16,2,17
Q8N3L3,59,11,48,32,26,33
Q8N3Z0,31,2,29,15,18,13
Q8N436,40,2,38,23,19,21
Q8N668,19,3,16,10,8,11
Q8N743,34,0,34,23,11,23
Q8N7B6,33,5,28,15,21,12
Q8NBU5,26,4,22,15,13,13
Q8NEA5,16,0,16,12,4,12
Q8NEY8,92,37,55,47,72,20
Q8NG95,26,0,26,25,1,25
Q8NGX8,19,0,19,14,5,14
Q8TBF2,12,1,11,9,4,8
Q8TDC0,19,1,18,10,10,9
Q8WY50,17,0,17,10,7,10
Q8WZ82,19,3,16,12,10,9
Q96AZ6,12,0,12,2,10,2
Q96DA6,7,2,5,4,3,4
Q96DB2,17,0,17,7,10,7
Q96IW7,23,1,22,17,7,16
Q96SF2,29,0,29,19,10,19
Q9BVT8,20,4,16,16,6,14
Q9BY77,49,18,31,27,24,25
Q9C000,118,1,117,72,47,71
Q9GZZ1,6,1,5,5,2,4
Q9H211,55,15,40,27,39,16
Q9H5J4,16,0,16,15,1,15
Q9H799,314,6,308,218,100,214
Q9H7E9,21,6,15,10,13,8
Q9HBH1,11,0,11,8,3,8
Q9NU39,32,0,32,17,15,17
Q9UBR4,37,4,33,18,23,14
Q9UHD2,47,7,40,36,12,35
Q9UHG0,45,13,32,20,36,9
Q9ULR0,11,4,7,5,10,1
Q9UMN6,247,42,205,125,152,95
Q9UNE2,29,0,29,12,17,12
Q9Y375,27,1,26,17,11,16
Q9Y572,54,10,44,31,31,23
A0A075B7F1,13,0,13,11,2,11
A0A0B4J1V1,18,0,18,17,1,17
A0A0J9YY54,60,0,60,31,29,31
A0A1B0GVV1,5,0,5,5,0,5
A0JLT2,20,4,16,13,11,9
A6NFY7,5,0,5,0,5,0
A6NIM6,41,0,41,35,6,35
A6NJY4,4,0,4,4,0,4
O43613,35,0,35,22,13,22
O60543,16,0,16,5,11,5
O60671,21,0,21,14,7,14
O95402,89,26,63,47,58,31
O95750,17,0,17,7,10,7
O95968,1,0,1,1,0,1
P00367,49,12,37,26,29,20
P01825,18,0,18,18,0,18
P05000,16,0,16,12,4,12
P06756,73,1,72,43,29,44
P0C7P2,20,0,20,11,9,11
P0DI80,1,0,1,1,0,1
P18031,51,19,32,28,26,25
P22033,45,5,40,31,17,28
P22413,67,1,66,52,14,53
P23582,5,0,5,2,3,2
P26572,20,0,20,13,7,13
P29083,36,10,26,19,21,15
P42568,139,30,109,76,57,82
P43365,26,0,26,19,7,19
P58546,4,1,3,3,0,4
P60331,53,0,53,52,1,52
P61574,7,0,7,5,2,5
Q13469,142,50,92,75,89,53
Q13651,62,0,62,43,19,43
Q14533,46,5,41,31,14,32
Q14CZ0,27,3,24,15,15,12
Q15800,9,0,9,8,1,8
Q32MK0,53,4,49,29,28,25
Q3KNS1,75,0,75,57,18,57
Q3KNS6,35,1,34,27,9,26
Q49AJ0,153,7,146,118,42,111
Q4KMZ1,46,4,42,26,24,22
Q53GL0,46,10,36,25,31,15
Q5PSV4,30,4,26,15,17,13
Q5T848,128,7,121,79,54,74
Q5VZM2,34,2,32,25,9,25
Q63HQ2,93,7,86,59,39,54
Q63ZY6,29,3,26,18,12,17
Q6IPR3,14,1,13,8,7,7
Q6P5W5,55,0,55,36,19,36
Q6PF04,48,0,48,41,7,41
Q6PF06,21,0,21,14,7,14
Q6PI26,53,2,51,35,18,35
Q7KZN9,28,0,28,20,8,20
Q7RTY8,84,0,84,64,20,64
Q7RTY9,26,0,26,18,8,18
Q7Z5P4,18,1,17,13,6,12
Q7Z7A1,168,13,155,91,86,82
Q86VR2,64,23,41,39,28,36
Q86WV1,30,1,29,21,10,20
Q8IUD6,52,5,47,41,12,40
Q8IVP9,31,0,31,28,3,28
Q8IVU1,62,1,61,40,23,39
Q8IYS5,22,0,22,15,7,15
Q8N3P4,135,18,117,93,40,95
Q8N4L8,22,0,22,5,17,5
Q8N573,117,31,86,66,60,57
Q8N720,59,5,54,44,20,39
Q8N9Z0,31,0,31,20,11,20
Q8NA77,10,0,10,7,3,7
Q8NG76,23,0,23,23,0,23
Q8TCT9,29,4,25,20,11,18
Q92782,15,0,15,12,3,12
Q96A56,26,0,26,15,11,15
Q96BS2,13,0,13,6,7,6
Q96DW6,21,0,21,14,7,14
Q96ID5,33,3,30,20,16,17
Q96J94,47,1,46,28,20,27
Q96K78,74,3,71,51,24,50
Q96MW7,53,5,48,30,26,27
Q99742,52,0,52,38,14,38
Q9BSF8,66,12,54,32,46,20
Q9BTE6,25,1,24,17,9,16
Q9H306,24,0,24,20,4,20
Q9H4A6,16,4,12,11,7,9
Q9H4K1,15,0,15,8,7,8
Q9H6R0,55,9,46,33,29,26
Q9H8Y1,62,2,60,40,22,40
Q9NTI5,146,38,108,90,90,56
Q9NUQ8,58,10,48,32,26,32
Q9NVP2,12,1,11,7,6,6
Q9NWN3,84,1,83,61,24,60
Q9NXT0,46,0,46,36,10,36
Q9P215,39,4,35,26,17,22
Q9UHL0,31,2,29,22,7,24
Q9UK99,31,0,31,22,9,22
Q9UL49,34,2,32,23,13,21
Q9UQC9,80,0,80,58,22,58
Q9Y279,35,2,33,20,15,20
A0A0C4DH28,15,0,15,8,7,8
A0A2R8YFM6,21,0,21,19,2,19
A0A494C086,28,0,28,11,17,11
A0A5F9ZGZ6,41,0,41,24,17,24
A0A5F9ZH02,2,0,2,2,0,2
A1L168,12,0,12,5,7,5
O00425,47,12,35,30,29,18
O15403,47,6,41,36,17,30
O43364,44,2,42,30,14,30
O43765,29,6,23,18,13,16
O60704,18,0,18,11,7,11
O75167,74,11,63,37,44,30
O75339,80,1,79,47,32,48
O75503,13,0,13,7,6,7
O95070,24,2,22,20,6,18
O95980,91,1,90,76,14,77
P0DO92,10,0,10,4,6,4
P11362,80,7,73,53,32,48
P12036,136,49,87,65,114,22
P15735,26,2,24,12,16,10
P17787,30,0,30,22,8,22
P20073,46,6,40,32,16,30
P20594,65,6,59,47,22,43
P29372,24,4,20,14,10,14
P31391,20,0,20,18,2,18
P35080,6,1,5,4,3,3
P50402,68,30,38,38,34,34
P58505,17,0,17,8,9,8
Q01449,12,2,10,6,8,4
Q02985,28,0,28,23,5,23
Q03188,171,55,116,86,88,83
Q05655,57,20,37,32,25,32
Q07011,21,0,21,15,6,15
Q13136,163,55,108,80,114,49
Q13201,109,3,106,80,30,79
Q14004,255,67,188,132,158,97
Q14188,51,7,44,35,21,30
Q15431,65,1,64,34,30,35
Q16254,63,8,55,49,16,47
Q2VPJ9,24,0,24,17,7,17
Q32P44,107,13,94,66,48,59
Q3LIE5,24,0,24,17,7,17
Q58F21,102,6,96,52,50,52
Q5TBA9,322,31,291,225,116,206
Q5W041,70,2,68,43,29,41
Q68CZ6,46,3,43,34,11,35
Q6N075,36,0,36,30,6,30
Q6NVU6,10,0,10,8,2,8
Q6P4F1,37,0,37,18,19,18
Q71RH2,14,0,14,12,2,12
Q7Z3Z4,77,2,75,51,26,51
Q86XN7,154,1,153,140,15,139
Q8N3Y1,45,3,42,27,21,24
Q8N431,27,0,27,21,6,21
Q8N4Y2,19,0,19,9,10,9
Q8N9Z2,19,3,16,11,11,8
Q8NCA9,27,3,24,18,12,15
Q8NCY6,26,8,18,13,15,11
Q8NEE6,62,0,62,43,19,43
Q8NGY5,23,0,23,21,2,21
Q8NHY2,103,5,98,72,36,67
Q92982,9,0,9,7,2,7
Q96G27,21,0,21,16,5,16
Q96HS1,19,3,16,9,11,8
Q96I34,37,10,27,18,27,10
Q96QD5,50,10,40,29,29,21
Q96R48,25,0,25,24,1,24
Q9BRB3,53,0,53,43,10,43
Q9BT49,28,5,23,16,17,11
Q9BUG6,53,7,46,24,36,17
Q9BWM5,53,2,51,42,9,44
Q9C0F3,43,1,42,36,8,35
Q9H227,27,0,27,21,6,21
Q9H3Z4,15,4,11,9,10,5
Q9H5J8,36,8,28,20,16,20
Q9H777,20,1,19,12,9,11
Q9HC77,144,30,114,78,86,58
Q9NPC6,20,2,18,8,12,8
Q9NQ03,25,0,25,18,7,18
Q9NQG5,34,8,26,18,18,16
Q9NS69,9,2,7,6,3,6
Q9NVD7,33,12,21,23,20,13
Q9NWM0,37,0,37,27,10,27
Q9NYH9,42,3,39,18,27,15
Q9NZU7,33,2,31,17,18,15
Q9P0K1,89,16,73,60,41,48
Q9P1F3,2,0,2,0,2,0
Q9P1V8,48,1,47,26,23,25
Q9P1W3,57,3,54,43,15,42
Q9UBU6,38,7,31,24,19,19
Q9UJ99,69,3,66,45,25,44
Q9UJW8,70,2,68,62,6,64
Q9UMR7,23,0,23,16,7,16
Q9Y2G9,118,3,115,81,36,82
Q9Y3C8,3,0,3,0,3,0
Q9Y5L0,54,1,53,42,13,41
Q9Y6H1,9,2,7,6,1,8
A0A087WSY6,14,0,14,8,6,8
A0A1B0GW64,7,0,7,3,4,3
A0A1W2PPL8,9,0,9,4,5,4
A0A1W2PR75,9,0,9,4,5,4
A0A2R9YJI8,20,0,20,13,7,13
A0A494C0Y3,12,0,12,4,8,4
A1A4V9,20,1,19,6,13,7
A8MV81,6,0,6,3,3,3
B2CW77,14,1,13,8,7,7
K7EJ46,5,0,5,3,2,3
O00141,32,5,27,24,9,23
O15069,170,13,157,120,59,111
O15551,14,3,11,11,6,8
O60522,168,1,167,114,55,113
O75711,2,0,2,1,1,1
O95396,31,4,27,18,17,14
O95969,5,0,5,5,0,5
P01700,19,0,19,15,4,15
P02743,19,1,18,11,9,10
P02786,69,15,54,46,26,43
P04085,15,0,15,7,8,7
P07101,44,6,38,23,27,17
P08240,56,14,42,32,24,32
P0C870,16,0,16,10,6,10
P0DN86,13,0,13,8,5,8
P10153,7,0,7,6,1,6
P11245,15,0,15,11,4,11
P15927,38,13,25,23,10,28
P17535,41,12,29,24,23,18
P36959,26,2,24,18,10,16
P50748,186,9,177,142,43,143
P51659,60,9,51,37,26,34
P51795,60,1,59,44,17,43
P57775,35,0,35,24,11,24
P78396,27,0,27,22,5,22
P98175,130,36,94,78,76,54
Q00537,64,15,49,34,43,21
Q02078,83,16,67,54,41,42
Q05397,106,25,81,62,57,49
Q07869,41,5,36,31,11,30
Q08426,52,6,46,26,32,20
Q13283,41,15,26,23,13,28
Q13488,44,3,41,32,15,29
Q14116,16,1,15,14,1,15
Q15170,21,9,12,10,20,1
Q15406,43,1,42,28,16,27
Q15542,65,2,63,42,25,40
Q15811,144,28,116,94,58,86
Q16665,94,16,78,55,43,51
Q17RD7,88,2,86,61,27,61
Q2M2I5,67,3,64,32,38,29
Q2TAC6,87,0,87,51,36,51
Q3SY69,49,2,47,34,15,34
Q53EL9,82,0,82,55,27,55
Q5JQD4,3,0,3,2,1,2
Q5T0J7,6,0,6,3,3,3
Q5XG87,89,0,89,55,34,55
Q6NSI8,58,2,56,35,25,33
Q6UWL2,60,1,59,42,19,41
Q86UD0,27,0,27,13,14,13
Q8IZV2,21,4,17,16,5,16
Q8N149,57,0,57,44,13,44
Q8N6R1,2,0,2,1,1,1
Q8NCE0,42,8,34,18,24,18
Q8NGP8,29,0,29,24,5,24
Q8WWZ3,14,0,14,11,3,11
Q96AN5,30,0,30,15,15,15
Q96BR1,40,7,33,26,13,27
Q96BX8,9,2,7,6,5,4
Q96DH6,22,3,19,13,8,14
Q96EC8,17,0,17,10,7,10
Q96HH9,71,19,52,36,44,27
Q96MD7,16,3,13,7,12,4
Q96MG8,18,1,17,15,4,14
Q96N23,254,0,254,172,82,172
Q96P70,70,5,65,54,19,51
Q99541,52,8,44,34,24,28
Q99650,105,9,96,83,19,86
Q9BRJ2,18,2,16,8,12,6
Q9BSK0,7,0,7,6,1,6
Q9BZR8,36,5,31,23,12,24
Q9H0A0,83,16,67,49,38,45
Q9H788,45,11,34,21,29,16
Q9H7E2,73,16,57,33,46,27
Q9H9V9,28,0,28,16,12,16
Q9NQ86,76,17,59,45,42,34
Q9NTX7,43,0,43,29,14,29
Q9NUP1,20,4,16,13,7,13
Q9NV70,86,16,70,56,26,60
Q9NX78,51,2,49,40,9,42
Q9P2C4,43,4,39,29,14,29
Q9P2U7,44,0,44,36,8,36
Q9UKV3,245,94,151,112,191,54
Q9UPZ3,156,33,123,95,60,96
Q9Y285,45,8,37,24,23,22
Q9Y315,18,3,15,12,7,11
Q9Y3Z3,40,9,31,23,26,14
Q9Y4C5,26,0,26,13,13,13
Q9Y5H0,82,1,81,57,26,56
Q9Y5W7,65,9,56,39,35,30
A0A0C4DH69,15,0,15,11,4,11
A0A5B6,8,0,8,3,5,3
A6NCF5,33,0,33,20,13,20
A6NK89,41,0,41,22,19,22
A6NP11,39,2,37,34,5,34
B3KNS4,6,0,6,3,3,3
F8WFD2,24,0,24,17,7,17
O15439,104,12,92,75,35,69
O43520,72,6,66,55,23,49
O60330,83,1,82,55,29,54
O60504,88,26,62,48,54,34
O75443,166,2,164,141,27,139
O75509,73,11,62,41,37,36
O75841,10,0,10,9,1,9
O96019,31,2,29,22,11,20
P01569,16,1,15,10,5,11
P01854,49,0,49,32,17,32
P02100,14,5,9,8,5,9
P02652,11,4,7,6,7,4
P0C843,4,0,4,0,4,0
P11137,272,86,186,149,165,107
P23443,45,14,31,26,21,24
P23515,42,0,42,39,3,39
P23634,81,13,68,55,27,54
P24385,20,4,16,15,7,13
P35670,139,13,126,94,50,89
P41732,15,0,15,11,4,11
P45985,39,6,33,20,23,16
P46721,55,0,55,49,6,49
P48165,31,0,31,20,11,20
P51805,158,8,150,98,64,94
P52294,46,8,38,33,17,29
P54802,49,2,47,32,19,30
P55008,12,3,9,5,8,4
P61966,8,1,7,4,5,3
P68363,38,16,22,21,17,21
Q08116,18,0,18,11,7,11
Q09666,623,302,321,316,383,240
Q0VDF9,48,6,42,32,20,28
Q11206,20,0,20,14,6,14
Q12872,139,37,102,66,98,41
Q12899,33,5,28,18,18,15
Q13542,11,4,7,7,4,7
Q14761,23,4,19,13,12,11
Q14938,72,16,56,43,41,31
Q14CN4,48,1,47,31,18,30
Q15027,59,9,50,35,29,30
Q32P51,34,9,25,17,22,12
Q3SY52,46,1,45,37,10,36
Q4LE39,187,45,142,96,118,69
Q5JPF3,182,15,167,84,109,73
Q5K4E3,58,0,58,42,16,42
Q5SQI0,35,4,31,15,24,11
Q5T601,93,3,90,80,16,77
Q5TAA0,12,0,12,6,6,6
Q5VX71,44,0,44,33,11,33
Q6NXP2,26,0,26,20,6,20
Q7Z5Q1,55,0,55,33,22,33
Q86WU2,24,0,24,20,4,20
Q86YR5,54,12,42,30,36,18
Q8IVF7,65,5,60,41,25,40
Q8IWW8,33,1,32,25,9,24
Q8IWY4,66,0,66,47,19,47
Q8IX04,47,0,47,39,8,39
Q8N5W9,24,9,15,11,16,8
Q8NGN2,19,0,19,17,2,17
Q8TDD2,44,2,42,24,22,22
Q8WUH1,5,0,5,4,1,4
Q96BN6,83,2,81,46,39,44
Q96CW6,41,9,32,20,28,13
Q96GQ5,33,0,33,26,7,26
Q96KV6,54,0,54,38,16,38
Q96M27,53,10,43,37,14,39
Q96M34,59,0,59,28,31,28
Q96M93,59,2,57,39,20,39
Q96MC5,6,0,6,0,6,0
Q96P47,100,9,91,60,49,51
Q9BQI9,22,0,22,9,13,9
Q9BUK0,5,0,5,3,2,3
Q9BYV9,102,12,90,68,40,62
Q9BZL6,110,32,78,61,55,55
Q9NQ60,33,2,31,24,9,24
Q9NWS0,20,2,18,10,12,8
Q9NYZ3,153,55,98,86,96,57
Q9NZD4,4,0,4,3,1,3
Q9P2E8,38,2,36,23,17,21
Q9P2F8,221,33,188,132,106,115
Q9UBW7,157,27,130,114,52,105
Q9UHP3,77,4,73,48,31,46
Q9UHR4,64,20,44,36,32,32
Q9UHW5,25,4,21,17,8,17
Q9UJC3,47,5,42,31,19,28
Q9ULI4,213,19,194,106,116,97
Q9Y238,163,3,160,107,57,106
Q9Y2K1,75,14,61,50,33,42
Q9Y6D9,82,24,58,41,53,29
Q9Y6J0,231,31,200,140,106,125
Q9Y6W5,64,19,45,37,42,22
A0A0C4DH55,16,0,16,11,5,11
A2RU37,8,0,8,2,6,2
A6NKF2,23,0,23,11,12,11
C9JQI7,49,0,49,33,16,33
O00472,73,9,64,40,40,33
O15240,36,2,34,11,25,11
O15397,52,5,47,40,17,35
O43315,19,2,17,14,5,14
O43521,29,11,18,16,22,7
O60706,110,3,107,81,30,80
P04000,28,0,28,22,6,22
P04155,2,0,2,2,0,2
P06681,64,0,64,45,19,45
P07360,11,0,11,4,7,4
P08620,14,1,13,8,7,7
P08887,51,1,50,38,14,37
P0C2W7,13,0,13,9,4,9
P0CZ25,14,0,14,7,7,7
P10451,74,35,39,36,37,37
P14635,27,8,19,18,11,16
P17301,101,1,100,81,21,80
P18074,40,1,39,30,11,29
P21673,13,2,11,8,7,6
P22670,100,11,89,69,36,64
P28331,43,2,41,26,19,24
P32249,26,5,21,19,12,14
P35221,89,30,59,51,42,47
P48645,14,0,14,10,4,10
P49619,49,0,49,36,13,36
P53708,71,1,70,52,20,51
P56851,16,2,14,10,8,8
P57055,12,0,12,6,6,6
P61353,7,1,6,2,6,1
P62070,8,1,7,5,4,4
Q00610,107,25,82,71,33,74
Q07817,21,2,19,16,5,16
Q08AH3,47,3,44,35,11,36
Q13106,51,0,51,42,9,42
Q14681,16,2,14,12,6,10
Q14746,76,6,70,51,29,47
Q14814,77,19,58,50,42,35
Q15208,30,6,24,20,12,18
Q15833,44,5,39,30,17,27
Q16653,10,0,10,6,4,6
Q16667,18,2,16,12,8,10
Q16877,22,1,21,12,11,11
Q1MX18,46,0,46,29,17,29
Q3SYA9,56,0,56,31,25,31
Q5VZ18,59,6,53,30,35,24
Q63HM1,19,0,19,10,9,10
Q68D86,34,0,34,18,16,18
Q68DH5,47,3,44,37,11,36
Q68DU8,49,6,43,25,28,21
Q6NXT6,48,7,41,27,22,26
Q6P2M8,29,0,29,16,13,16
Q6P6C2,53,17,36,25,41,12
Q6X4T0,11,0,11,3,8,3
Q71RS6,43,0,43,36,7,36
Q7Z392,66,3,63,46,21,45
Q86VI3,79,7,72,52,28,51
Q86WI3,156,0,156,113,43,113
Q8IVC4,30,0,30,26,4,26
Q8N1W1,199,12,187,124,87,112
Q8NB66,236,9,227,137,106,130
Q8TBZ9,14,0,14,13,1,13
Q8TEW6,25,3,22,14,14,11
Q8WZA0,11,2,9,8,3,8
Q93033,101,3,98,63,37,64
Q96EL2,8,0,8,3,5,3
Q96FC9,65,4,61,47,20,45
Q96N22,45,0,45,38,7,38
Q96PC2,35,3,32,18,18,17
Q99624,40,3,37,37,6,34
Q9BR01,16,0,16,9,7,9
Q9BRU2,3,0,3,1,2,1
Q9BYJ9,72,9,63,51,24,48
Q9H204,12,0,12,7,5,7
Q9H3U5,28,0,28,25,3,25
Q9H9P2,19,1,18,13,7,12
Q9HBJ8,11,0,11,9,2,9
Q9HCI5,113,2,111,88,27,86
Q9NNZ6,9,0,9,5,4,5
Q9NQW5,42,0,42,23,19,23
Q9NR16,126,1,125,109,18,108
Q9NRR8,3,1,2,2,2,1
Q9NY37,40,0,40,30,10,30
Q9P016,22,5,17,11,14,8
Q9UBU8,18,0,18,11,7,11
Q9UBV7,19,0,19,13,6,13
Q9UKB5,47,3,44,28,22,25
Q9UKN8,66,5,61,48,19,47
Q9UKQ2,45,1,44,33,13,32
Q9Y234,23,1,22,17,5,18
Q9Y247,21,5,16,9,17,4
Q9Y291,5,0,5,3,2,3
Q9Y426,90,15,75,54,43,47
Q9Y580,57,19,38,31,33,24
Q9Y581,21,0,21,6,15,6
A0A075B6S9,17,0,17,11,6,11
A0A0K0K1B3,12,0,12,10,2,10
A0A8I5QKQ9,9,0,9,4,5,4
A2RU54,33,1,32,15,19,14
A6NDY0,15,0,15,7,8,7
A6NFY4,32,1,31,21,10,22
A6NJJ6,26,0,26,17,9,17
A6NNP5,16,2,14,7,11,5
A8MUH7,29,0,29,9,20,9
O00625,20,2,18,13,7,13
O14594,114,1,113,73,42,72
O14939,70,6,64,47,25,45
O15522,18,0,18,6,12,6
O43708,12,0,12,10,2,10
O75344,12,0,12,8,4,8
O95500,15,0,15,13,2,13
O96017,81,28,53,48,13,68
P01241,21,4,17,14,3,18
P02775,9,1,8,8,2,7
P08195,84,23,61,55,20,64
P0C0P6,9,0,9,8,1,8
P10827,43,4,39,26,21,22
P10828,31,3,28,22,8,23
P14091,40,0,40,31,9,31
P14784,51,3,48,32,22,29
P21145,9,0,9,9,0,9
P26715,23,0,23,16,7,16
P26842,20,0,20,13,7,13
P32927,97,3,94,59,39,58
P37235,15,3,12,8,8,7
P51452,16,4,12,9,5,11
P51786,29,0,29,23,6,23
P58418,13,0,13,11,2,11
P59543,23,0,23,21,2,21
P60985,6,0,6,6,0,6
P63098,13,4,9,7,8,5
P63272,10,0,10,8,2,8
P68402,7,1,6,4,4,3
Q02094,25,0,25,23,2,23
Q02750,40,11,29,24,17,23
Q15493,21,3,18,13,5,16
Q15643,202,39,163,114,101,101
Q16181,25,5,20,15,15,10
Q16850,27,0,27,16,11,16
Q17R89,86,7,79,46,47,39
Q495B1,30,1,29,18,11,19
Q52LR7,85,7,78,55,33,52
Q5T653,19,3,16,12,8,11
Q5TEZ4,3,0,3,3,0,3
Q5TI25,91,2,89,77,16,75
Q6MZN7,19,0,19,16,3,16
Q6NT04,41,1,40,20,22,19
Q6NW40,35,0,35,27,8,27
Q6U7Q0,30,0,30,27,3,27
Q6ZXV5,62,1,61,47,16,46
Q8IXM7,20,1,19,11,10,10
Q8IXT2,27,0,27,18,9,18
Q8N2I9,35,1,34,22,14,21
Q8N2S1,116,3,113,77,42,74
Q8N4E7,16,0,16,10,6,10
Q8N6Q3,37,0,37,32,5,32
Q8NCK3,40,1,39,27,14,26
Q8NGL0,27,0,27,25,2,25
Q8NH63,22,0,22,19,3,19
Q8NH69,26,0,26,23,3,23
Q8TAK5,26,0,26,21,5,21
Q8WUH2,46,3,43,38,5,41
Q92806,24,0,24,14,10,14
Q96A46,16,0,16,8,8,8
Q96CN9,64,9,55,41,28,36
Q96DN5,73,6,67,48,25,48
Q96GY0,40,11,29,20,19,21
Q96JM2,281,45,236,186,118,163
Q96RI8,32,2,30,25,9,23
Q96SD1,88,13,75,56,29,59
Q99536,23,6,17,16,5,18
Q9BQ16,33,1,32,25,9,24
Q9BVI0,106,19,87,53,64,42
Q9C009,28,1,27,7,22,6
Q9C030,33,0,33,28,5,28
Q9GZV4,11,2,9,9,4,7
Q9H0E7,66,5,61,48,21,45
Q9H267,45,1,44,30,16,29
Q9H2K8,66,10,56,44,24,42
Q9H808,63,2,61,37,28,35
Q9HBR0,60,6,54,44,22,38
Q9HBY0,40,0,40,36,4,36
Q9NQ38,60,0,60,29,31,29
Q9NQE9,11,2,9,8,3,8
Q9NRG4,26,1,25,19,8,18
Q9NX95,126,29,97,67,72,54
Q9P0L1,67,2,65,46,21,46
Q9P0M4,13,0,13,7,6,7
Q9P0Z9,21,0,21,13,8,13
Q9P2V4,47,0,47,35,12,35
Q9UJA9,28,0,28,21,7,21
Q9UQK1,28,2,26,21,9,19
Q9Y3C5,11,3,8,7,5,6
Q9Y4F3,208,25,183,145,76,132
Q9Y4U1,19,6,13,11,10,9
A0A075B6K2,11,0,11,9,2,9
A0A140TA62,42,0,42,35,7,35
A0A1B0GUA5,4,0,4,3,1,3
A0A1W2PRE2,9,0,9,8,1,8
A0A539,7,0,7,6,1,6
A0A576,7,0,7,5,2,5
A0AVI4,23,0,23,17,6,17
A2A368,32,0,32,23,9,23
A4QPH2,43,0,43,33,10,33
G2XKQ0,4,0,4,1,3,1
O00421,22,1,21,19,4,18
O00767,24,2,22,17,9,15
O14503,45,7,38,27,21,24
O43593,86,5,81,54,37,49
O75330,55,6,49,25,32,23
O76039,159,29,130,77,97,62
P01112,12,3,9,6,7,5
P02724,25,4,21,18,9,16
P13378,16,1,15,9,6,10
P23527,21,10,11,10,21,0
P23921,56,8,48,38,20,36
P31150,32,7,25,20,15,17
P31644,37,0,37,29,8,29
P45984,33,3,30,23,9,24
P51512,24,0,24,11,13,11
P53041,28,3,25,19,10,18
P53801,9,0,9,7,2,7
P60174,20,9,11,11,8,12
P69849,99,3,96,75,27,72
P81605,7,1,6,4,4,3
P82921,3,1,2,1,1,2
Q00534,26,8,18,17,9,17
Q01718,21,2,19,16,7,14
Q07108,22,0,22,20,2,20
Q13131,70,24,46,39,41,29
Q13203,42,0,42,28,14,28
Q14204,320,48,272,205,109,211
Q15120,28,1,27,13,14,14
Q15274,16,1,15,13,4,12
Q15286,12,3,9,9,4,8
Q15750,60,12,48,39,25,35
Q16537,42,8,34,22,24,18
Q16558,9,0,9,9,0,9
Q1ED39,57,21,36,25,47,10
Q5BKT4,33,1,32,28,4,29
Q5H9R4,219,0,219,147,72,147
Q5QJ74,40,4,36,27,17,23
Q5SZQ8,26,0,26,19,7,19
Q5TG53,9,0,9,5,4,5
Q6DKJ4,31,2,29,19,12,19
Q6P6B1,24,3,21,13,12,12
Q6R6M4,40,0,40,32,8,32
Q6ZQY2,31,0,31,23,8,23
Q6ZRI8,37,0,37,17,20,17
Q7Z4H8,28,0,28,14,14,14
Q7Z4L9,21,0,21,12,9,12
Q7Z6M2,46,0,46,37,9,37
Q86V35,10,0,10,8,2,8
Q8IW00,27,2,25,11,18,9
Q8IZF2,148,4,144,118,30,118
Q8N319,22,2,20,5,19,3
Q8N5J4,15,0,15,10,5,10
Q8N7H1,10,0,10,7,3,7
Q8NCQ3,4,0,4,3,1,3
Q8NCR9,27,0,27,23,4,23
Q8NDZ2,88,2,86,52,38,50
Q8NEX5,2,0,2,2,0,2
Q8TCU6,141,18,123,85,64,77
Q92508,153,11,142,109,55,98
Q92540,137,10,127,101,34,103
Q92681,81,3,78,61,19,62
Q96CC6,85,19,66,54,42,43
Q96L58,17,0,17,6,11,6
Q96M91,14,0,14,7,7,7
Q96PR1,42,1,41,21,22,20
Q99627,13,3,10,8,4,9
Q99747,16,4,12,8,8,8
Q9BT30,21,0,21,9,12,9
Q9BZ23,57,10,47,32,35,22
Q9H244,24,1,23,21,4,20
Q9H2S1,58,7,51,37,28,30
Q9H3P2,52,13,39,32,25,27
Q9H857,26,0,26,20,6,20
Q9HCK8,261,48,213,169,104,157
Q9HDB9,38,0,38,25,13,25
Q9NNX1,34,5,29,21,14,20
Q9NP59,42,0,42,36,6,36
Q9NQ31,17,0,17,8,9,8
Q9NSI2,21,5,16,7,19,2
Q9NVD3,37,1,36,25,13,24
Q9NXS2,20,0,20,11,9,11
Q9P2E9,100,25,75,58,47,53
Q9P2W6,10,0,10,5,5,5
Q9P2W9,34,10,24,16,26,8
Q9UMS5,80,9,71,43,46,34
Q9Y228,41,4,37,28,17,24
Q9Y241,7,2,5,5,2,5
Q9Y546,38,4,34,24,16,22
Q9Y5W5,15,0,15,13,2,13
A0A024RBG1,8,0,8,6,2,6
A0A0B4J1U3,18,0,18,12,6,12
A2RU49,31,0,31,26,5,26
A6NCN8,21,0,21,12,9,12
A6NGN4,26,0,26,23,3,23
O14490,148,32,116,83,87,61
O14841,84,5,79,57,32,52
O43172,39,3,36,24,18,21
O43251,25,0,25,20,5,20
O60216,56,23,33,30,21,35
O60423,94,4,90,61,37,57
O95159,20,0,20,15,5,15
O95835,132,23,109,78,69,63
P01242,19,0,19,15,4,15
P03905,41,0,41,33,8,33
P07332,66,9,57,44,29,37
P07358,49,0,49,35,14,35
P07864,33,4,29,23,10,23
P0DUD2,18,0,18,8,10,8
P14625,80,28,52,45,33,47
P21359,275,33,242,187,107,168
P25116,65,13,52,44,8,57
P28070,27,8,19,16,13,14
P29536,46,14,32,22,36,10
P35611,89,31,58,49,55,34
P41214,51,9,42,34,20,31
P50135,20,1,19,12,9,11
P51790,56,2,54,41,17,39
P51812,57,13,44,28,38,19
P52961,24,0,24,17,7,17
P57772,43,3,40,29,15,28
P58182,22,0,22,20,2,20
P62266,5,1,4,2,4,1
P84550,78,2,76,39,41,37
Q03154,21,0,21,15,6,15
Q04741,16,0,16,7,9,7
Q04771,36,1,35,24,13,23
Q13336,30,1,29,26,5,25
Q15051,47,8,39,27,24,23
Q15111,92,9,83,55,44,48
Q15628,21,2,19,9,14,7
Q2VPK5,38,3,35,30,11,27
Q3B7I2,5,0,5,5,0,5
Q5D1E8,68,13,55,38,39,29
Q5JXA9,28,0,28,19,9,19
Q5SV97,83,0,83,46,37,46
Q5T8R8,25,2,23,7,18,7
Q5VIY5,42,0,42,33,9,33
Q5W0B7,33,0,33,25,8,25
Q6ZW49,83,9,74,55,35,48
Q6ZWK6,38,0,38,26,12,26
Q702N8,153,0,153,72,81,72
Q86UC2,33,1,32,17,17,16
Q86WB0,103,38,65,60,57,46
Q8IW36,34,0,34,29,5,29
Q8IWF7,4,0,4,4,0,4
Q8N112,13,0,13,10,3,10
Q8N3J2,37,0,37,30,7,30
Q8N6C8,51,0,51,36,15,36
Q8N8N0,14,0,14,8,6,8
Q8NC96,30,3,27,19,12,18
Q8NGD1,15,0,15,12,3,12
Q8NGR2,37,1,36,30,6,31
Q8NGR4,25,0,25,19,6,19
Q8TEW8,118,25,93,69,64,54
Q8WWQ8,163,4,159,134,31,132
Q92558,52,9,43,31,22,30
Q92670,29,0,29,18,11,18
Q969P0,40,2,38,27,13,27
Q96BY6,207,22,185,144,65,142
Q96LK8,41,2,39,26,15,26
Q96RD9,112,0,112,74,38,74
Q96ST2,197,88,109,100,163,34
Q99645,14,0,14,7,7,7
Q9BWQ8,22,0,22,18,4,18
Q9BXL7,117,27,90,60,76,41
Q9BXL8,21,1,20,15,7,14
Q9GZM3,4,0,4,3,1,3
Q9H009,20,3,17,10,13,7
Q9H095,22,0,22,12,10,12
Q9H251,217,5,212,142,72,145
Q9H2C0,41,5,36,23,21,20
Q9H2I8,18,3,15,9,12,6
Q9HBX3,10,0,10,9,1,9
Q9NRD9,127,12,115,82,53,74
Q9NW13,61,17,44,29,43,18
Q9NWZ3,38,8,30,22,16,22
Q9P2K9,124,0,124,94,30,94
Q9UDY4,32,8,24,17,19,13
Q9UII6,10,0,10,6,4,6
Q9UKI2,45,12,33,26,23,22
Q9UKL6,12,0,12,7,5,7
Q9UKX5,92,1,91,57,34,58
Q9UM01,41,0,41,33,8,33
Q9UPW6,80,15,65,44,45,35
Q9Y2R2,119,16,103,85,40,79
Q9Y388,52,15,37,21,46,6
Q9Y5F0,68,2,66,44,24,44
Q9Y5U9,4,1,3,3,0,4
A0A1B0GVY2,22,0,22,21,1,21
A0JD36,5,0,5,5,0,5
A6NGG3,2,0,2,0,2,0
A6NMK7,6,0,6,6,0,6
A6PVL3,10,0,10,4,6,4
O00267,107,25,82,54,58,49
O14678,49,2,47,36,15,34
O14744,43,2,41,30,13,30
O14879,40,8,32,27,13,27
O15055,176,22,154,123,57,119
O43184,55,0,55,37,18,37
O43918,42,2,40,20,22,20
O60936,7,0,7,3,4,3
O75751,28,0,28,21,7,21
O75897,14,0,14,9,5,9
O76062,18,0,18,13,5,13
O95416,18,0,18,13,5,13
O95447,68,3,65,35,36,32
O95707,19,4,15,11,8,11
P02812,30,5,25,11,24,6
P04090,19,2,17,11,10,9
P04843,53,11,42,31,25,28
P05981,28,0,28,20,8,20
P0CJ85,23,0,23,12,11,12
P0CW20,4,0,4,2,2,2
P0DMV2,15,0,15,9,6,9
P0DPK5,5,0,5,1,4,1
P15151,40,3,37,33,6,34
P28221,37,2,35,31,4,33
P32455,44,5,39,30,19,25
P34059,25,0,25,19,6,19
P40261,24,3,21,18,7,17
P40692,81,13,68,55,27,54
P41594,123,6,117,68,57,66
P47872,32,0,32,26,6,26
P47992,8,0,8,5,3,5
P48547,29,4,25,19,10,19
P51825,219,24,195,119,114,105
P52736,59,1,58,30,30,29
P60368,49,0,49,49,0,49
P61225,16,3,13,9,8,8
P61289,20,7,13,12,7,13
P62995,76,29,47,31,72,4
P68106,3,0,3,2,1,2
Q08ET2,38,0,38,32,6,32
Q13200,71,14,57,50,29,42
Q14209,37,3,34,26,12,25
Q15047,164,41,123,98,61,103
Q16512,96,26,70,51,67,29
Q16822,41,6,35,26,19,22
Q5DX21,45,0,45,32,13,32
Q5F1R6,46,13,33,27,30,16
Q5VUJ6,80,10,70,42,46,34
Q68DA7,136,12,124,74,74,62
Q69YN4,193,25,168,124,90,103
Q6IPX3,13,4,9,5,12,1
Q6NUJ2,23,0,23,17,6,17
Q6PCE3,40,2,38,30,8,32
Q6Y2X3,57,6,51,33,26,31
Q6ZMM2,23,0,23,12,11,12
Q6ZST4,8,0,8,6,2,6
Q86SG4,10,0,10,7,3,7
Q86Y07,45,8,37,33,14,31
Q8IW70,51,0,51,29,22,29
Q8IZ07,41,4,37,30,13,28
Q8N0W3,61,0,61,44,17,44
Q8N158,45,0,45,28,17,28
Q8N807,44,0,44,28,16,28
Q8NBR0,32,0,32,14,18,14
Q8NE09,102,2,100,75,29,73
Q8NGX1,25,0,25,22,3,22
Q8NGZ2,29,0,29,27,2,27
Q8NHM4,18,0,18,18,0,18
Q8NHV5,7,0,7,7,0,7
Q8TC29,11,1,10,5,7,4
Q8TC99,29,1,28,24,6,23
Q8WUS8,21,0,21,12,9,12
Q8WWV6,52,0,52,29,23,29
Q8WZ69,17,0,17,13,4,13
Q96AZ1,11,0,11,10,1,10
Q96L46,16,0,16,8,8,8
Q96LT9,47,11,36,22,28,19
Q99643,12,0,12,9,3,9
Q99966,22,2,20,14,8,14
Q9BSF4,10,0,10,4,6,4
Q9BSK4,38,2,36,26,14,24
Q9BXX3,111,6,105,66,49,62
Q9BZM6,11,0,11,6,5,6
Q9H2J7,64,9,55,45,22,42
Q9HAJ7,16,4,12,9,7,9
Q9NQY0,16,2,14,9,7,9
Q9NRM2,21,0,21,14,7,14
Q9NTI7,23,0,23,13,10,13
Q9NUG6,2,0,2,1,1,1
Q9NW07,69,8,61,40,35,34
Q9NXF7,25,0,25,12,13,12
Q9NXP7,42,3,39,33,12,30
Q9NZQ7,12,0,12,10,2,10
Q9UBN4,83,4,79,49,38,45
Q9UPT5,65,6,59,41,24,41
A0A0C4DH30,13,0,13,9,4,9
A0A1W2PQ73,26,0,26,15,11,15
A0A1W2PR82,18,0,18,10,8,10
A0A1W2PRV1,13,0,13,6,7,6
A0A494C176,2,0,2,2,0,2
A0A8V8TMC4,23,0,23,16,7,16
A0AVT1,77,8,69,55,28,49
A6NI72,27,0,27,13,14,13
A6NND4,25,0,25,21,4,21
B1AKI9,43,0,43,28,15,28
E9PRG8,5,0,5,2,3,2
O00370,66,0,66,41,25,41
O15033,64,3,61,45,22,42
O75373,37,0,37,27,10,27
O75838,9,2,7,6,5,4
O95685,32,10,22,18,16,16
O96018,48,4,44,28,24,24
P08621,41,18,23,18,39,2
P11309,23,5,18,10,10,13
P13056,59,4,55,43,18,41
P15918,83,0,83,55,28,55
P20273,85,4,81,63,20,65
P24534,26,10,16,13,13,13
P25067,18,0,18,11,7,11
P30939,35,2,33,22,13,22
P42701,62,0,62,45,17,45
P51686,26,0,26,23,3,23
P56192,50,6,44,35,17,33
Q07507,13,0,13,11,2,11
Q13241,22,0,22,20,2,20
Q14213,21,0,21,18,3,18
Q15032,167,36,131,100,87,80
Q15546,11,1,10,9,1,10
Q17RH7,2,0,2,0,2,0
Q3C1V9,51,0,51,34,17,34
Q3LI67,4,0,4,4,0,4
Q499Y3,19,0,19,12,7,12
Q499Z4,37,2,35,28,11,26
Q49AR2,35,3,32,27,9,26
Q4G0U5,55,0,55,36,19,36
Q5BKY6,4,0,4,3,1,3
Q5JR59,148,9,139,77,80,68
Q5SNV9,100,0,100,54,46,54
Q5TA78,19,2,17,15,2,17
Q5TD97,21,0,21,17,4,17
Q5VZE5,40,0,40,22,18,22
Q6P1Q0,19,0,19,12,7,12
Q6PCB5,90,14,76,55,37,53
Q6UWX4,55,2,53,32,25,30
Q6UXH0,7,0,7,3,4,3
Q6ZQY7,9,0,9,7,2,7
Q6ZR54,18,0,18,7,11,7
Q6ZS49,16,0,16,10,6,10
Q6ZUS5,15,0,15,7,8,7
Q6ZUT4,10,0,10,8,2,8
Q6ZVU0,21,0,21,16,5,16
Q7Z304,60,1,59,39,22,38
Q7Z417,120,36,84,75,47,73
Q86TM6,44,3,41,29,14,30
Q86TU7,52,7,45,32,19,33
Q86VX2,14,0,14,11,3,11
Q86WR0,13,2,11,9,4,9
Q86X40,23,0,23,20,3,20
Q8IU89,22,1,21,16,7,15
Q8IWU5,56,3,53,34,23,33
Q8N660,57,0,57,47,10,47
Q8N6K4,12,0,12,6,6,6
Q8N815,23,0,23,16,7,16
Q8N859,30,1,29,24,7,23
Q8N9L7,11,0,11,9,2,9
Q8NBF4,18,0,18,12,6,12
Q8NCQ2,17,0,17,8,9,8
Q8NGN5,22,0,22,19,3,19
Q8NGV5,31,0,31,29,2,29
Q8TCH9,9,0,9,5,4,5
Q8TD30,35,1,34,22,14,21
Q92791,18,0,18,7,11,7
Q969N2,44,1,43,34,11,33
Q96D46,40,8,32,30,16,24
Q96IR3,2,0,2,2,0,2
Q96NL6,41,2,39,18,25,16
Q96PQ0,100,4,96,63,35,65
Q96TA1,81,28,53,45,42,39
Q99697,45,2,43,34,13,32
Q9BRP9,8,0,8,3,5,3
Q9BY43,7,0,7,6,1,6
Q9BZ71,126,17,109,83,52,74
Q9H114,13,0,13,10,3,10
Q9H299,4,0,4,1,3,1
Q9H3R0,96,7,89,56,47,49
Q9HAV0,33,2,31,27,8,25
Q9NP60,54,1,53,38,17,37
Q9NP79,18,1,17,17,2,16
Q9NQ29,45,10,35,18,37,8
Q9NU19,50,13,37,26,33,17
Q9UBD9,9,0,9,7,2,7
Q9UH64,7,1,6,4,4,3
Q9ULZ2,19,1,18,10,8,11
Q9Y5I4,92,3,89,63,30,62
A0A0U1RQS6,14,0,14,8,6,8
A0A494C1R9,15,0,15,11,4,11
A6NEM1,27,0,27,17,10,17
B3EWG3,1,0,1,0,1,0
O15260,16,2,14,11,7,9
O15304,13,1,12,8,6,7
O15375,41,1,40,38,4,37
O15466,24,1,23,19,6,18
O15534,191,25,166,117,83,108
O43303,134,27,107,84,57,77
O43463,19,1,18,12,8,11
O43542,27,2,25,11,16,11
O43930,14,0,14,10,4,10
O75038,156,15,141,84,83,73
O75147,107,4,103,69,40,67
O75881,32,1,31,24,9,23
O95600,46,3,43,33,16,30
P08294,18,3,15,11,8,10
P08700,5,0,5,4,1,4
P09914,24,2,22,14,12,12
P0CI25,28,0,28,21,7,21
P0DN80,25,0,25,24,1,24
P12644,31,1,30,15,17,14
P14859,122,21,101,86,29,93
P14866,60,20,40,36,34,26
P16619,8,0,8,7,1,7
P16671,32,0,32,27,5,27
P20908,72,2,70,38,36,36
P21941,46,0,46,32,14,32
P29728,52,6,46,28,26,26
P31274,21,0,21,15,6,15
P33032,26,0,26,21,5,21
P35219,15,1,14,10,6,9
P38432,91,22,69,49,54,37
P40925,30,9,21,21,12,18
P41181,18,2,16,14,6,12
P49642,35,6,29,21,20,15
P50221,22,0,22,14,8,14
P57729,12,2,10,8,4,8
P61201,25,1,24,16,8,17
Q16322,40,0,40,28,12,28
Q18PE1,64,0,64,39,25,39
Q4U2R8,35,0,35,26,9,26
Q5NDL2,29,1,28,25,5,24
Q5T4W7,22,0,22,6,16,6
Q6P179,76,0,76,63,13,63
Q6PF05,20,0,20,14,6,14
Q6UW15,25,0,25,17,8,17
Q6UX15,31,0,31,15,16,15
Q6ZN19,52,0,52,38,14,38
Q7Z3B1,30,0,30,23,7,23
Q86SP6,85,0,85,57,28,57
Q86VR7,95,0,95,76,19,76
Q86XL3,118,37,81,63,76,42
Q86Y37,27,0,27,20,7,20
Q8IX19,13,0,13,6,7,6
Q8IXX5,28,2,26,13,17,11
Q8N392,45,6,39,27,24,21
Q8N8R3,14,0,14,10,4,10
Q8N9K5,31,0,31,23,8,23
Q8N9R6,14,0,14,7,7,7
Q8NBV4,25,3,22,15,13,12
Q8NDZ6,31,0,31,27,4,27
Q8NGP2,30,0,30,30,0,30
Q8NH08,19,0,19,13,6,13
Q8NH53,16,0,16,15,1,15
Q8TB96,34,0,34,28,6,28
Q8TBR4,12,0,12,11,1,11
Q8TCC3,9,2,7,6,5,4
Q8TCT7,39,2,37,24,17,22
Q969S0,19,0,19,16,3,16
Q96A49,27,9,18,15,9,18
Q96AH0,14,0,14,12,2,12
Q96BY7,251,33,218,163,103,148
Q96D96,12,2,10,7,7,5
Q96HP4,24,1,23,19,6,18
Q96HR9,10,0,10,7,3,7
Q96LB3,43,6,37,25,24,19
Q9BVM2,11,1,10,8,4,7
Q9H0K6,46,5,41,31,20,26
Q9H324,93,4,89,60,31,62
Q9H7Z7,26,6,20,13,17,9
Q9HCG8,129,26,103,66,87,42
Q9HCZ1,50,6,44,37,13,37
Q9NTU4,21,0,21,9,12,9
Q9NWY4,13,0,13,7,6,7
Q9NYW7,21,0,21,20,1,20
Q9NZL3,61,3,58,47,17,44
Q9NZP8,41,2,39,29,12,29
Q9NZV5,59,2,57,47,14,45
Q9P0K7,148,39,109,83,74,74
Q9P2M7,161,71,90,88,104,57
Q9UP83,68,2,66,41,29,39
Q9UQ88,82,23,59,37,60,22
Q9Y3A4,24,3,21,15,10,14
Q9Y4H2,262,86,176,140,148,114
Q9Y5H9,99,2,97,73,26,73
Q9Y5Y3,28,0,28,22,6,22
Q9Y6B7,46,2,44,33,15,31
A0A087X0K7,8,0,8,8,0,8
A4D1E1,162,2,160,113,49,113
O00423,79,3,76,49,33,46
O00555,175,13,162,89,95,80
O15511,12,2,10,6,8,4
O43257,4,0,4,3,1,3
O43345,100,4,96,86,10,90
O43927,10,0,10,6,4,6
O60610,97,14,83,65,30,67
O75027,57,8,49,35,20,37
O75145,121,18,103,49,86,35
O75715,11,0,11,8,3,8
O95297,39,13,26,24,12,27
O95602,120,13,107,71,58,62
P01704,19,0,19,15,4,15
P01772,11,0,11,9,2,9
P01860,44,0,44,35,9,35
P04196,36,1,35,26,11,25
P04233,21,3,18,13,7,14
P09001,11,0,11,8,3,8
P0C264,18,0,18,7,11,7
P0DP74,1,0,1,1,0,1
P10909,45,11,34,23,23,22
P15144,77,2,75,56,19,58
P17342,38,2,36,26,10,28
P24821,153,14,139,103,54,99
P25942,15,0,15,14,1,14
P26232,76,14,62,47,37,39
P29966,55,24,31,27,38,17
P30559,34,5,29,22,9,25
P31946,30,12,18,16,22,8
P40394,23,1,22,19,5,18
P43628,33,0,33,25,8,25
P54252,35,5,30,24,14,21
P54803,45,0,45,34,11,34
P58170,22,0,22,19,3,19
P59095,23,0,23,12,11,12
P61576,7,0,7,6,1,6
Q05513,37,5,32,24,16,21
Q06609,17,1,16,8,10,7
Q08050,110,20,90,65,59,51
Q12933,42,6,36,31,15,27
Q12979,75,9,66,47,37,38
Q13112,71,18,53,46,35,36
Q14118,72,7,65,53,20,52
Q14155,110,25,85,66,49,61
Q15061,73,16,57,48,35,38
Q15506,9,0,9,4,5,4
Q15672,34,10,24,18,22,12
Q15695,41,1,40,12,30,11
Q16514,12,1,11,7,6,6
Q16647,30,0,30,20,10,20
Q27J81,139,34,105,84,71,68
Q30KQ4,8,0,8,5,3,5
Q32M45,53,2,51,37,18,35
Q32MH5,135,2,133,89,46,89
Q5SW79,337,128,209,181,198,139
Q5VSR9,5,0,5,2,3,2
Q5VTH2,22,1,21,12,11,11
Q6IEE8,42,0,42,35,7,35
Q6NSZ9,29,4,25,22,9,20
Q6P3X3,58,2,56,48,12,46
Q6UX40,12,0,12,12,0,12
Q6UXH1,28,3,25,22,7,21
Q6VVB1,22,0,22,18,4,18
Q709C8,348,31,317,230,127,221
Q86XI6,28,3,25,19,12,16
Q8IW41,31,4,27,20,13,18
Q8IWF9,24,0,24,14,10,14
Q8IXL6,39,1,38,24,14,25
Q8IXV7,21,1,20,12,10,11
Q8N8Q8,25,0,25,17,8,17
Q8NFR9,59,0,59,42,17,42
Q8NFV5,23,0,23,9,14,9
Q8TBP5,8,0,8,4,4,4
Q96CK0,48,3,45,27,24,24
Q96NA2,25,6,19,14,17,8
Q9BQE3,35,15,20,20,14,21
Q9BX67,19,1,18,13,5,14
Q9BX84,178,2,176,122,58,120
Q9BYS8,29,0,29,19,10,19
Q9BZW4,20,0,20,20,0,20
Q9GZV8,61,4,57,43,22,39
Q9H1U9,12,0,12,9,3,9
Q9H4P4,16,0,16,14,2,14
Q9H920,14,0,14,11,3,11
Q9NPC8,27,0,27,17,10,17
Q9NPJ1,50,0,50,46,4,46
Q9NQG7,71,5,66,52,20,51
Q9NS91,83,24,59,48,39,44
Q9NX09,38,4,34,22,18,20
Q9P1U1,18,1,17,12,7,11
Q9P270,145,50,95,73,110,35
Q9UDR5,60,3,57,37,26,34
Q9UIA9,100,5,95,70,33,67
Q9UKX7,72,26,46,44,20,52
Q9ULD9,216,33,183,123,104,112
Q9Y5E5,65,0,65,44,21,44
Q9Y5E9,68,0,68,53,15,53
Q9Y6N6,117,0,117,69,48,69
A0A1B0GWK0,10,0,10,7,3,7
A6NC97,24,0,24,19,5,19
B3KS81,192,13,179,36,169,23
O14967,39,8,31,27,14,25
O15529,26,0,26,19,7,19
O43374,62,4,58,34,32,30
O43815,83,16,67,59,30,53
O75367,40,12,28,26,20,20
O75880,15,2,13,7,8,7
O94817,11,2,9,8,5,6
O95994,12,3,9,9,6,6
P00846,11,0,11,10,1,10
P01344,10,0,10,5,5,5
P01619,15,0,15,9,6,9
P02461,73,2,71,26,45,28
P06239,42,14,28,24,18,24
P07737,15,7,8,7,9,6
P08631,46,7,39,30,19,27
P0CF74,13,0,13,7,6,7
P15336,71,14,57,47,28,43
P18669,18,7,11,10,9,9
P22303,34,0,34,21,13,21
P28300,27,0,27,20,7,20
P35606,72,11,61,47,24,48
P38484,32,2,30,23,11,21
P48995,63,0,63,46,17,46
P49674,44,11,33,23,30,14
P49914,14,1,13,5,10,4
P51606,13,1,12,11,3,10
P60763,8,0,8,6,2,6
P78536,67,6,61,44,25,42
P86397,8,0,8,7,1,7
P99999,3,1,2,2,2,1
Q00013,52,15,37,27,34,18
Q01658,20,7,13,13,8,12
Q02487,69,10,59,43,26,43
Q13216,38,0,38,28,10,28
Q13606,28,0,28,24,4,24
Q15369,9,1,8,5,5,4
Q1W4C9,4,1,3,3,0,4
Q2M3A8,22,0,22,11,11,11
Q2M3C7,251,18,233,162,97,154
Q2M3M2,52,2,50,38,12,40
Q2VWA4,83,0,83,51,32,51
Q5T4I8,11,0,11,8,3,8
Q5T7N8,9,0,9,1,8,1
Q5VSG8,32,2,30,23,11,21
Q5VU69,2,0,2,1,1,1
Q5VZI3,21,0,21,13,8,13
Q6NZ63,12,0,12,11,1,11
Q6PI73,52,0,52,39,13,39
Q6UX34,6,0,6,4,2,4
Q6UXY1,78,15,63,43,50,28
Q6W0C5,19,0,19,10,9,10
Q6ZVD7,97,7,90,53,47,50
Q71U36,33,13,20,19,15,18
Q7Z5Y7,28,2,26,21,9,19
Q7Z7A3,17,2,15,9,10,7
Q86WP2,62,14,48,38,38,24
Q86Y82,30,5,25,20,13,17
Q8IX15,58,4,54,46,16,42
Q8N104,1,0,1,1,0,1
Q8N307,134,2,132,73,61,73
Q8N5H7,112,23,89,56,67,45
Q8N7U9,12,4,8,6,10,2
Q8N895,50,0,50,31,19,31
Q8NFU5,35,4,31,22,13,22
Q8NG84,28,0,28,24,4,24
Q8NGM9,38,0,38,34,4,34
Q8WX94,55,1,54,42,14,41
Q92521,41,1,40,37,5,36
Q92535,23,0,23,21,2,21
Q92766,202,44,158,119,107,95
Q96DU9,21,1,20,10,12,9
Q96DX8,26,4,22,17,9,17
Q96LP2,40,1,39,22,19,21
Q96R84,26,0,26,22,4,22
Q99487,19,0,19,14,5,14
Q99677,31,0,31,26,5,26
Q99798,48,9,39,32,25,23
Q9BTY7,14,3,11,8,5,9
Q9BYT5,8,0,8,8,0,8
Q9BYV2,26,1,25,13,14,12
Q9H171,41,3,38,24,20,21
Q9H1L0,9,0,9,5,4,5
Q9H4Q4,27,0,27,18,9,18
Q9H568,33,4,29,22,11,22
Q9H5L6,83,1,82,59,25,58
Q9H6B4,46,8,38,22,28,18
Q9H8Y5,72,21,51,37,40,32
Q9HAU0,142,46,96,74,80,62
Q9NSB4,38,1,37,27,12,26
Q9NUQ7,28,0,28,20,8,20
Q9NZ63,24,9,15,13,16,8
Q9UHL3,23,0,23,17,6,17
Q9UK41,16,2,14,11,7,9
Q9Y5Z0,42,1,41,32,11,31
Q9Y692,47,2,45,31,18,29
A0A1B0GUA9,20,0,20,10,10,10
A0A1B0GVN3,20,0,20,8,12,8
A0A1W2PQD8,9,0,9,5,4,5
A0A494C103,10,0,10,8,2,8
A6NCL2,14,0,14,12,2,12
D6RIA3,228,0,228,117,111,117
O14910,11,1,10,8,4,7
O15037,63,14,49,38,25,38
O15231,112,26,86,55,71,41
O15535,26,0,26,19,7,19
O43405,42,0,42,35,7,35
O60259,17,0,17,14,3,14
O75616,37,1,36,23,15,22
O94927,42,4,38,25,21,21
O95154,23,7,16,16,8,15
O95825,19,1,18,13,7,12
O95932,54,2,52,25,31,23
P01127,13,0,13,6,7,6
P05014,17,0,17,13,4,13
P05186,32,3,29,24,9,23
P0CK96,44,5,39,32,15,29
P16383,112,25,87,66,65,47
P20719,42,4,38,21,23,19
P27144,13,1,12,7,7,6
P28906,53,3,50,43,9,44
P33992,68,14,54,40,28,40
P41208,14,6,8,7,11,3
P43320,20,3,17,12,11,9
P48454,33,3,30,21,15,18
P49116,69,10,59,45,32,37
P49754,59,1,58,35,25,34
P49755,13,0,13,9,4,9
P50750,24,6,18,15,13,11
P51398,32,10,22,17,23,9
P51815,39,1,38,28,12,27
P60033,10,1,9,9,0,10
P60372,80,0,80,79,1,79
P63208,1,0,1,1,0,1
Q00G26,36,9,27,21,22,14
Q07352,55,10,45,31,32,23
Q13113,9,3,6,4,8,1
Q14190,62,1,61,47,16,46
Q14397,47,0,47,36,11,36
Q15434,56,11,45,36,19,37
Q15762,30,2,28,23,7,23
Q16762,23,2,21,12,11,12
Q3KP22,13,0,13,4,9,4
Q495T6,42,0,42,25,17,25
Q52LC2,22,0,22,16,6,16
Q58EX7,107,9,98,77,35,72
Q58HT5,17,0,17,15,2,15
Q5QJU3,15,0,15,14,1,14
Q5T481,137,23,114,80,76,61
Q63ZY3,98,22,76,55,43,55
Q6ECI4,47,1,46,36,10,37
Q6V702,12,0,12,7,5,7
Q6VN20,104,28,76,73,37,67
Q6XZB0,35,1,34,27,7,28
Q6ZN68,29,0,29,25,4,25
Q6ZRT6,23,0,23,14,9,14
Q6ZTW0,15,0,15,8,7,8
Q7L592,24,0,24,16,8,16
Q7RTS7,51,4,47,31,22,29
Q8N108,71,27,44,40,30,41
Q8N3D4,147,34,113,79,80,67
Q8N3T6,90,1,89,54,37,53
Q8NDH3,29,1,28,21,9,20
Q8NDY4,13,0,13,8,5,8
Q8NGH7,22,0,22,20,2,20
Q96F83,38,0,38,22,16,22
Q96NW4,104,13,91,65,42,62
Q96PD2,71,10,61,52,23,48
Q96PS1,15,0,15,10,5,10
Q96PX6,76,8,68,31,53,23
Q96QT4,173,45,128,103,69,104
Q9BW83,13,1,12,8,6,7
Q9BYG7,17,0,17,8,9,8
Q9BZQ4,21,0,21,18,3,18
Q9H081,8,0,8,3,5,3
Q9H1C4,30,2,28,24,8,22
Q9H207,29,0,29,22,7,22
Q9H307,150,47,103,64,111,39
Q9H490,27,0,27,22,5,22
Q9H5X1,11,3,8,6,6,5
Q9H816,55,4,51,39,18,37
Q9HAZ2,117,6,111,78,43,74
Q9NT68,259,2,257,175,84,175
Q9NY64,33,0,33,29,4,29
Q9P0P0,9,2,7,7,2,7
Q9P2J2,101,0,101,58,43,58
Q9UFP1,41,0,41,20,21,20
Q9UI32,49,0,49,38,11,38
Q9UKX2,131,43,88,80,82,49
Q9UQR1,112,21,91,74,39,73
Q9Y2D8,79,16,63,57,30,49
Q9Y487,63,8,55,45,22,41
Q9Y4W6,36,3,33,15,22,14
Q9Y5B8,18,1,17,12,7,11
Q9Y5F2,77,0,77,57,20,57
Q9Y6X6,182,6,176,111,75,107
A0A075B7D0,11,0,11,8,3,8
A0A286YFG1,7,0,7,7,0,7
A6NMB9,34,1,33,15,20,14
A8MTB9,33,0,33,26,7,26
A8MXV4,21,1,20,12,8,13
B2RXF5,34,1,33,17,18,16
H3BPM6,13,0,13,11,2,11
O00115,32,1,31,28,5,27
O14523,98,19,79,55,54,44
O14842,18,0,18,15,3,15
O14936,68,10,58,39,29,39
O15160,20,6,14,11,11,9
O15228,55,5,50,35,21,34
O15235,4,0,4,2,2,2
O15335,22,0,22,16,6,16
O15499,12,0,12,6,6,6
O75908,24,0,24,17,7,17
O95072,25,2,23,10,17,8
O95471,15,1,14,14,2,13
P01160,11,0,11,3,8,3
P01308,4,0,4,4,0,4
P04201,30,0,30,27,3,27
P0CJ73,1,0,1,1,0,1
P0DN25,15,0,15,13,2,13
P16234,100,11,89,65,42,58
P21108,24,3,21,15,10,14
P22570,30,4,26,20,14,16
P34972,35,3,32,27,11,24
P47888,23,0,23,19,4,19
P51955,50,19,31,26,33,17
P52789,47,6,41,29,24,23
P56945,81,19,62,50,34,47
P60852,50,0,50,37,13,37
P61647,28,1,27,23,6,22
P62424,3,1,2,1,1,2
P78552,33,1,32,24,10,23
P78559,386,127,259,214,219,167
Q05481,95,4,91,78,19,76
Q0D2K2,33,0,33,26,7,26
Q13263,123,52,71,66,63,60
Q13510,19,1,18,12,6,13
Q13761,60,10,50,42,22,38
Q13769,45,6,39,26,25,20
Q14500,26,1,25,16,11,15
Q15397,51,7,44,31,27,24
Q15669,12,0,12,9,3,9
Q15973,29,1,28,21,7,22
Q2T9L4,32,0,32,16,16,16
Q5UIP0,397,117,280,234,186,211
Q6BDS2,177,30,147,109,84,93
Q6L8G5,36,0,36,24,12,24
Q6P5X5,8,0,8,5,3,5
Q6PI98,31,7,24,20,16,15
Q6Q788,21,1,20,12,10,11
Q6UWV7,17,0,17,13,4,13
Q6UXG8,40,0,40,25,15,25
Q71RG6,20,0,20,11,9,11
Q7RTU3,29,0,29,16,13,16
Q7Z7K0,4,1,3,3,0,4
Q86UW7,96,5,91,65,36,60
Q8IWR1,26,1,25,17,10,16
Q8IXB1,48,3,45,33,12,36
Q8IZD2,230,30,200,128,124,106
Q8N8G2,42,1,41,25,16,26
Q8NBR6,59,4,55,38,25,34
Q8NFM4,86,2,84,63,25,61
Q92537,34,0,34,26,8,26
Q96FL8,35,0,35,30,5,30
Q96GE5,47,0,47,36,11,36
Q96I36,3,0,3,3,0,3
Q96KG9,70,9,61,41,28,42
Q96RJ0,28,0,28,24,4,24
Q96RU3,60,16,44,35,31,29
Q99895,18,0,18,15,3,15
Q9BQI6,90,6,84,65,27,63
Q9BR84,42,0,42,34,8,34
Q9BU89,8,0,8,6,2,6
Q9BV68,28,2,26,22,8,20
Q9BXM0,86,12,74,38,60,26
Q9BXM9,52,7,45,37,18,34
Q9BYH8,71,0,71,48,23,48
Q9BYP7,223,15,208,155,81,142
Q9BZM3,28,0,28,19,9,19
Q9C0D2,328,25,303,212,133,195
Q9GZU2,165,14,151,85,84,81
Q9H069,26,0,26,16,10,16
Q9H2P0,169,52,117,95,84,85
Q9H3R2,60,0,60,49,11,49
Q9H467,16,1,15,9,8,8
Q9H6F2,27,0,27,24,3,24
Q9H8E8,78,8,70,48,30,48
Q9NSC2,211,17,194,159,59,152
Q9NYP9,34,8,26,18,20,14
Q9NZS9,33,1,32,23,9,24
Q9UBQ6,26,2,24,20,6,20
Q9UBW5,103,32,71,51,76,27
Q9UG22,32,8,24,19,15,17
Q9UJL9,46,0,46,28,18,28
Q9UK59,47,8,39,33,16,31
Q9UMY1,18,4,14,10,10,8
A0A0J9YWU9,18,0,18,18,0,18
A0A1W2PPW3,11,0,11,6,5,6
A6NDP7,15,0,15,10,5,10
A8MVW0,95,15,80,48,58,37
A8MXK1,17,0,17,12,5,12
H7C350,27,0,27,17,10,17
O15130,9,0,9,5,4,5
O15479,41,10,31,26,17,24
O43508,19,2,17,11,8,11
O60393,63,0,63,46,17,46
O60507,22,2,20,14,8,14
O60636,11,0,11,8,3,8
O75553,53,2,51,31,24,29
O94842,79,15,64,58,24,55
O95180,203,10,193,103,108,95
O95971,17,0,17,16,1,16
P04844,53,1,52,47,7,46
P0CJ69,2,0,2,2,0,2
P0CV98,15,0,15,11,4,11
P0CW00,15,0,15,11,4,11
P0DTU3,33,0,33,28,5,28
P14061,18,0,18,8,10,8
P16401,24,12,12,12,16,8
P19021,80,7,73,52,31,49
P20794,61,2,59,37,24,37
P24043,196,3,193,137,58,138
P24592,12,1,11,6,5,7
P28370,66,14,52,40,34,32
P32297,40,2,38,25,17,23
P34897,37,8,29,21,18,19
P50993,72,11,61,47,30,42
P51553,27,3,24,21,7,20
P52743,16,0,16,15,1,15
P60370,50,0,50,50,0,50
P62330,3,0,3,3,0,3
P78385,38,1,37,26,13,25
Q00597,34,0,34,25,9,25
Q00796,24,5,19,14,9,15
Q13572,33,3,30,17,19,14
Q13637,20,5,15,13,6,14
Q4KMX7,22,0,22,19,3,19
Q5VSY0,34,6,28,20,20,14
Q6DRA6,25,6,19,10,21,4
Q6IE36,120,0,120,93,27,93
Q6NW34,44,3,41,25,18,26
Q6P1R3,64,11,53,33,36,28
Q6RFH5,22,6,16,12,10,12
Q6WQI6,6,0,6,3,3,3
Q765P7,128,34,94,79,71,57
Q76KX8,58,1,57,48,11,47
Q7RTU9,127,0,127,86,41,86
Q7RTY3,14,0,14,10,4,10
Q86UK5,99,0,99,64,35,64
Q8IYU2,67,3,64,53,17,50
Q8IZF7,64,0,64,46,18,46
Q8N5I2,44,3,41,34,11,33
Q8N5P1,26,10,16,12,18,8
Q8N6G6,163,12,151,120,45,118
Q8N6L0,27,0,27,14,13,14
Q8NFY9,40,1,39,29,12,28
Q8NGG6,29,0,29,29,0,29
Q8TD07,17,0,17,13,4,13
Q8TD33,1,0,1,1,0,1
Q96AQ8,29,2,27,11,20,9
Q96C12,68,0,68,35,33,35
Q96G04,22,0,22,10,12,10
Q96HC4,85,25,60,51,33,52
Q96IP4,26,0,26,15,11,15
Q96JF0,41,3,38,26,12,29
Q96MF6,20,0,20,12,8,12
Q96P50,85,10,75,44,47,38
Q99608,18,0,18,9,9,9
Q99755,76,16,60,49,37,39
Q99757,8,0,8,3,5,3
Q9BQ69,19,0,19,14,5,14
Q9BU02,10,2,8,4,8,2
Q9BXS9,66,5,61,51,14,52
Q9BY32,7,1,6,5,1,6
Q9BYV1,32,1,31,21,10,22
Q9BZA8,118,0,118,91,27,91
Q9GZN1,23,1,22,18,4,19
Q9GZZ7,20,0,20,15,5,15
Q9H1Q7,23,0,23,10,13,10
Q9H2U9,43,4,39,32,11,32
Q9H2Y7,294,58,236,174,152,142
Q9H3P7,42,12,30,26,18,24
Q9H977,22,0,22,18,4,18
Q9HC84,639,5,634,547,93,546
Q9NUQ6,69,19,50,36,44,25
Q9NW08,69,6,63,48,25,44
Q9P0R6,8,0,8,7,1,7
Q9UBC5,74,2,72,50,24,50
Q9ULK6,28,0,28,21,7,21
Q9UNI6,26,2,24,19,9,17
Q9Y283,89,7,82,49,45,44
Q9Y2E5,68,1,67,49,20,48
Q9Y4L1,57,5,52,36,26,31
Q9Y5L3,38,0,38,30,8,30
A0A075B6N1,7,0,7,1,6,1
A0A0U1RRI6,18,0,18,15,3,15
A0A2R8YEH3,23,0,23,22,1,22
A6NHZ5,28,0,28,17,11,17
A6NMB1,47,0,47,27,20,27
A8CG34,206,18,188,142,80,126
A8MTI9,29,0,29,23,6,23
A8MZ59,20,0,20,11,9,11
A8MZA4,16,0,16,11,5,11
H3BMG3,2,0,2,0,2,0
O00212,13,2,11,9,2,11
O14964,76,13,63,51,26,50
O15344,63,11,52,44,26,37
O43278,33,3,30,22,10,23
O43301,51,3,48,33,21,30
O43361,58,1,57,48,11,47
O75369,260,83,177,151,104,156
O75478,26,2,24,18,10,16
O75554,52,13,39,31,22,30
O95067,30,7,23,21,12,18
O95427,79,2,77,66,15,64
P01185,11,1,10,7,5,6
P04350,44,18,26,24,18,26
P0CW01,15,0,15,11,4,11
P0DPE3,17,0,17,6,11,6
P12872,5,0,5,1,4,1
P16562,20,2,18,14,8,12
P21283,24,3,21,16,7,17
P23280,19,0,19,16,3,16
P27986,57,7,50,28,32,25
P30041,13,4,9,7,4,9
P32298,29,1,28,18,12,17
P42694,191,31,160,128,76,115
P47989,84,2,82,57,29,55
P49223,2,0,2,2,0,2
P51810,35,2,33,27,8,27
P52306,41,1,40,31,11,30
P55210,28,8,20,17,19,9
Q02505,669,2,667,613,54,615
Q02978,20,5,15,13,8,12
Q13231,31,0,31,16,15,16
Q13901,9,0,9,6,3,6
Q14695,10,0,10,5,5,5
Q14982,27,0,27,22,5,22
Q16787,266,10,256,178,92,174
Q2VWP7,106,0,106,71,35,71
Q3KQV3,59,2,57,44,17,42
Q4QY38,4,0,4,4,0,4
Q504Y0,75,0,75,55,20,55
Q5GH72,49,1,48,30,20,29
Q5JTY5,21,0,21,17,4,17
Q5T6X4,9,0,9,5,4,5
Q5T7V8,29,6,23,14,15,14
Q5VZL5,190,31,159,135,58,132
Q6PCB6,26,0,26,20,6,20
Q6UWZ7,46,6,40,29,17,29
Q6UXZ4,85,0,85,64,21,64
Q7RTP0,26,0,26,21,5,21
Q7Z3G6,94,0,94,47,47,47
Q86UL3,30,4,26,18,16,14
Q86UW2,8,0,8,6,2,6
Q86W50,45,11,34,26,24,21
Q8IU68,63,9,54,39,29,34
Q8IYR6,29,0,29,20,9,20
Q8N1N0,46,1,45,38,9,37
Q8N4B4,41,3,38,24,18,23
Q8N9I0,13,0,13,7,6,7
Q8NAX2,61,15,46,33,37,24
Q8ND07,26,0,26,12,14,12
Q8WXI4,51,4,47,33,18,33
Q96AY3,26,1,25,20,7,19
Q96B21,15,0,15,14,1,14
Q96CF2,24,7,17,11,18,6
Q96EK9,33,5,28,19,15,18
Q96G61,10,2,8,3,7,3
Q96HA7,121,18,103,72,65,56
Q96IK5,45,1,44,29,15,30
Q96JD6,19,0,19,13,6,13
Q96S66,43,9,34,25,19,24
Q99733,29,10,19,15,14,15
Q99873,22,4,18,16,8,14
Q9BQT8,12,0,12,10,2,10
Q9BRR8,106,16,90,58,52,54
Q9BUH6,17,4,13,10,9,8
Q9BXW4,9,0,9,7,2,7
Q9BZV2,48,2,46,40,10,38
Q9C029,34,2,32,23,11,23
Q9H825,26,0,26,11,15,11
Q9H8H2,88,4,84,50,40,48
Q9NVI7,34,5,29,16,21,13
Q9NVM4,45,0,45,31,14,31
Q9NVW2,123,10,113,59,74,49
Q9NX46,30,1,29,18,11,19
Q9UDY8,64,9,55,48,19,45
Q9UHI8,82,2,80,55,29,53
Q9UKM7,47,2,45,28,19,28
Q9UPN4,112,34,78,58,74,38
Q9Y4A9,24,0,24,20,4,20
Q9Y5I7,13,0,13,10,3,10
Q9Y6J6,6,0,6,5,1,5
A0A0A0MS02,13,0,13,8,5,8
A0A1B0GTL3,8,0,8,5,3,5
A0A590UK83,7,0,7,3,4,3
A0JNW5,213,36,177,128,95,118
A6NDL8,26,0,26,23,3,23
A8K855,48,5,43,28,25,23
A8MY62,24,0,24,8,16,8
E9PQ53,2,0,2,1,1,1
H7C241,15,0,15,13,2,13
O00534,80,9,71,53,34,46
O15523,70,8,62,34,42,28
O60568,37,1,36,24,14,23
O94810,25,0,25,13,12,13
O95081,64,7,57,48,21,43
O95453,77,22,55,49,34,43
O95633,19,0,19,15,4,15
O95977,31,1,30,19,13,18
P00797,38,1,37,29,10,28
P01282,18,1,17,10,9,9
P01350,5,0,5,4,1,4
P01903,9,0,9,4,5,4
P04054,12,0,12,11,1,11
P06331,15,0,15,15,0,15
P06850,15,1,14,5,11,4
P0DMR1,27,0,27,4,23,4
P0DTL5,10,0,10,9,1,9
P11166,37,5,32,28,10,27
P18206,101,39,62,54,50,51
P19876,6,0,6,3,3,3
P23229,89,11,78,56,32,57
P49356,30,3,27,23,8,22
P49640,45,0,45,30,15,30
P54922,25,1,24,16,8,17
P62191,21,2,19,14,5,16
P68371,44,18,26,25,19,25
P80723,26,13,13,13,14,12
Q01167,91,30,61,48,53,38
Q04206,53,15,38,30,34,19
Q08AF3,61,2,59,49,12,49
Q0IIM8,98,5,93,70,29,69
Q13247,104,36,68,36,96,8
Q14061,2,1,1,1,2,0
Q16690,34,1,33,25,10,24
Q2TAL8,59,7,52,40,24,35
Q4G0S4,27,1,26,17,11,16
Q4U2R6,3,0,3,1,2,1
Q5T6R2,14,0,14,12,2,12
Q5T7P2,18,0,18,16,2,16
Q5VUM1,11,1,10,4,8,3
Q643R3,38,3,35,24,15,23
Q6IF36,32,0,32,27,5,27
Q6ZQX7,23,0,23,10,13,10
Q6ZS10,20,0,20,10,10,10
Q70CQ2,354,45,309,249,98,256
Q7Z7B7,7,0,7,7,0,7
Q86V15,193,25,168,131,77,116
Q86XP0,65,0,65,44,21,44
Q8IXQ9,18,0,18,17,1,17
Q8IYB7,72,8,64,42,34,38
Q8IZF6,427,8,419,354,69,358
Q8N5C8,107,19,88,58,56,51
Q8NEP3,47,0,47,24,23,24
Q8NGN0,19,0,19,18,1,18
Q8NGY6,22,0,22,21,1,21
Q8TD90,32,0,32,17,15,17
Q8WYA1,75,3,72,42,36,39
Q92844,56,22,34,33,23,33
Q96B54,11,1,10,5,7,4
Q96BZ8,13,3,10,5,9,4
Q96DB9,12,0,12,10,2,10
Q96DD0,17,0,17,12,5,12
Q96DV4,14,0,14,6,8,6
Q96EK7,73,4,69,45,32,41
Q96Q80,8,0,8,5,3,5
Q96RP3,8,0,8,4,4,4
Q96RY7,105,6,99,66,41,64
Q99578,13,0,13,6,7,6
Q99594,51,6,45,36,19,32
Q99679,33,0,33,28,5,28
Q9H195,197,0,197,165,32,165
Q9H1U4,58,0,58,47,11,47
Q9H1Z4,56,7,49,33,30,26
Q9H329,79,5,74,37,47,32
Q9H3Y6,34,0,34,15,19,15
Q9H4B6,43,14,29,24,31,12
Q9H853,26,4,22,21,7,19
Q9HCJ0,253,25,228,193,75,178
Q9NPB1,10,0,10,5,5,5
Q9NSC7,41,3,38,25,17,24
Q9NY12,7,1,6,3,3,4
Q9UBX3,17,1,16,14,4,13
Q9UK08,1,0,1,1,0,1
Q9ULV3,86,20,66,51,41,45
Q9ULW0,75,33,42,38,40,35
Q9UM21,39,2,37,28,13,26
Q9UMX0,64,4,60,53,13,51
Q9Y266,30,12,18,17,21,9
Q9Y2M2,29,0,29,16,13,16
Q9Y3R4,26,0,26,18,8,18
Q9Y6N1,12,0,12,6,6,6
A0A075B6S4,14,0,14,8,6,8
A0A087WTH5,9,0,9,5,4,5
A0A0B4J280,11,0,11,8,3,8
A0A1B0GX51,8,0,8,5,3,5
A0A584,6,0,6,2,4,2
A2RU48,12,0,12,9,3,9
A5YM69,52,10,42,32,26,26
A8MTJ6,61,0,61,42,19,42
O00400,34,1,33,31,4,30
O14715,218,54,164,135,117,101
O60762,21,4,17,13,10,11
O60869,8,3,5,3,6,2
O75525,22,4,18,14,10,12
O76050,48,0,48,32,16,32
O95073,25,2,23,14,13,12
P07196,63,9,54,34,36,27
P07947,48,14,34,33,13,35
P0DP23,4,0,4,1,3,1
P10911,55,2,53,31,26,29
P10966,16,0,16,10,6,10
P20337,18,3,15,12,7,11
P20382,14,0,14,10,4,10
P21127,92,30,62,43,69,23
P21709,68,6,62,42,28,40
P25787,17,5,12,8,6,11
P32241,36,4,32,21,13,23
P35249,31,6,25,17,16,15
P42126,20,3,17,10,9,11
P43116,34,1,33,19,16,18
P43629,48,4,44,36,16,32
P43631,34,0,34,25,9,25
P48742,43,1,42,30,14,29
P49189,30,7,23,20,11,19
P49863,21,0,21,15,6,15
P50440,26,5,21,17,8,18
P51582,27,2,25,20,7,20
P51884,36,7,29,24,19,17
P55854,5,2,3,2,5,0
P60709,37,13,24,22,24,13
P63165,6,2,4,3,5,1
P78325,52,2,50,38,16,36
P78329,32,2,30,26,8,24
P83881,5,2,3,3,4,1
Q0VDD5,3,0,3,1,2,1
Q13326,21,0,21,14,7,14
Q15915,46,1,45,31,14,32
Q16774,15,1,14,8,6,9
Q2QD12,12,0,12,9,3,9
Q3MIS6,59,1,58,43,15,44
Q53ET0,155,49,106,95,73,82
Q53H96,15,0,15,13,2,13
Q5JVG8,27,0,27,24,3,24
Q5MIZ7,71,10,61,50,25,46
Q5U5Q3,72,11,61,44,39,33
Q5VT28,2,0,2,0,2,0
Q6DD87,33,5,28,21,13,20
Q6P597,37,11,26,16,30,7
Q6P5S2,31,0,31,25,6,25
Q6ZNA5,43,0,43,35,8,35
Q7RTX7,28,0,28,16,12,16
Q86SJ2,53,4,49,37,16,37
Q86TE4,29,0,29,20,9,20
Q8IVN8,14,0,14,11,3,11
Q8IWB7,39,0,39,30,9,30
Q8IYM1,15,0,15,10,5,10
Q8IZV5,12,0,12,10,2,10
Q8NG92,27,0,27,24,3,24
Q8NGE0,26,0,26,24,2,24
Q8NHW6,3,0,3,3,0,3
Q8NI36,89,6,83,62,31,58
Q8TDN2,36,0,36,22,14,22
Q8TE99,34,0,34,25,9,25
Q8TEE9,25,0,25,14,11,14
Q8WUF5,126,50,76,66,90,36
Q8WUJ3,91,1,90,65,27,64
Q8WXH0,560,45,515,360,223,337
Q92619,127,29,98,75,71,56
Q96AJ1,26,4,22,13,17,9
Q96ER3,38,3,35,29,8,30
Q96MT4,12,0,12,7,5,7
Q99640,66,22,44,40,36,30
Q99758,122,5,117,81,42,80
Q9BQ52,69,14,55,44,33,36
Q9BQ67,37,8,29,24,13,24
Q9BW85,21,7,14,9,13,8
Q9H0I2,24,4,20,11,17,7
Q9H1C3,19,0,19,14,5,14
Q9H7L2,36,1,35,27,10,26
Q9NQ34,15,2,13,10,5,10
Q9NS00,21,2,19,13,10,11
Q9NXI6,14,0,14,14,0,14
Q9NXJ5,13,0,13,11,2,11
Q9NYF5,88,4,84,56,36,52
Q9NYW3,28,3,25,22,7,21
Q9P1Z3,61,2,59,26,35,26
Q9UBC3,104,29,75,58,61,43
Q9UGP5,51,7,44,33,17,34
Q9UKA9,43,10,33,28,17,26
Q9Y277,25,3,22,19,5,20
Q9Y5E4,56,0,56,44,12,44
A0A6Q8PHR7,5,0,5,0,5,0
A6NC86,16,0,16,16,0,16
A6NH52,16,0,16,14,2,14
A6PVC2,65,3,62,37,31,34
O00712,71,26,45,41,42,29
O14773,58,0,58,41,17,41
O14775,40,1,39,29,10,30
O60603,80,1,79,62,17,63
O75335,96,0,96,41,55,41
O75508,10,2,8,8,4,6
O75792,27,7,20,15,15,12
O95292,27,9,18,17,11,16
P02708,34,0,34,26,8,26
P02749,20,0,20,17,3,17
P08670,71,35,36,36,48,23
P09661,15,5,10,9,9,6
P0CG12,55,7,48,29,27,28
P12268,40,10,30,23,19,21
P13667,46,12,34,28,20,26
P15382,11,1,10,6,6,5
P15692,14,0,14,10,4,10
P19429,18,9,9,9,14,4
P35900,32,5,27,13,22,10
P36776,50,4,46,27,25,25
P39880,217,41,176,122,112,105
P48426,30,5,25,18,13,17
P49790,339,73,266,239,105,234
P49902,45,7,38,32,20,25
P50336,43,0,43,25,18,25
P51690,36,0,36,29,7,29
P54577,39,10,29,20,25,14
P63162,3,0,3,1,2,1
P84085,6,2,4,4,2,4
Q01628,8,0,8,8,0,8
Q05923,21,0,21,13,8,13
Q09328,47,1,46,38,8,39
Q12851,62,13,49,41,30,32
Q14119,67,10,57,49,18,49
Q14207,225,22,203,138,101,124
Q1L5Z9,51,2,49,33,16,35
Q2M2D7,13,0,13,6,7,6
Q2M385,62,1,61,51,12,50
Q4G0I0,11,0,11,3,8,3
Q5JPH6,32,3,29,15,18,14
Q5JQC9,132,40,92,78,76,56
Q5JUK9,5,0,5,3,2,3
Q5JVX7,37,1,36,21,17,20
Q5U5X8,48,3,45,32,19,29
Q5VV52,31,0,31,20,11,20
Q5VZK9,197,48,149,114,123,74
Q68DE3,336,9,327,257,80,256
Q6ICI0,21,0,21,16,5,16
Q6NVV9,27,0,27,17,10,17
Q6QNY0,20,7,13,11,14,6
Q6UXB0,51,0,51,17,34,17
Q6ZNA4,134,0,134,90,44,90
Q6ZNM6,9,0,9,5,4,5
Q6ZS11,28,0,28,10,18,10
Q6ZS86,39,1,38,32,8,31
Q6ZT07,117,13,104,82,44,73
Q7Z736,54,3,51,24,33,21
Q86SG7,16,0,16,13,3,13
Q86X76,22,1,21,15,8,14
Q8IWN7,259,3,256,123,137,122
Q8IYB5,40,3,37,29,14,26
Q8IZC7,38,5,33,24,19,19
Q8IZP7,22,0,22,13,9,13
Q8NDL9,113,5,108,71,47,66
Q8NGA5,23,0,23,20,3,20
Q8NGY7,17,0,17,17,0,17
Q8TAP6,45,5,40,29,17,28
Q8WUD6,27,0,27,20,7,20
Q8WY54,65,5,60,33,35,30
Q92805,67,17,50,37,35,32
Q93099,30,1,29,22,7,23
Q969H4,69,4,65,36,37,32
Q96JI7,204,6,198,157,53,151
Q96QE5,34,1,33,23,12,22
Q96S44,18,2,16,13,5,13
Q99435,47,0,47,42,5,42
Q9BQ70,62,13,49,38,29,33
Q9BSA4,48,1,47,40,9,39
Q9BW19,67,12,55,41,34,33
Q9BW91,38,7,31,19,24,14
Q9BZJ8,44,0,44,33,11,33
Q9HB63,38,0,38,30,8,30
Q9NP31,31,5,26,16,18,13
Q9NP58,56,2,54,39,19,37
Q9NP62,56,7,49,38,19,37
Q9NQT5,14,0,14,8,6,8
Q9NRP0,8,0,8,6,2,6
Q9NS87,122,14,108,69,59,63
Q9NX47,11,0,11,8,3,8
Q9P1J3,5,0,5,4,1,4
Q9P2S2,121,4,117,68,57,64
Q9UBH6,41,4,37,32,13,28
Q9UK32,48,5,43,29,22,26
Q9Y4E5,98,14,84,70,36,62
A6NFQ7,10,0,10,7,3,7
A6NP61,25,0,25,14,11,14
A9UHW6,10,0,10,7,3,7
B4DZS4,25,0,25,19,6,19
O14529,163,7,156,86,82,81
O14654,169,37,132,88,108,61
O43761,16,0,16,10,6,10
O76094,62,16,46,33,35,27
O95140,54,2,52,35,21,33
P03372,61,17,44,38,28,33
P09238,34,0,34,23,11,23
P0DO97,27,0,27,12,15,12
P0DUX0,18,0,18,8,10,8
P10145,5,0,5,4,1,4
P10696,37,7,30,22,16,21
P12318,25,0,25,19,6,19
P18077,2,0,2,0,2,0
P19532,80,13,67,43,40,40
P30273,5,2,3,2,1,4
P35240,28,5,23,15,14,14
P35790,35,2,33,26,7,28
P41145,33,1,32,27,7,26
P49137,25,5,20,16,8,17
P49590,27,3,24,17,13,14
P50613,18,4,14,13,7,11
P51965,25,2,23,11,14,11
P52732,98,12,86,70,28,70
P53779,38,4,34,29,9,29
P55290,42,1,41,27,16,26
P78347,106,37,69,59,58,48
P82979,24,11,13,12,23,1
P86480,8,0,8,4,4,4
Q03936,37,2,35,30,7,30
Q04609,55,0,55,35,20,35
Q13156,17,0,17,11,6,11
Q13285,18,2,16,16,4,14
Q15063,37,1,36,26,12,25
Q15532,28,0,28,27,1,27
Q15572,68,5,63,41,30,38
Q15916,41,2,39,32,11,30
Q3MII6,61,4,57,36,25,36
Q4KMP7,87,21,66,53,47,40
Q56A73,10,1,9,5,4,6
Q5H8A3,7,0,7,6,1,6
Q5RKV6,10,0,10,3,7,3
Q5VTT5,118,12,106,66,62,56
Q5VUY0,22,0,22,19,3,19
Q5VYJ5,206,0,206,166,40,166
Q86SX6,6,1,5,3,4,2
Q86UP9,12,0,12,9,3,9
Q86YT9,30,2,28,17,15,15
Q8J025,33,0,33,16,17,16
Q8N0U6,10,0,10,7,3,7
Q8N414,49,0,49,31,18,31
Q8N960,78,10,68,42,42,36
Q8N9S9,34,2,32,29,7,27
Q8NCD3,119,29,90,61,79,40
Q8NH57,19,0,19,16,3,16
Q8TB72,130,17,113,89,54,76
Q8TDF6,57,3,54,40,20,37
Q8TEL6,62,0,62,49,13,49
Q8TEQ6,146,19,127,91,60,86
Q8TF65,21,3,18,8,14,7
Q8WWH4,28,0,28,22,6,22
Q8WWL2,70,12,58,39,37,33
Q8WWV3,25,0,25,17,8,17
Q8WY22,22,0,22,12,10,12
Q92613,108,25,83,62,61,47
Q92633,31,7,24,22,12,19
Q92688,15,4,11,8,7,8
Q92878,83,7,76,44,40,43
Q96B18,90,18,72,46,62,28
Q96B36,25,8,17,16,13,12
Q96EK5,30,3,27,24,7,23
Q96IK0,14,0,14,10,4,10
Q96MK2,91,10,81,44,53,38
Q96MM6,53,10,43,28,31,22
Q96RT7,184,18,166,127,65,119
Q96S86,15,0,15,6,9,6
Q99102,1024,2,1022,915,111,913
Q9BQL6,62,10,52,36,32,30
Q9BWN1,71,17,54,39,43,28
Q9BXA7,29,2,27,22,9,20
Q9H320,28,1,27,5,24,4
Q9H840,6,0,6,3,3,3
Q9H8H0,60,4,56,47,15,45
Q9NPB0,9,0,9,7,2,7
Q9NSV4,98,15,83,60,45,53
Q9NV56,23,5,18,13,15,8
Q9UHK6,22,0,22,10,12,10
Q9UKZ4,219,3,216,144,78,141
Q9UNS1,85,11,74,43,51,34
Q9UPM8,123,14,109,95,24,99
Q9UPY8,15,2,13,11,6,9
Q9UQ80,34,10,24,20,22,12
Q9Y237,8,1,7,3,6,2
Q9Y2K7,103,19,84,64,52,51
Q9Y5G3,86,0,86,62,24,62
Q9Y5Y2,16,0,16,12,4,12
Q9Y6X0,196,11,185,97,104,92
A0A3B3IU46,6,0,6,2,4,2
A2PYH4,124,1,123,90,33,91
A6NDB9,63,18,45,31,46,17
A6NM28,41,0,41,21,20,21
A6NMD2,44,0,44,21,23,21
A8MUX0,91,0,91,83,8,83
C9J7I0,13,0,13,9,4,9
C9JL84,57,1,56,41,17,40
O14990,23,3,20,12,14,9
O15438,125,10,115,85,46,79
O43482,23,4,19,18,7,16
O75177,50,0,50,43,7,43
O75575,12,2,10,7,7,5
O75683,23,7,16,12,16,7
O75794,30,4,26,21,11,19
O76042,10,0,10,8,2,8
O76074,58,4,54,42,20,38
O95045,15,0,15,11,4,11
O95424,4,0,4,4,0,4
O95551,29,2,27,20,9,20
O95813,20,0,20,10,10,10
P02808,6,3,3,3,2,4
P05412,35,5,30,25,15,20
P08861,26,0,26,23,3,23
P09493,26,12,14,13,23,3
P11217,36,8,28,17,17,19
P19784,19,5,14,12,10,9
P20800,13,0,13,7,6,7
P24001,17,2,15,13,6,11
P25963,20,5,15,13,8,12
P43088,31,0,31,26,5,26
P49748,48,7,41,27,24,24
P50749,24,3,21,15,12,12
P56470,15,0,15,8,7,8
P78352,68,11,57,32,47,21
P81277,3,0,3,2,1,2
P98198,89,7,82,57,39,50
Q13158,22,6,16,12,12,10
Q13304,24,1,23,17,8,16
Q14203,105,16,89,63,54,51
Q15413,339,8,331,236,109,230
Q16526,44,2,42,28,18,26
Q16633,22,2,20,16,6,16
Q16656,43,8,35,32,17,26
Q32MZ4,100,34,66,54,60,40
Q3KQZ1,13,0,13,10,3,10
Q3MIR4,22,0,22,16,6,16
Q5HYJ3,45,11,34,25,23,22
Q5SVJ3,7,0,7,3,4,3
Q5T9C9,31,2,29,18,13,18
Q5W0V3,53,7,46,38,16,37
Q5XXA6,63,10,53,41,30,33
Q63HR2,202,62,140,122,130,72
Q6U841,88,10,78,56,32,56
Q6XR72,35,0,35,29,6,29
Q7L7V1,64,0,64,47,17,47
Q7Z429,22,0,22,17,5,17
Q7Z692,24,0,24,16,8,16
Q86T23,6,0,6,3,3,3
Q86TI4,28,0,28,17,11,17
Q86VZ4,41,0,41,24,17,24
Q8IWB6,164,3,161,101,62,102
Q8N387,46,0,46,40,6,40
Q8N5Y2,60,16,44,30,36,24
Q8N9N8,19,7,12,11,13,6
Q8NDX5,171,26,145,118,63,108
Q8NGE2,27,0,27,26,1,26
Q8NH19,13,0,13,12,1,12
Q8WUP2,17,2,15,9,10,7
Q92838,28,0,28,18,10,18
Q92908,84,8,76,59,31,53
Q96AG3,35,5,30,26,12,23
Q96FQ6,11,4,7,5,6,5
Q96HY7,62,2,60,37,23,39
Q96JN8,116,8,108,70,48,68
Q96NX5,46,1,45,32,15,31
Q9BQ50,14,0,14,8,6,8
Q9BS31,37,4,33,22,17,20
Q9BXL5,43,11,32,27,19,24
Q9BXN2,37,3,34,26,12,25
Q9H5Q4,22,0,22,15,7,15
Q9HC57,7,0,7,5,2,5
Q9HD34,4,0,4,0,4,0
Q9NPJ8,7,0,7,7,0,7
Q9NQE7,54,1,53,39,16,38
Q9NQV5,39,1,38,22,18,21
Q9NQZ7,36,0,36,23,13,23
Q9NX38,16,0,16,14,2,14
Q9NX74,30,3,27,14,17,13
Q9NZV8,63,5,58,40,26,37
Q9P0I2,15,0,15,11,4,11
Q9P1A2,47,3,44,33,11,36
Q9QC07,40,0,40,27,13,27
Q9UBK5,9,0,9,7,2,7
Q9UBK9,9,1,8,4,6,3
Q9UGI9,38,0,38,20,18,20
Q9UKJ3,277,61,216,126,186,91
Q9UKY7,32,14,18,17,13,19
Q9UM47,164,6,158,120,48,116
A0A0C4DH24,16,0,16,9,7,9
A0A1B0GTL2,12,0,12,3,9,3
B7U540,25,1,24,16,10,15
O00186,42,5,37,30,17,25
O00479,9,4,5,4,9,0
O00562,139,19,120,86,64,75
O00757,22,0,22,14,8,14
O15254,58,3,55,31,30,28
O43854,27,0,27,23,4,23
O60299,86,7,79,43,46,40
O60506,37,12,25,20,21,16
O75154,70,10,60,38,36,34
O75311,33,1,32,24,10,23
O75425,11,0,11,7,4,7
O75462,35,0,35,21,14,21
O75822,19,6,13,12,5,14
O94811,29,10,19,14,17,12
O94822,169,2,167,124,47,122
O95857,12,0,12,11,1,11
P01591,12,4,8,7,9,3
P05106,64,1,63,48,15,49
P05109,3,1,2,2,0,3
P05204,4,2,2,2,4,0
P05387,21,10,11,11,10,11
P06730,14,3,11,9,4,10
P07550,36,10,26,23,13,23
P09038,20,4,16,7,13,7
P0C671,67,2,65,29,40,27
P0CF97,57,0,57,45,12,45
P0CL82,3,0,3,1,2,1
P0DUQ1,25,0,25,22,3,22
P14598,42,14,28,25,25,17
P20711,27,0,27,18,9,18
P23526,17,4,13,11,8,9
P31994,26,1,25,16,9,17
P33681,21,0,21,17,4,17
P47895,24,2,22,15,11,13
P54105,26,8,18,16,14,12
P58512,21,0,21,10,11,10
P60468,19,8,11,11,14,5
P63313,2,1,1,1,2,0
P68431,8,3,5,4,7,1
P98066,14,0,14,11,3,11
Q14165,14,1,13,10,5,9
Q14409,40,0,40,29,11,29
Q2T9K0,50,3,47,32,19,31
Q53RT3,21,0,21,11,10,11
Q5H9U9,122,1,121,89,34,88
Q5JVF3,22,2,20,17,7,15
Q5VV41,78,19,59,46,45,33
Q6NVY1,24,3,21,17,10,14
Q6SZW1,50,5,45,25,28,22
Q6UWW0,13,0,13,12,1,12
Q6XLA1,6,0,6,4,2,4
Q6ZR85,15,0,15,11,4,11
Q7Z6W1,17,0,17,13,4,13
Q86T13,46,0,46,33,13,33
Q86TV6,77,18,59,46,25,52
Q8IWS0,57,21,36,32,30,27
Q8N441,36,0,36,22,14,22
Q8N4B1,12,0,12,8,4,8
Q8N5T2,42,2,40,29,15,27
Q8N682,20,0,20,20,0,20
Q8N6N3,16,3,13,10,7,9
Q8N944,105,6,99,56,49,56
Q8NAA4,48,5,43,31,20,28
Q8NBF1,68,3,65,53,18,50
Q8NBS3,63,2,61,49,14,49
Q8NC26,34,4,30,23,15,19
Q8NGC0,37,0,37,28,9,28
Q8NGS8,26,0,26,25,1,25
Q8TAT5,55,2,53,36,21,34
Q8TDE3,11,0,11,9,2,9
Q8TE60,114,5,109,89,30,84
Q8TET4,67,0,67,51,16,51
Q96A37,17,0,17,14,3,14
Q96BD0,75,10,65,54,23,52
Q96DD7,6,0,6,3,3,3
Q96Q06,105,21,84,78,30,75
Q96T68,65,3,62,37,29,36
Q99574,28,1,27,21,8,20
Q9BVH7,25,0,25,19,6,19
Q9BVI4,32,1,31,20,13,19
Q9BXI9,18,0,18,13,5,13
Q9H1Z9,28,1,27,18,9,19
Q9H8W5,30,0,30,22,8,22
Q9HCE7,49,6,43,27,24,25
Q9NQ30,14,0,14,9,5,9
Q9NVR0,49,2,47,37,14,35
Q9NYW1,25,0,25,23,2,23
Q9NZH5,21,3,18,11,13,8
Q9UBU3,7,1,6,5,3,4
Q9UJA2,15,0,15,13,2,13
Q9UQC2,139,47,92,75,83,56
Q9Y2H2,123,19,104,71,67,56
Q9Y2X7,103,34,69,59,60,43
Q9Y336,48,1,47,38,11,37
Q9Y485,389,49,340,272,146,243
Q9Y520,394,87,307,243,192,202
A0A0B4J2B8,13,0,13,11,2,11
A0A0U1RRL7,1,0,1,0,1,0
A0A590UK10,95,0,95,46,49,46
A1L4K1,52,1,51,40,13,39
A6NDA9,46,0,46,40,6,40
O00592,81,7,74,59,23,58
O15105,31,0,31,25,6,25
O15162,15,1,14,13,1,14
O75131,47,11,36,28,14,33
O75602,31,0,31,20,11,20
O75764,46,11,35,20,35,11
O95456,25,4,21,18,11,14
O95873,41,14,27,23,30,11
P07205,26,6,20,18,10,16
P08174,35,2,33,26,11,24
P0C263,12,0,12,9,3,9
P0CJ72,2,0,2,2,0,2
P0DPD7,22,0,22,17,5,17
P11161,56,2,54,37,21,35
P11277,129,13,116,72,64,65
P13807,73,20,53,40,43,30
P16066,67,8,59,42,31,36
P17844,42,13,29,25,22,20
P23141,37,2,35,25,10,27
P24864,35,10,25,22,13,22
P25788,21,3,18,15,7,14
P47883,36,0,36,26,10,26
P49759,55,11,44,23,37,18
P49763,20,0,20,11,9,11
P54274,41,5,36,25,21,20
P61366,12,0,12,6,6,6
Q06520,27,3,24,16,12,15
Q12982,27,8,19,19,8,19
Q13492,79,17,62,55,15,64
Q13505,44,8,36,23,27,17
Q13520,18,0,18,14,4,14
Q15008,19,3,16,13,7,12
Q15257,21,3,18,16,8,13
Q15714,159,2,157,129,32,127
Q16270,24,1,23,20,5,19
Q4VX76,54,9,45,34,25,29
Q5FYB0,40,0,40,25,15,25
Q5MCW4,49,1,48,43,7,42
Q5T1J5,8,0,8,7,1,7
Q5U623,94,5,89,69,30,64
Q68DX3,143,7,136,92,52,91
Q6NXP0,39,2,37,21,20,19
Q6P050,27,0,27,14,13,14
Q6P5Z2,56,13,43,30,35,21
Q6S5L8,67,5,62,43,27,40
Q7RTT4,10,0,10,2,8,2
Q7RTV2,20,6,14,9,15,5
Q8IUR0,11,1,10,7,5,6
Q8IXS6,36,7,29,23,16,20
Q8IY85,101,7,94,59,43,58
Q8IYT2,59,2,57,51,10,49
Q8N3I7,26,0,26,17,9,17
Q8N488,53,21,32,28,26,27
Q8NGP0,18,0,18,16,2,16
Q8NH93,29,0,29,29,0,29
Q8TBG4,27,1,26,19,9,18
Q92466,40,3,37,27,16,24
Q92506,19,2,17,13,8,11
Q92522,16,5,11,5,14,2
Q96CT7,14,5,9,6,11,3
Q96FZ5,20,1,19,18,3,17
Q96H15,41,1,40,34,8,33
Q96M19,23,0,23,15,8,15
Q96RI1,33,2,31,21,12,21
Q96S19,10,1,9,6,5,5
Q96S21,30,6,24,17,17,13
Q96SL8,31,0,31,21,10,21
Q99500,35,2,33,20,17,18
Q9BTT4,5,0,5,3,2,3
Q9BUI4,43,7,36,27,19,24
Q9GZK6,24,0,24,22,2,22
Q9H1B7,105,25,80,69,53,52
Q9H1X1,21,0,21,12,9,12
Q9H339,18,0,18,15,3,15
Q9H4E7,50,11,39,27,26,24
Q9H4R4,9,0,9,6,3,6
Q9H7D7,60,3,57,48,13,47
Q9HC38,23,3,20,16,10,13
Q9NSG2,72,3,69,58,15,57
Q9NWW6,14,0,14,8,6,8
Q9NX94,28,3,25,11,18,10
Q9P0K9,17,0,17,10,7,10
Q9P2I0,62,9,53,42,23,39
Q9UIC8,28,5,23,17,14,14
Q9UJU2,43,8,35,26,19,24
Q9UK39,37,6,31,25,12,25
Q9UM19,8,0,8,6,2,6
Q9Y2V0,18,0,18,12,6,12
Q9Y2X3,48,16,32,27,33,15
Q9Y365,28,6,22,18,10,18
Q9Y3I0,23,3,20,12,14,9
Q9Y5H6,86,2,84,58,30,56
A0A0B4J2B5,13,0,13,12,1,12
A0A1B0GTC6,3,0,3,3,0,3
A0A1B0GW35,11,0,11,10,1,10
A6NM11,159,3,156,105,57,102
A6NMA1,3,0,3,3,0,3
B2RTY4,270,40,230,147,157,113
O00470,34,2,32,22,14,20
O00533,90,3,87,57,34,56
O60359,38,1,37,18,21,17
O60524,87,19,68,47,51,36
O60942,29,1,28,16,14,15
P01850,15,0,15,11,4,11
P02458,48,0,48,25,23,25
P02747,9,0,9,8,1,8
P02818,5,0,5,2,3,2
P04278,31,0,31,26,5,26
P05166,35,2,33,28,9,26
P05997,64,1,63,32,33,31
P09529,25,1,24,16,10,15
P0C7U0,77,5,72,43,37,40
P0CG48,54,27,27,27,54,0
P0DMM9,14,0,14,10,4,10
P0DTE5,29,0,29,25,4,25
P0DTW3,15,0,15,8,7,8
P13569,142,21,121,95,54,88
P13995,16,1,15,10,7,9
P17858,51,5,46,34,22,29
P18054,33,6,27,24,15,18
P21675,159,18,141,84,73,86
P21817,306,11,295,201,112,194
P30304,73,19,54,38,46,27
P31948,22,4,18,14,10,12
P43686,28,8,20,20,6,22
P53396,82,25,57,55,26,56
P54709,16,2,14,11,7,9
P56975,96,2,94,68,28,68
P61077,11,1,10,7,3,8
P63261,38,14,24,22,24,14
P84157,13,5,8,6,10,3
Q03169,37,4,33,23,18,19
Q12767,162,22,140,123,43,119
Q12887,33,0,33,19,14,19
Q13183,41,0,41,39,2,39
Q13522,16,4,12,8,10,6
Q14563,46,0,46,34,12,34
Q14689,129,7,122,72,62,67
Q147X3,39,14,25,19,24,15
Q15102,12,4,8,8,4,8
Q15612,21,0,21,18,3,18
Q16775,9,0,9,6,3,6
Q2UY09,70,1,69,43,26,44
Q68DL7,72,1,71,49,22,50
Q69YH5,182,46,136,101,103,79
Q6IPM2,79,15,64,36,54,25
Q6P1M3,101,17,84,68,40,61
Q6Q0C0,79,17,62,52,38,41
Q6UWP2,18,0,18,14,4,14
Q6W349,10,0,10,10,0,10
Q6ZRS2,368,43,325,234,159,209
Q7Z698,36,0,36,22,14,22
Q8IUR7,51,2,49,32,21,30
Q8IW19,54,3,51,35,20,34
Q8IYV9,26,3,23,19,10,16
Q8IZL8,111,15,96,69,47,64
Q8NEH6,5,0,5,3,2,3
Q8NFP0,8,0,8,6,2,6
Q8NFQ5,29,0,29,20,9,20
Q8NFZ6,38,0,38,31,7,31
Q8NG94,27,0,27,26,1,26
Q8NH55,14,0,14,14,0,14
Q8WW62,14,0,14,12,2,12
Q8WXQ3,24,0,24,21,3,21
Q92674,85,11,74,60,30,55
Q93070,20,0,20,19,1,19
Q96AP0,70,17,53,45,30,40
Q96BH1,28,4,24,14,14,14
Q96C74,11,0,11,6,5,6
Q96EB6,82,27,55,49,38,44
Q96K30,38,7,31,16,29,9
Q96P67,31,0,31,29,2,29
Q99877,22,11,11,11,22,0
Q9BYT8,46,5,41,28,21,25
Q9BZG1,17,3,14,12,6,11
Q9C0D0,63,7,56,37,33,30
Q9C0D4,113,6,107,75,40,73
Q9H3F6,22,2,20,14,8,14
Q9NZC7,27,2,25,15,14,13
Q9NZG7,10,0,10,7,3,7
Q9NZQ0,16,0,16,7,9,7
Q9P0T4,25,5,20,12,18,7
Q9P255,39,1,38,35,5,34
Q9UBM4,26,0,26,20,6,20
Q9UBP5,42,1,41,33,10,32
Q9UF02,28,0,28,22,6,22
Q9UJ78,77,5,72,55,23,54
Q9UJ90,8,0,8,4,4,4
Q9UJW7,67,0,67,52,15,52
Q9Y548,20,2,18,14,8,12
Q9Y6H3,15,0,15,12,3,12
Q9Y6T7,53,2,51,37,18,35
A0A1B0GUA7,10,0,10,7,3,7
A0A1B0GVQ0,4,0,4,4,0,4
A0A494C191,18,0,18,8,10,8
A8MTL9,9,1,8,6,2,7
B1ATL7,25,0,25,17,8,17
E5RIL1,21,0,21,19,2,19
O14753,21,1,20,13,9,12
O15427,30,1,29,22,9,21
O43306,73,6,67,51,26,47
O75044,150,44,106,78,84,66
O75192,17,0,17,10,7,10
O75695,25,2,23,17,10,15
O75928,95,9,86,66,34,61
O95716,14,0,14,9,5,9
O95741,43,0,43,28,15,28
P00568,16,4,12,8,10,6
P02008,14,4,10,10,0,14
P02795,9,4,5,5,6,3
P0C0E4,23,0,23,14,9,14
P0DMN0,14,0,14,10,4,10
P10643,85,2,83,57,30,55
P10645,55,18,37,26,41,14
P19404,7,1,6,3,5,2
P20340,20,7,13,12,13,7
P35236,26,9,17,14,15,11
P36897,35,5,30,20,16,19
P40425,55,10,45,29,28,27
P42658,63,0,63,49,14,49
P42773,4,0,4,3,1,3
P45381,9,1,8,8,2,7
P53999,32,15,17,15,26,6
P58294,5,1,4,3,1,4
P59990,13,0,13,13,0,13
P60827,10,0,10,4,6,4
P63252,29,0,29,22,7,22
Q00888,36,0,36,27,9,27
Q02386,60,1,59,45,16,44
Q02962,43,0,43,30,13,30
Q04323,21,6,15,9,18,3
Q06250,6,0,6,4,2,4
Q0D2K5,20,1,19,14,7,13
Q0VAK6,27,0,27,10,17,10
Q12873,144,32,112,84,76,68
Q12948,83,13,70,57,31,52
Q13009,207,36,171,113,116,91
Q13105,57,6,51,30,31,26
Q3ZCX4,52,2,50,38,14,38
Q5BJH2,10,0,10,9,1,9
Q68DD2,64,3,61,43,22,42
Q68E01,95,14,81,60,39,56
Q6ZU67,69,3,66,52,20,49
Q76MJ5,66,0,66,41,25,41
Q7Z2X4,17,0,17,9,8,9
Q86SM8,13,0,13,13,0,13
Q86VZ1,22,0,22,13,9,13
Q8N2C9,11,0,11,8,3,8
Q8N8X9,18,0,18,14,4,14
Q8NEW7,5,1,4,4,2,3
Q8NFF2,37,0,37,28,9,28
Q8NGG1,28,1,27,24,5,23
Q8NGU4,18,1,17,15,4,14
Q8TCA0,12,1,11,9,4,8
Q8TD86,6,0,6,5,1,5
Q8TDW5,85,6,79,46,41,44
Q8TE58,77,1,76,47,31,46
Q8TF42,54,3,51,44,11,43
Q8WWF6,6,0,6,2,4,2
Q92738,107,32,75,51,72,35
Q92820,20,0,20,16,4,16
Q92854,81,8,73,56,31,50
Q92889,66,3,63,40,29,37
Q969E4,18,8,10,9,17,1
Q969G3,46,13,33,23,24,22
Q969S9,45,1,44,30,16,29
Q96G23,27,4,23,18,11,16
Q96S52,49,2,47,34,17,32
Q9BTX3,13,0,13,13,0,13
Q9BZD7,24,0,24,11,13,11
Q9BZW7,53,6,47,30,25,28
Q9H2F9,26,0,26,14,12,14
Q9H3V2,16,0,16,15,1,15
Q9H871,29,0,29,19,10,19
Q9HB07,25,2,23,16,11,14
Q9HBF4,57,5,52,38,22,35
Q9NQ87,38,0,38,17,21,17
Q9NRC6,214,0,214,110,104,110
Q9NUQ9,19,3,16,13,7,12
Q9NYM4,27,0,27,21,6,21
Q9P0J0,4,0,4,2,2,2
Q9P2X3,16,1,15,8,9,7
Q9P2Z0,28,4,24,20,12,16
Q9UBB9,65,12,53,38,33,32
Q9UKE5,169,52,117,93,110,59
Q9UM44,49,0,49,35,14,35
Q9UMY4,11,5,6,5,7,4
Q9UPN3,705,124,581,414,349,356
Q9Y4A8,68,0,68,53,15,53
Q9Y4P9,13,0,13,7,6,7
Q9Y5B0,103,21,82,55,57,46
Q9Y697,33,1,32,25,9,24
A0A096LNP1,6,0,6,6,0,6
A0A8V8TPE2,43,0,43,21,22,21
A0PG75,17,0,17,16,1,16
A6NCE7,7,0,7,6,1,6
A6NGB7,15,0,15,10,5,10
A6NGY3,17,0,17,9,8,9
A8MTZ7,28,1,27,21,6,22
O00305,66,4,62,24,44,22
O00602,19,0,19,16,3,16
O43688,21,3,18,13,9,12
O75298,60,6,54,33,33,27
O95359,381,82,299,222,205,176
P00734,41,3,38,26,16,25
P04066,34,0,34,28,6,28
P07359,53,2,51,39,16,37
P07942,133,15,118,99,45,88
P09429,20,9,11,10,9,11
P09972,21,5,16,9,13,8
P0DMQ9,18,0,18,13,5,13
P11279,44,4,40,29,17,27
P16519,39,0,39,33,6,33
P17019,38,3,35,33,8,30
P20848,28,0,28,21,7,21
P21589,40,2,38,32,8,32
P22004,45,0,45,18,27,18
P28347,38,6,32,27,17,21
P28698,52,5,47,35,22,30
P29508,27,2,25,19,10,17
P35711,84,18,66,46,46,38
P40197,39,2,37,20,21,18
P46926,11,1,10,8,4,7
P60059,2,0,2,1,1,1
P62312,1,0,1,1,0,1
P63241,11,3,8,7,5,6
Q03135,13,4,9,7,2,11
Q0Z7S8,9,1,8,4,4,5
Q12889,54,0,54,34,20,34
Q13351,24,0,24,18,6,18
Q13595,80,35,45,37,74,6
Q13641,35,0,35,26,9,26
Q13835,124,35,89,75,60,64
Q13875,24,4,20,9,19,5
Q14929,59,3,56,32,28,31
Q15323,38,0,38,25,13,25
Q52M58,12,0,12,9,3,9
Q5MJ07,6,0,6,4,2,4
Q5T7M4,21,0,21,11,10,11
Q5VYY2,24,0,24,19,5,19
Q68DK7,67,16,51,37,46,21
Q6EMK4,39,1,38,28,10,29
Q6JVE9,12,0,12,7,5,7
Q6SJ93,60,4,56,42,22,38
Q6VUC0,36,7,29,19,24,12
Q6ZMC9,22,0,22,14,8,14
Q6ZNJ1,238,26,212,137,119,119
Q76M96,80,6,74,36,50,30
Q7LBE3,64,0,64,53,11,53
Q7Z3Y8,35,0,35,26,9,26
Q86SQ4,136,11,125,103,26,110
Q86TL0,39,0,39,24,15,24
Q8IX29,22,0,22,8,14,8
Q8IY37,71,6,65,40,35,36
Q8N8L2,37,2,35,27,10,27
Q8N9U0,80,14,66,42,40,40
Q8NA82,109,1,108,53,57,52
Q8NH03,25,0,25,22,3,22
Q8WX93,190,46,144,109,107,83
Q96A09,30,0,30,17,13,17
Q96ES7,14,1,13,7,8,6
Q96G01,88,14,74,47,49,39
Q96G03,51,5,46,32,18,33
Q96HZ4,13,1,12,8,6,7
Q96IM9,9,0,9,6,3,6
Q96J88,27,3,24,10,18,9
Q96KT0,10,0,10,4,6,4
Q96QV6,5,0,5,1,4,1
Q96QZ0,41,0,41,34,7,34
Q96RP7,40,0,40,27,13,27
Q99607,84,8,76,54,38,46
Q9BQG2,23,1,22,19,5,18
Q9BQS6,11,0,11,2,9,2
Q9BSG5,19,2,17,11,10,9
Q9BV29,14,1,13,9,6,8
Q9BVA1,44,15,29,25,20,24
Q9GZV3,47,0,47,34,13,34
Q9H015,39,0,39,32,7,32
Q9H0N0,21,0,21,12,9,12
Q9H694,143,23,120,91,69,74
Q9H7X3,34,0,34,23,11,23
Q9H7Z3,108,5,103,76,37,71
Q9HD67,189,23,166,114,80,109
Q9HDD0,9,0,9,8,1,8
Q9NTJ4,75,4,71,44,35,40
Q9P1Q0,87,6,81,65,26,61
Q9UIW2,160,8,152,102,62,98
Q9UK00,11,0,11,6,5,6
Q9ULP9,45,6,39,31,14,31
Q9Y2T1,86,7,79,50,43,43
Q9Y3R0,137,9,128,89,55,82
Q9Y6R7,375,1,374,311,65,310
A0A0B4J1V7,11,0,11,11,0,11
A0A0C4DH36,14,0,14,10,4,10
A0A0J9YW62,9,0,9,7,2,7
A0A1B0GVM2,43,0,43,32,11,32
O00160,77,13,64,47,37,40
O00330,44,8,36,23,27,17
O14874,26,5,21,14,13,13
O60244,131,14,117,89,48,83
O60500,101,2,99,72,29,72
O60673,373,28,345,232,153,220
O60674,75,3,72,54,24,51
O75191,50,2,48,39,13,37
O75916,59,2,57,29,32,27
O75947,10,3,7,7,0,10
O94921,52,13,39,30,33,19
P04004,47,13,34,30,24,23
P05813,21,2,19,18,3,18
P06400,107,30,77,67,56,51
P0DTU4,27,0,27,22,5,22
P10720,2,0,2,1,1,1
P13535,121,20,101,69,66,55
P22301,9,0,9,7,2,7
P23467,201,8,193,131,70,131
P23511,17,2,15,14,5,12
P23771,65,5,60,45,25,40
P28356,45,4,41,31,18,27
P38571,30,0,30,24,6,24
P40145,97,2,95,57,42,55
P41091,35,8,27,21,14,21
P48059,5,1,4,4,0,5
P52790,62,1,61,39,24,38
P59074,8,0,8,4,4,4
P60328,12,0,12,12,0,12
Q00887,31,0,31,25,6,25
Q01484,515,99,416,282,280,235
Q01995,18,8,10,9,15,3
Q07820,30,9,21,17,10,20
Q13253,15,0,15,9,6,9
Q13825,22,3,19,11,14,8
Q14094,37,2,35,23,16,21
Q14185,135,21,114,75,71,64
Q14493,48,21,27,26,29,19
Q14586,74,4,70,59,17,57
Q15041,9,0,9,8,1,8
Q4G0N0,8,0,8,7,1,7
Q4V9L6,29,4,25,16,17,12
Q5T7M9,24,0,24,19,5,19
Q5TFG8,15,1,14,7,9,6
Q6J9G0,23,1,22,13,11,12
Q6P1L6,61,3,58,29,35,26
Q6PII5,16,0,16,11,5,11
Q6PJT7,111,38,73,59,74,37
Q6PRD1,220,1,219,110,109,111
Q6ZSI9,39,0,39,24,15,24
Q7Z4M0,18,0,18,14,4,14
Q7Z5V6,35,0,35,25,10,25
Q86SE5,24,5,19,11,18,6
Q8IUE1,28,3,25,16,15,13
Q8N1Q8,26,1,25,19,8,18
Q8N228,47,2,45,22,27,20
Q8N2K0,27,4,23,18,11,16
Q8N782,41,0,41,32,9,32
Q8NAC3,55,0,55,36,19,36
Q8NBM4,31,1,30,24,8,23
Q8NEW0,32,0,32,28,4,28
Q8NFN8,108,0,108,64,44,64
Q8NGS1,28,0,28,28,0,28
Q8NH59,22,0,22,18,4,18
Q8TE57,118,7,111,85,34,84
Q8TE82,90,2,88,52,40,50
Q8WWU7,26,0,26,17,9,17
Q92574,153,38,115,86,79,74
Q92871,15,1,14,8,8,7
Q96HB5,78,18,60,43,53,25
Q96J86,7,0,7,4,3,4
Q96MX0,11,0,11,9,2,9
Q96ND0,17,1,16,10,8,9
Q99523,76,4,72,55,19,57
Q99973,238,10,228,163,77,161
Q99999,23,0,23,17,6,17
Q9BR10,18,0,18,10,8,10
Q9BTV6,36,1,35,29,8,28
Q9BVV6,175,18,157,116,73,102
Q9BWV7,44,0,44,32,12,32
Q9BXU7,76,0,76,44,32,44
Q9BYD2,9,1,8,5,3,6
Q9C0C6,67,6,61,41,32,35
Q9H0M4,65,3,62,36,32,33
Q9H0V9,20,0,20,13,7,13
Q9NRW1,16,2,14,9,9,7
Q9NZC9,108,10,98,71,45,63
Q9UGK8,35,2,33,27,8,27
Q9UGV2,42,15,27,26,17,25
Q9ULJ7,159,35,124,106,64,95
Q9Y366,27,0,27,21,6,21
Q9Y383,62,19,43,26,53,9
Q9Y3A3,13,1,12,10,4,9
Q9Y5F3,66,0,66,49,17,49
A0A1W2PP81,13,0,13,6,7,6
A6NFE3,7,0,7,5,2,5
A6NKW6,13,0,13,10,3,10
O14818,15,4,11,8,11,4
O15347,15,4,11,9,10,5
O43174,30,2,28,19,9,21
O75752,20,0,20,12,8,12
O95382,98,10,88,65,41,57
O95503,50,11,39,25,28,22
P01130,74,5,69,56,17,57
P01258,15,1,14,6,10,5
P04430,17,0,17,12,5,12
P06132,11,1,10,7,5,6
P0DUB6,32,0,32,26,6,26
P19099,26,0,26,13,13,13
P20592,43,5,38,20,24,19
P28325,8,0,8,8,0,8
P30260,115,35,80,72,38,77
P30530,60,4,56,43,19,41
P31689,20,9,11,10,11,9
P34896,34,4,30,24,12,22
P34949,33,2,31,26,9,24
P35813,27,1,26,16,12,15
P52739,39,1,38,27,13,26
P53355,114,12,102,74,48,66
P55001,9,0,9,7,2,7
P57057,45,0,45,35,10,35
Q08462,71,3,68,53,21,50
Q10588,27,1,26,17,11,16
Q13061,57,7,50,22,40,17
Q13670,18,0,18,12,6,12
Q14721,105,17,88,60,62,43
Q14872,88,5,83,71,18,70
Q16630,60,20,40,34,38,22
Q30154,16,0,16,10,6,10
Q3B820,59,6,53,26,37,22
Q4KMG9,14,0,14,13,1,13
Q5JQF8,15,3,12,6,12,3
Q5MNV8,33,0,33,25,8,25
Q5T292,5,0,5,2,3,2
Q5TGI0,29,1,28,22,6,23
Q5VVH2,5,0,5,3,2,3
Q6P1K2,14,3,11,6,11,3
Q6P4E1,36,9,27,19,20,16
Q6P9A3,49,3,46,37,13,36
Q6Q6R5,14,0,14,7,7,7
Q6UW60,55,0,55,47,8,47
Q6UX82,34,0,34,32,2,32
Q6UXN9,30,1,29,20,11,19
Q6ZR37,58,0,58,34,24,34
Q6ZU15,24,0,24,20,4,20
Q86UW8,12,0,12,9,3,9
Q8IUN9,21,0,21,15,6,15
Q8IUX1,15,1,14,11,5,10
Q8IVQ6,9,0,9,7,2,7
Q8IYD2,19,0,19,11,8,11
Q8N126,38,0,38,34,4,34
Q8N831,22,0,22,18,4,18
Q8N9B8,36,3,33,24,11,25
Q8N9M5,43,8,35,30,17,26
Q8NAU1,13,0,13,7,6,7
Q8NGS3,27,2,25,23,2,25
Q8NHR9,7,0,7,6,1,6
Q8WV22,13,1,12,10,4,9
Q8WVI7,5,0,5,2,3,2
Q8WW27,33,0,33,25,8,25
Q8WXB4,66,1,65,53,14,52
Q8WXE9,124,14,110,80,52,72
Q96CS2,26,2,24,14,12,14
Q96G79,23,0,23,19,4,19
Q96G91,22,0,22,15,7,15
Q96J01,37,4,33,26,13,24
Q96MA6,19,0,19,11,8,11
Q96MW1,11,2,9,6,5,6
Q96N64,97,10,87,53,50,47
Q99689,38,4,34,22,20,18
Q99788,39,5,34,32,6,33
Q9BQ49,5,2,3,2,5,0
Q9BQ89,45,14,31,21,36,9
Q9BSI4,35,5,30,22,14,21
Q9BWJ2,6,0,6,4,2,4
Q9BY31,58,3,55,42,15,43
Q9H091,52,0,52,26,26,26
Q9H611,43,4,39,29,16,27
Q9H6R6,18,0,18,12,6,12
Q9HCU5,23,0,23,18,5,18
Q9NQR4,23,3,20,15,11,12
Q9NUU7,31,5,26,19,15,16
Q9NWT8,12,2,10,7,7,5
Q9NXR1,44,16,28,20,34,10
Q9P0M2,24,2,22,12,14,10
Q9P291,35,2,33,17,16,19
Q9UHY7,16,2,14,12,4,12
Q9UJU5,39,2,37,29,10,29
Q9ULK2,171,15,156,104,78,93
Q9UM07,46,1,45,39,8,38
Q9Y2G8,62,0,62,43,19,43
Q9Y471,20,0,20,18,2,18
A0A1B0GUA6,30,0,30,15,15,15
A0A1B0GX49,8,0,8,6,2,6
A6NF89,22,0,22,20,2,20
A6NFC9,22,0,22,14,8,14
A6NFU0,22,0,22,10,12,10
B3GLJ2,2,0,2,2,0,2
D6RGH6,34,0,34,18,16,18
F5GYI3,36,0,36,17,19,17
O00515,107,39,68,46,88,19
O00585,9,0,9,3,6,3
O14682,49,5,44,35,15,34
O43924,8,0,8,5,3,5
O60312,145,5,140,96,50,95
O75382,61,10,51,40,29,32
O94964,163,23,140,89,95,68
O95625,109,18,91,70,39,70
O95996,263,18,245,138,131,132
O96002,11,0,11,9,2,9
P00750,51,1,50,43,9,42
P09497,19,4,15,10,7,12
P0CJ79,47,0,47,36,11,36
P0DPF5,20,0,20,8,12,8
P0DTL6,22,0,22,16,6,16
P11308,53,9,44,37,17,36
P13985,16,0,16,4,12,4
P15088,24,0,24,13,11,13
P16278,43,2,41,31,14,29
P20061,39,0,39,29,10,29
P20138,30,1,29,18,13,17
P22090,8,2,6,3,7,1
P42025,24,2,22,15,11,13
P48201,15,0,15,8,7,8
P52815,6,0,6,5,1,5
P54368,25,2,23,9,18,7
P59991,25,0,25,25,0,25
P60508,46,1,45,37,8,38
P80511,3,0,3,2,1,2
P83436,58,3,55,44,13,45
Q12788,54,2,52,35,19,35
Q13724,56,2,54,38,18,38
Q13907,10,1,9,7,4,6
Q16602,31,2,29,26,5,26
Q16609,10,0,10,8,2,8
Q4G0W2,11,1,10,7,5,6
Q5BVD1,16,0,16,11,5,11
Q5I7T1,31,0,31,27,4,27
Q5SYB0,183,2,181,122,61,122
Q5T1A1,61,0,61,35,26,35
Q5VST9,673,42,631,411,294,379
Q68CR1,79,1,78,53,27,52
Q6N021,219,17,202,152,78,141
Q6P474,28,2,26,18,12,16
Q6PJE2,19,0,19,14,5,14
Q6UWJ8,9,0,9,6,3,6
Q6ZTQ4,61,0,61,40,21,40
Q7L099,28,2,26,16,14,14
Q7L3S4,15,0,15,5,10,5
Q86SQ9,18,0,18,10,8,10
Q8N1V8,17,0,17,12,5,12
Q8N6L7,13,0,13,10,3,10
Q8N7S2,14,0,14,8,6,8
Q8ND04,95,13,82,61,35,60
Q8NEZ4,585,86,499,374,241,344
Q8TDV0,42,0,42,33,9,33
Q8WXS3,12,0,12,10,2,10
Q92530,19,4,15,12,9,10
Q92947,33,2,31,18,17,16
Q92990,36,0,36,27,9,27
Q93086,33,2,31,22,13,20
Q96B77,12,0,12,7,5,7
Q96NT0,11,0,11,7,4,7
Q96PN8,14,0,14,11,3,11
Q96RW7,445,7,438,304,140,305
Q96T51,61,13,48,35,27,34
Q9BQ83,7,0,7,5,2,5
Q9BSD3,30,1,29,21,10,20
Q9BTD3,11,0,11,7,4,7
Q9BXU8,10,0,10,7,3,7
Q9BYM8,28,8,20,16,12,16
Q9BZE4,42,12,30,23,27,15
Q9C075,42,11,31,22,27,15
Q9C0B9,140,16,124,90,64,76
Q9C0K0,121,40,81,70,75,46
Q9H0R8,2,0,2,2,0,2
Q9H2X0,56,0,56,29,27,29
Q9H8P0,19,0,19,17,2,17
Q9NTZ6,77,8,69,51,34,43
Q9NY91,46,0,46,40,6,40
Q9UGJ0,104,37,67,56,77,27
Q9UGR2,84,9,75,52,41,43
Q9UL46,9,1,8,7,1,8
Q9ULV8,38,7,31,27,16,22
Q9UNW1,33,0,33,16,17,16
Q9UPW8,140,8,132,88,54,86
Q9UQB9,15,2,13,11,4,11
Q9UQD0,143,4,139,87,60,83
Q9Y227,41,3,38,25,17,24
Q9Y3T9,91,30,61,49,52,39
A0A0A6YYC5,10,0,10,7,3,7
A0A0C4DH25,15,0,15,10,5,10
A0A0G2JRQ6,16,0,16,10,6,10
A0A1B0GUC4,9,0,9,4,5,4
A3KFT3,28,0,28,24,4,24
A6NJZ7,137,0,137,77,60,77
A6NMS7,158,1,157,105,54,104
A7E2U8,23,0,23,12,11,12
A8MVU1,27,0,27,13,14,13
O00148,28,7,21,15,18,10
O00175,8,0,8,4,4,4
O00746,17,2,15,10,9,8
O14603,14,0,14,10,4,10
O14917,102,7,95,66,39,63
O43781,45,3,42,28,16,29
O43805,5,1,4,3,1,4
O60356,9,3,6,6,4,5
O60896,3,0,3,3,0,3
O75306,19,0,19,11,8,11
O75934,14,3,11,9,8,6
O95872,24,2,22,13,13,11
P01270,9,1,8,3,7,2
P01563,16,0,16,11,5,11
P02768,45,19,26,25,13,32
P06307,7,0,7,2,5,2
P06899,21,10,11,10,21,0
P07738,18,4,14,9,7,11
P0C7A2,27,0,27,19,8,19
P0CJ88,23,0,23,12,11,12
P12110,57,4,53,31,24,33
P15408,62,19,43,36,35,27
P17612,23,7,16,14,16,7
P19397,15,0,15,14,1,14
P20783,22,0,22,14,8,14
P24666,15,5,10,6,10,5
P27449,13,2,11,11,2,11
P31146,34,5,29,23,14,20
P42680,45,5,40,24,22,23
Q03113,23,2,21,10,15,8
Q05516,62,3,59,45,18,44
Q07866,39,9,30,26,20,19
Q10586,25,2,23,10,17,8
Q12834,67,14,53,46,27,40
Q14181,76,15,61,49,30,46
Q14692,100,19,81,58,49,51
Q15392,23,0,23,18,5,18
Q15561,48,4,44,36,16,32
Q30KQ9,1,0,1,0,1,0
Q33E94,80,3,77,49,32,48
Q3B726,34,10,24,20,18,16
Q3ZLR7,74,0,74,45,29,45
Q59H18,72,0,72,53,19,53
Q5VTD9,37,3,34,23,15,22
Q66K89,57,7,50,41,21,36
Q6IQ32,103,7,96,74,30,73
Q6UXM1,113,0,113,80,33,80
Q71DI3,11,5,6,6,8,3
Q86V97,57,0,57,48,9,48
Q86VH4,56,0,56,37,19,37
Q8IUI4,36,1,35,24,11,25
Q8IWF6,35,2,33,20,15,20
Q8N3E9,55,7,48,28,30,25
Q8N3F9,42,0,42,30,12,30
Q8N4V1,16,5,11,9,2,14
Q8N945,14,1,13,9,6,8
Q8NBJ5,37,1,36,21,17,20
Q8NG48,76,6,70,55,23,53
Q8TBC3,80,12,68,49,39,41
Q8TBK2,23,0,23,14,9,14
Q92692,55,13,42,34,24,31
Q92734,54,17,37,34,15,39
Q92743,33,0,33,18,15,18
Q92824,148,2,146,123,25,123
Q969L2,11,0,11,10,1,10
Q96D70,20,2,18,8,10,10
Q96K12,26,1,25,19,8,18
Q96N16,26,3,23,13,16,10
Q96SR6,29,1,28,17,13,16
Q99766,10,1,9,7,2,8
Q9BPX3,78,17,61,47,36,42
Q9BRX2,31,5,26,17,13,18
Q9BTV4,36,3,33,23,14,22
Q9BWQ6,19,0,19,16,3,16
Q9BX74,15,0,15,14,1,14
Q9BZM5,16,0,16,13,3,13
Q9GZY8,45,17,28,24,24,21
Q9H322,13,0,13,4,9,4
Q9HB89,27,1,26,20,8,19
Q9NR34,51,4,47,41,14,37
Q9NX63,22,7,15,8,21,1
Q9NYW2,20,1,19,17,4,16
Q9NYW6,29,0,29,25,4,25
Q9P1P5,29,2,27,26,3,26
Q9UHD0,8,0,8,5,3,5
Q9UN76,47,1,46,39,9,38
Q9Y2B5,48,2,46,28,20,28
Q9Y3B4,1,0,1,1,0,1
Q9Y5A6,44,5,39,29,18,26
Q9Y5Z6,21,0,21,16,5,16
Q9Y6H5,138,15,123,81,68,70
A0A087WW49,19,0,19,17,2,17
A0A0B4J276,7,0,7,7,0,7
A0A0J9YVY3,11,0,11,9,2,9
A0A140TA64,27,0,27,27,0,27
A0A1W2PS18,7,0,7,6,1,6
A0A8Q3WKH5,8,0,8,2,6,2
A1A4S6,70,8,62,42,30,40
A4D1U4,26,1,25,17,10,16
A6NM43,27,0,27,20,7,20
B4DU55,56,1,55,44,13,43
C9JE40,39,0,39,28,11,28
O14627,34,0,34,21,13,21
O14815,43,0,43,22,21,22
O14880,9,0,9,6,3,6
O60551,39,8,31,24,19,20
O75190,32,3,29,20,15,17
O94892,49,0,49,46,3,46
O95248,167,19,148,103,73,94
O95744,21,0,21,17,4,17
O96024,27,1,26,21,7,20
P01834,15,1,14,11,5,10
P05556,65,6,59,46,15,50
P13051,29,7,22,16,18,11
P13797,44,12,32,27,11,33
P14555,9,0,9,7,2,7
P15559,18,1,17,15,4,14
P19086,24,3,21,18,9,15
P30926,40,0,40,27,13,27
P30954,22,0,22,20,2,20
P36980,26,0,26,20,6,20
P40313,32,0,32,26,6,26
P41182,88,16,72,50,50,38
P49750,230,31,199,135,114,116
P50052,26,0,26,20,6,20
P86479,8,0,8,4,4,4
Q08828,67,5,62,46,20,47
Q13356,30,2,28,23,7,23
Q15021,107,20,87,66,43,64
Q15172,41,7,34,29,19,22
Q16568,5,2,3,3,2,3
Q16581,46,4,42,31,13,33
Q2NKQ1,123,7,116,75,49,74
Q5BLP8,5,0,5,3,2,3
Q5H9R7,110,22,88,70,46,64
Q5TCS8,86,1,85,57,30,56
Q5TGU0,8,0,8,7,1,7
Q5VZR2,60,0,60,25,35,25
Q5XKL5,226,0,226,131,95,131
Q68DY9,42,0,42,37,5,37
Q6NUI6,32,0,32,20,12,20
Q6UWM7,36,0,36,24,12,24
Q86WD7,36,0,36,22,14,22
Q8IXN7,31,1,30,17,15,16
Q8IY18,72,11,61,41,30,42
Q8IZ02,38,2,36,30,8,30
Q8N0U4,37,0,37,28,9,28
Q8N2G4,14,0,14,9,5,9
Q8N3J6,35,1,34,27,9,26
Q8NBI2,19,0,19,18,1,18
Q8NEE8,84,3,81,41,44,40
Q8NFV4,24,2,22,10,16,8
Q8TAV4,17,0,17,11,6,11
Q8TEY7,91,14,77,57,32,59
Q8WUA4,104,22,82,60,58,46
Q8WW35,5,0,5,3,2,3
Q8WW59,12,0,12,8,4,8
Q92754,41,5,36,27,19,22
Q92851,42,2,40,32,8,34
Q93098,26,0,26,19,7,19
Q96GV9,29,11,18,14,24,5
Q96HE8,15,0,15,7,8,7
Q96JX3,55,2,53,37,20,35
Q96KR1,109,20,89,75,36,73
Q96Q07,58,5,53,34,27,31
Q96QF0,60,13,47,34,25,35
Q9BQS8,117,16,101,56,65,52
Q9BY07,80,1,79,57,24,56
Q9BYC2,21,0,21,13,8,13
Q9BZ72,161,25,136,92,90,71
Q9H1B4,31,0,31,30,1,30
Q9H4B8,47,0,47,32,15,32
Q9H7R5,42,0,42,34,8,34
Q9H903,18,0,18,8,10,8
Q9NQZ8,41,2,39,26,17,24
Q9NS71,12,0,12,10,2,10
Q9NVH2,97,5,92,72,28,69
Q9NZM6,47,2,45,38,7,40
Q9P2K6,41,3,38,27,17,24
Q9UBB6,45,3,42,34,14,31
Q9UI72,2,0,2,1,1,1
Q9UIG8,54,3,51,40,11,43
Q9UKR5,9,2,7,7,0,9
Q9UPA5,463,40,423,226,275,188
Q9Y2L5,148,10,138,106,46,102
Q9Y3N9,20,0,20,17,3,17
Q9Y587,8,1,7,5,4,4
Q9Y5E2,67,1,66,50,18,49
A0A1B0GVH7,25,0,25,10,15,10
A6NCV1,26,0,26,21,5,21
A6NDU8,22,0,22,17,5,17
A6NEQ2,34,1,33,16,19,15
A6NF01,136,1,135,108,29,107
A6NGQ2,5,0,5,2,3,2
A6NMT0,50,5,45,26,27,23
O14975,23,1,22,14,8,15
O15239,3,1,2,1,3,0
O15554,21,2,19,16,7,14
O43776,34,7,27,20,19,15
O43934,43,1,42,40,2,41
O60825,40,12,28,22,24,16
O75691,195,19,176,134,64,131
O75891,49,6,43,34,15,34
O96015,5,0,5,4,1,4
P00540,29,1,28,18,12,17
P00748,37,0,37,21,16,21
P05161,17,3,14,11,7,10
P08559,23,5,18,12,14,9
P0C7P0,8,1,7,3,6,2
P10124,19,1,18,9,9,10
P14770,8,0,8,5,3,5
P20023,84,1,83,62,23,61
P26367,49,1,48,38,12,37
P29375,160,28,132,90,82,78
P31749,28,9,19,18,13,15
P36957,25,2,23,17,10,15
P37058,20,0,20,18,2,18
P41229,108,9,99,59,54,54
P42685,47,12,35,28,17,30
P46459,56,13,43,34,25,31
P49795,33,9,24,18,22,11
P59665,3,0,3,3,0,3
Q06416,27,4,23,17,14,13
Q08AI6,29,0,29,25,4,25
Q13506,59,12,47,39,28,31
Q14005,229,44,185,129,136,93
Q14258,56,10,46,31,25,31
Q16842,22,0,22,16,6,16
Q2M3V2,53,9,44,25,37,16
Q2NL82,50,8,42,29,27,23
Q53H12,25,1,24,19,7,18
Q53HC5,42,2,40,24,20,22
Q5VTA0,29,0,29,21,8,21
Q5VTH9,76,1,75,52,25,51
Q5VU57,32,0,32,25,7,25
Q6JBY9,79,35,44,41,69,10
Q6KC79,381,87,294,204,226,155
Q6PGP7,94,0,94,68,26,68
Q6PHW0,12,0,12,5,7,5
Q6UXB2,7,0,7,5,2,5
Q6YN16,25,3,22,18,10,15
Q6ZSY5,67,10,57,38,37,30
Q6ZU65,193,29,164,120,82,111
Q70UQ0,31,0,31,20,11,20
Q711Q0,162,0,162,81,81,81
Q7RTU0,13,0,13,4,9,4
Q7Z3C6,81,18,63,51,40,41
Q86SG6,49,0,49,33,16,33
Q86TM3,46,0,46,32,14,32
Q86VD7,31,5,26,14,18,13
Q86XR7,19,3,16,14,6,13
Q8IUX8,31,0,31,25,6,25
Q8N0Z9,52,2,50,38,16,36
Q8N100,6,0,6,3,3,3
Q8N141,31,0,31,17,14,17
Q8N594,46,6,40,28,24,22
Q8N6I4,9,0,9,6,3,6
Q8NGE7,35,0,35,34,1,34
Q8NGJ1,20,0,20,17,3,17
Q8NGK6,31,0,31,31,0,31
Q8NGY2,27,0,27,21,6,21
Q8NHV9,5,0,5,3,2,3
Q8WUH6,14,6,8,8,4,10
Q8WV60,25,1,24,19,7,18
Q8WV93,26,1,25,18,9,17
Q96C19,22,7,15,13,6,16
Q96GE6,14,1,13,6,9,5
Q96L03,23,1,22,14,10,13
Q96L11,12,0,12,9,3,9
Q96NS5,18,0,18,13,5,13
Q99618,48,17,31,24,31,17
Q9BQ13,18,2,16,11,9,9
Q9BWV3,34,0,34,19,15,19
Q9BXU0,13,0,13,10,3,10
Q9C0G6,255,6,249,175,80,175
Q9H814,49,20,29,24,25,24
Q9H8K7,49,7,42,38,16,33
Q9H9Y4,18,0,18,17,1,17
Q9HB09,37,11,26,18,28,9
Q9HCD5,85,26,59,54,45,40
Q9HCL2,76,6,70,56,24,52
Q9NP72,10,1,9,8,3,7
Q9NZR4,38,2,36,17,23,15
Q9UKB3,19,3,16,9,11,8
Q9UNH5,66,6,60,30,40,26
Q9UPX6,102,1,101,64,37,65
Q9Y278,27,0,27,18,9,18
Q9Y2I7,269,47,222,169,125,144
A0A0C4DH38,14,0,14,13,1,13
A0A0C4DH68,16,0,16,11,5,11
A0A0K0K1E9,9,0,9,6,3,6
A0A1W2PQU2,9,0,9,8,1,8
A6NEN9,9,0,9,2,7,2
A6NER0,35,0,35,21,14,21
A6NF36,7,0,7,6,1,6
A6NF83,2,0,2,0,2,0
A6NJZ3,27,0,27,25,2,25
A6NNB3,6,0,6,5,1,5
O00541,32,7,25,20,19,13
O14686,622,104,518,341,333,289
O43181,16,3,13,10,9,7
O43255,25,5,20,19,7,18
O43612,6,0,6,3,3,3
O60341,58,8,50,41,23,35
O75896,4,1,3,2,3,1
P01213,25,1,24,15,11,14
P08727,60,27,33,31,40,20
P09629,20,2,18,16,6,14
P0C7L1,8,0,8,8,0,8
P0CG30,12,1,11,10,3,9
P0DMR3,18,0,18,13,5,13
P0DPP9,3,0,3,1,2,1
P16112,308,1,307,233,76,232
P17025,38,2,36,31,9,29
P17813,74,3,71,52,21,53
P17987,47,13,34,28,14,33
P22735,75,9,66,49,35,40
P30279,17,3,14,12,8,9
P35557,32,1,31,19,14,18
P38606,55,8,47,34,23,32
P38936,18,7,11,9,12,6
P43378,36,4,32,27,11,25
P49419,38,7,31,24,15,23
P49703,12,1,11,6,7,5
P51153,17,4,13,9,12,5
P52735,71,11,60,41,39,32
P59103,12,0,12,8,4,8
P61599,9,0,9,4,5,4
P63167,6,3,3,3,4,2
P78524,199,53,146,100,134,65
Q00444,15,0,15,11,4,11
Q01970,116,27,89,67,56,60
Q14469,29,5,24,17,15,14
Q15633,42,9,33,27,16,26
Q2M3W8,64,3,61,48,15,49
Q3KNT7,13,0,13,9,4,9
Q5SQ64,24,0,24,13,11,13
Q5T5P2,316,88,228,177,173,143
Q5T6F2,196,16,180,157,37,159
Q6NT76,57,9,48,31,35,22
Q6P7N7,11,0,11,10,1,10
Q6ZN66,36,2,34,29,7,29
Q6ZNI0,23,0,23,17,6,17
Q70Z44,39,0,39,32,7,32
Q7KZF4,73,25,48,41,29,44
Q86WN1,53,5,48,26,28,25
Q8N8A2,49,0,49,37,12,37
Q8N8I0,7,1,6,4,2,5
Q8NEA4,11,0,11,7,4,7
Q8NEX9,21,2,19,13,10,11
Q8NG78,38,0,38,37,1,37
Q8NGF6,24,0,24,21,3,21
Q8NGZ3,18,0,18,15,3,15
Q8TBB5,41,8,33,20,25,16
Q8TC17,8,0,8,3,5,3
Q8WUT4,75,3,72,53,19,56
Q8WVM8,55,13,42,35,25,30
Q8WZ59,15,0,15,11,4,11
Q969U6,48,3,45,34,15,33
Q96BF3,31,4,27,17,16,15
Q96FI4,29,3,26,14,16,13
Q96SE7,61,1,60,42,20,41
Q99880,24,12,12,12,24,0
Q9BPV8,21,0,21,13,8,13
Q9BTM1,3,0,3,0,3,0
Q9BUZ4,33,5,28,20,10,23
Q9BX70,26,0,26,21,5,21
Q9BXQ6,59,2,57,35,24,35
Q9H1K4,16,1,15,11,6,10
Q9H222,54,2,52,40,14,40
Q9H501,101,31,70,52,58,43
Q9HCM2,147,5,142,102,46,101
Q9P2Y4,74,13,61,35,50,24
Q9UDV6,44,0,44,27,17,27
Q9UF12,41,1,40,27,15,26
Q9UHF7,178,35,143,114,81,97
Q9UKJ1,35,2,33,18,19,16
Q9ULJ3,168,39,129,106,79,89
Q9UPQ3,117,12,105,77,50,67
Q9Y328,13,1,12,11,3,10
Q9Y3Y4,42,1,41,33,10,32
Q9Y536,10,1,9,3,8,2
Q9Y584,13,0,13,9,4,9
Q9Y616,66,9,57,44,23,43
Q9Y644,22,0,22,13,9,13
Q9Y6A2,25,0,25,16,9,16
Q9Y6L6,78,7,71,60,17,61
A0A087WXS9,35,0,35,22,13,22
A4D2P6,127,5,122,67,63,64
A6NEK1,33,2,31,24,7,26
A6NFZ4,9,0,9,9,0,9
A6NI79,18,3,15,8,13,5
A6NI87,25,1,24,10,16,9
H3BNL8,13,0,13,10,3,10
H3BQB6,26,0,26,9,17,9
O15321,46,2,44,32,16,30
O15353,63,1,62,46,18,45
O60902,23,2,21,11,14,9
O95183,11,3,8,8,0,11
O95399,9,0,9,5,4,5
O96004,13,2,11,6,9,4
P05155,53,3,50,39,13,40
P06732,29,8,21,13,16,13
P09455,2,0,2,1,1,1
P0DQD5,25,0,25,21,4,21
P11234,15,2,13,6,9,6
P35637,81,14,67,59,18,63
P39210,4,0,4,4,0,4
P54619,27,3,24,20,4,23
P78556,4,0,4,4,0,4
P80303,18,6,12,8,12,6
Q01543,59,12,47,41,20,39
Q0P5N6,13,0,13,9,4,9
Q13275,46,2,44,33,15,31
Q14515,69,17,52,41,41,28
Q15155,99,3,96,75,27,72
Q15303,84,4,80,64,20,64
Q15573,29,0,29,24,5,24
Q15773,35,12,23,19,24,11
Q15884,43,5,38,30,18,25
Q17R60,79,4,75,52,29,50
Q2M243,75,5,70,31,47,28
Q3SY05,8,0,8,5,3,5
Q53T59,37,9,28,19,23,14
Q5J5C9,2,0,2,2,0,2
Q6E0U4,70,3,67,41,30,40
Q6JVE6,13,0,13,11,2,11
Q6L8H4,54,0,54,48,6,48
Q6P435,27,1,26,10,18,9
Q6PJF5,102,24,78,61,57,45
Q6Q759,179,6,173,107,74,105
Q6UWF3,12,2,10,6,8,4
Q6UXK5,59,1,58,50,10,49
Q6ZMJ4,22,0,22,13,9,13
Q6ZPD8,17,0,17,12,5,12
Q6ZQV5,5,1,4,4,2,3
Q6ZVS7,3,0,3,1,2,1
Q86SE8,14,0,14,6,8,6
Q8IUA0,9,0,9,8,1,8
Q8IXR5,47,1,46,31,17,30
Q8IYB0,17,0,17,6,11,6
Q8N1F8,113,19,94,69,59,54
Q8N339,7,2,5,5,4,3
Q8N801,22,0,22,15,7,15
Q8N819,25,0,25,15,10,15
Q8N966,18,0,18,15,3,15
Q8N9G6,33,2,31,15,20,13
Q8NCG5,30,0,30,21,9,21
Q8ND76,47,18,29,27,28,19
Q8NFZ4,40,2,38,25,17,23
Q8NGB2,17,0,17,15,2,15
Q8NH83,23,0,23,16,7,16
Q8WVN6,21,1,20,14,8,13
Q8WXA9,75,12,63,18,67,8
Q93062,14,2,12,7,9,5
Q96M63,61,4,57,36,23,38
Q96MM3,25,2,23,14,13,12
Q99569,223,81,142,122,146,77
Q99717,52,8,44,34,20,32
Q9BPU9,12,0,12,10,2,10
Q9BQC3,37,7,30,22,18,19
Q9BUQ8,58,11,47,23,44,14
Q9BV73,183,36,147,97,96,87
Q9BVM4,6,0,6,5,1,5
Q9BXN1,23,0,23,16,7,16
Q9C0E8,42,9,33,26,23,19
Q9H213,23,2,21,17,8,15
Q9H6F5,59,28,31,30,47,12
Q9H8V8,8,0,8,3,5,3
Q9HD23,34,1,33,23,12,22
Q9HD64,6,1,5,4,3,3
Q9N2J8,69,0,69,51,18,51
Q9NPH3,40,6,34,25,17,23
Q9NSA0,43,0,43,38,5,38
Q9NTQ9,14,0,14,13,1,13
Q9NYV6,54,10,44,38,22,32
Q9P0J1,36,0,36,27,9,27
Q9P0K8,81,16,65,51,36,45
Q9UF83,109,9,100,17,97,12
Q9UFV3,13,0,13,7,6,7
Q9UII5,52,2,50,44,8,44
Q9UK17,62,2,60,46,14,48
Q9UNH7,35,6,29,18,21,14
Q9Y263,80,5,75,53,30,50
Q9Y4A5,273,16,257,189,94,179
Q9Y4B6,137,24,113,81,68,69
Q9Y4G6,228,27,201,166,71,157
A0A1B0GUY1,51,0,51,43,8,43
A0A1B0GX56,15,0,15,10,5,10
A0A2R8YFR7,177,0,177,84,93,84
A6NN06,8,0,8,0,8,0
A8MU10,3,0,3,0,3,0
B2RBV5,5,0,5,0,5,0
C9J3I9,5,0,5,3,2,3
O15034,97,6,91,52,51,46
O15145,5,0,5,5,0,5
O15527,29,4,25,18,15,14
O43281,47,9,38,25,31,16
O43320,16,1,15,10,7,9
O43852,18,7,11,10,11,7
O60682,19,0,19,5,14,5
O75121,35,5,30,25,11,24
O75334,126,10,116,62,72,54
O76071,34,2,32,26,10,24
O95972,31,1,30,21,11,20
O96014,29,2,27,20,11,18
P05113,4,0,4,3,1,3
P05814,13,5,8,8,10,3
P09488,11,2,9,6,7,4
P0DW81,4,0,4,0,4,0
P10586,140,11,129,86,57,83
P20853,32,0,32,21,11,21
P23560,18,0,18,14,4,14
P32970,13,1,12,9,5,8
P35712,89,12,77,52,47,42
P40426,41,1,40,28,14,27
P46597,20,0,20,15,5,15
P50552,40,14,26,23,27,13
P51170,50,1,49,37,14,36
Q06136,28,3,25,18,9,19
Q06481,36,3,33,24,15,21
Q0D2I5,42,1,41,25,18,24
Q13243,65,20,45,21,58,7
Q14201,19,3,16,10,10,9
Q15751,516,38,478,345,195,321
Q16661,9,0,9,7,2,7
Q1T7F1,4,0,4,1,3,1
Q3SY00,49,0,49,14,35,14
Q52LW3,170,48,122,100,98,72
Q53HV7,9,0,9,7,2,7
Q5BKY9,69,24,45,26,61,8
Q5VTU8,4,1,3,2,3,1
Q5VU43,252,7,245,144,107,145
Q5VUJ5,78,1,77,53,26,52
Q66K14,140,34,106,92,64,76
Q6AWC8,13,0,13,7,6,7
Q6AZY7,42,0,42,23,19,23
Q6P9B6,40,0,40,31,9,31
Q6P9H5,19,0,19,8,11,8
Q6PUV4,3,1,2,2,2,1
Q6RSH7,7,0,7,2,5,2
Q6UWH4,43,0,43,28,15,28
Q6ZN92,7,0,7,4,3,4
Q6ZP68,9,0,9,5,4,5
Q6ZQN7,79,8,71,63,22,57
Q6ZR03,39,0,39,25,14,25
Q6ZS17,159,20,139,82,85,74
Q6ZVH6,9,0,9,4,5,4
Q70EK8,126,3,123,84,43,83
Q7M4L6,48,0,48,21,27,21
Q7Z5R6,44,5,39,31,16,28
Q86UY5,69,19,50,35,37,32
Q86Y13,86,5,81,54,37,49
Q8IWB9,193,52,141,107,98,95
Q8N402,16,0,16,8,8,8
Q8N5A5,52,8,44,30,24,28
Q8NCH0,15,0,15,7,8,7
Q8NH16,26,0,26,23,3,23
Q8TAW3,43,0,43,33,10,33
Q8WTW4,21,0,21,17,4,17
Q92953,89,2,87,50,41,48
Q96MT1,43,0,43,35,8,35
Q96Q15,341,29,312,235,107,234
Q99603,12,0,12,9,3,9
Q99946,15,0,15,7,8,7
Q9BSV6,31,5,26,18,16,15
Q9BWV2,22,0,22,8,14,8
Q9BX66,217,52,165,113,122,95
Q9BXP5,70,23,47,30,51,19
Q9C002,3,0,3,3,0,3
Q9C0D3,51,0,51,35,16,35
Q9H2K2,76,3,73,50,29,47
Q9H7T9,38,3,35,21,18,20
Q9H974,29,2,27,20,11,18
Q9HAA7,12,0,12,7,5,7
Q9HBK9,19,2,17,15,4,15
Q9HCP6,30,0,30,24,6,24
Q9NPG2,15,0,15,5,10,5
Q9NRP4,3,0,3,1,2,1
Q9NRY5,60,8,52,40,22,38
Q9NTJ3,96,19,77,56,45,51
Q9UF47,11,0,11,6,5,6
Q9UH62,30,8,22,17,15,15
Q9ULM3,198,41,157,133,80,118
Q9Y4D7,141,1,140,96,46,95
Q9Y5B6,87,15,72,49,49,38
A0A0A6YYK6,8,0,8,4,4,4
A0A0C4DH33,9,0,9,8,1,8
A0A0J9YX35,16,0,16,14,2,14
A0A0K2S4Q6,19,0,19,17,2,17
A0A0U1RRA0,2,0,2,2,0,2
A2RUU4,8,0,8,6,2,6
A6NC42,6,0,6,3,3,3
A6NJU9,102,0,102,61,41,61
A6NMK8,68,0,68,32,36,32
A8MU93,25,4,21,11,18,7
A8MUV8,34,0,34,29,5,29
B5MD39,15,0,15,12,3,12
B7ZC32,77,0,77,50,27,50
C0HM01,2,0,2,2,0,2
O00299,15,5,10,9,7,8
O14521,11,0,11,8,3,8
O14807,8,0,8,6,2,6
O60238,46,14,32,27,27,19
O60343,197,58,139,114,109,88
O60403,24,0,24,21,3,21
O60888,16,0,16,14,2,14
O75223,19,6,13,11,10,9
O75400,137,36,101,81,76,61
O95561,17,2,15,12,7,10
O95998,15,0,15,11,4,11
P00736,40,2,38,31,9,31
P06401,120,25,95,79,52,68
P11388,148,45,103,90,73,75
P15538,30,0,30,16,14,16
P15907,37,1,36,26,12,25
P16284,81,11,70,56,24,57
P20264,36,0,36,27,9,27
P23396,17,8,9,9,10,7
P43026,28,1,27,14,15,13
P48741,22,1,21,12,11,11
P51159,19,5,14,12,12,7
P56556,4,1,3,3,0,4
P61769,15,4,11,10,7,8
P62753,14,5,9,6,13,1
P82970,11,3,8,5,9,2
Q02086,60,12,48,37,27,33
Q03395,15,0,15,9,6,9
Q13107,101,13,88,66,44,57
Q14140,39,0,39,32,7,32
Q14627,24,0,24,21,3,21
Q16655,7,2,5,3,6,1
Q17RP2,30,0,30,17,13,17
Q2VPA4,52,0,52,43,9,43
Q2VPB7,43,1,42,28,16,27
Q53FA7,15,2,13,11,6,9
Q5VU65,137,0,137,103,34,103
Q5XG92,29,0,29,18,11,18
Q5XKR4,30,0,30,25,5,25
Q6ICG8,20,0,20,12,8,12
Q6P4A7,31,1,30,22,10,21
Q6P589,11,0,11,5,6,5
Q6PID8,23,2,21,15,10,13
Q6PII3,28,0,28,13,15,13
Q6XD76,9,0,9,4,5,4
Q6ZNB6,65,15,50,43,33,32
Q6ZUU3,13,0,13,4,9,4
Q7L7L0,4,0,4,0,4,0
Q7Z4K8,52,3,49,28,27,25
Q7Z4P5,33,0,33,15,18,15
Q86VQ0,67,0,67,31,36,31
Q8IUB5,6,0,6,5,1,5
Q8IXJ6,47,14,33,28,21,26
Q8IYX3,85,2,83,49,38,47
Q8N957,119,0,119,63,56,63
Q8NFU7,228,9,219,160,77,151
Q8NGQ4,21,0,21,15,6,15
Q8NH92,25,0,25,23,2,23
Q8TB33,8,0,8,4,4,4
Q8WVI0,1,0,1,0,1,0
Q8WW22,22,5,17,12,13,9
Q96PF1,55,1,54,39,15,40
Q96RD1,28,0,28,24,4,24
Q96RK4,29,0,29,18,11,18
Q99962,23,4,19,13,12,11
Q9BQG0,136,38,98,76,76,60
Q9BSW7,60,6,54,39,23,37
Q9BVA0,75,14,61,51,36,39
Q9BW72,6,0,6,2,4,2
Q9BXW3,2,0,2,2,0,2
Q9BYL1,15,1,14,6,10,5
Q9BZP3,6,0,6,4,2,4
Q9H0R5,40,2,38,29,13,27
Q9H6D3,24,0,24,23,1,23
Q9H6P5,37,0,37,25,12,25
Q9H9L4,48,8,40,33,19,29
Q9NQC1,68,9,59,42,29,39
Q9NS40,129,9,120,65,71,58
Q9NV96,20,0,20,12,8,12
Q9NZM4,151,9,142,95,61,90
Q9UNN4,56,4,52,43,13,43
Q9UNP9,18,3,15,12,9,9
Q9Y221,8,0,8,6,2,6
Q9Y342,16,4,12,12,6,10
Q9Y4J8,87,15,72,55,43,44
A0A0A0MS00,12,0,12,9,3,9
A0A0A6YYG3,7,0,7,6,1,6
A0A0C4DH32,11,0,11,9,2,9
A0A0C4DH42,14,0,14,13,1,13
A0A0K0K1A5,8,0,8,7,1,7
A0A1B0GUT2,8,0,8,3,5,3
A0PJW8,2,0,2,1,1,1
A2A288,37,2,35,17,22,15
A8MTQ0,21,0,21,12,9,12
O60502,78,10,68,52,22,56
O60880,16,5,11,6,9,7
O75072,24,0,24,15,9,15
O75200,27,0,27,16,11,16
O75293,7,0,7,7,0,7
O75319,23,1,22,10,14,9
O95256,58,2,56,40,20,38
O95257,7,0,7,6,1,6
P00156,29,0,29,23,6,23
P01817,11,0,11,8,3,8
P02792,5,0,5,5,0,5
P07320,15,0,15,11,4,11
P0C604,19,0,19,14,5,14
P0CW24,18,0,18,5,13,5
P0DMU7,16,0,16,9,7,9
P0DV79,24,0,24,10,14,10
P10323,27,0,27,21,6,21
P18507,37,2,35,26,13,24
P19878,32,6,26,21,15,17
P20809,12,0,12,8,4,8
P35251,177,47,130,89,109,68
P41595,37,1,36,22,16,21
P49675,20,2,18,10,12,8
P51397,10,5,5,5,8,2
P51878,27,0,27,19,8,19
P53367,37,13,24,23,19,18
P55327,40,17,23,21,24,16
Q06278,89,8,81,67,24,65
Q0VDI3,18,0,18,16,2,16
Q13586,91,27,64,53,55,36
Q13685,30,2,28,24,6,24
Q13889,21,0,21,20,1,20
Q14532,35,0,35,27,8,27
Q14767,136,6,130,97,45,91
Q15438,11,1,10,6,6,5
Q15475,27,3,24,15,15,12
Q16222,26,1,25,22,5,21
Q16650,83,13,70,51,39,44
Q17RM4,52,0,52,40,12,40
Q3KQV9,16,0,16,6,10,6
Q494U1,85,13,72,49,41,44
Q4ZJI4,36,1,35,32,5,31
Q53S08,21,0,21,12,9,12
Q5HYK3,21,0,21,14,7,14
Q5K131,11,0,11,11,0,11
Q5VIR6,52,2,50,39,15,37
Q6FIF0,39,7,32,28,12,27
Q6HA08,56,2,54,31,25,31
Q6IEE7,103,2,101,62,43,60
Q6IFG1,19,2,17,17,2,17
Q6P1S2,23,1,22,12,12,11
Q6PRD7,19,0,19,11,8,11
Q6U736,29,1,28,19,9,20
Q6UY27,7,0,7,7,0,7
Q6ZMJ2,29,0,29,17,12,17
Q71H61,74,0,74,33,41,33
Q7L775,33,2,31,21,14,19
Q8IX90,67,27,40,40,28,39
Q8IZT9,4,0,4,2,2,2
Q8NC42,24,0,24,15,9,15
Q8TAA1,24,2,22,18,6,18
Q8TB45,63,24,39,33,44,19
Q8TBZ6,30,8,22,18,16,14
Q8WVB6,83,14,69,43,50,33
Q92830,53,0,53,35,18,35
Q969U7,30,0,30,20,10,20
Q96AB6,21,1,20,12,10,11
Q96GR4,15,0,15,13,2,13
Q96KF2,7,0,7,6,1,6
Q96MX3,53,8,45,30,31,22
Q96P31,81,0,81,55,26,55
Q99878,2,0,2,0,2,0
Q99928,40,0,40,32,8,32
Q9BPW5,20,2,18,15,7,13
Q9BVC4,26,1,25,23,2,24
Q9BVW6,8,0,8,4,4,4
Q9BX69,114,9,105,71,48,66
Q9BYR0,28,0,28,28,0,28
Q9H1I8,59,10,49,37,28,31
Q9H4L4,61,19,42,37,35,26
Q9H6T0,47,1,46,29,19,28
Q9H8M9,16,1,15,7,10,6
Q9HAT0,13,2,11,10,3,10
Q9P0U3,100,20,80,63,47,53
Q9UHN6,117,6,111,78,41,76
Q9ULL8,207,26,181,126,99,108
Q9UNM6,21,3,18,15,5,16
Q9UPR5,53,2,51,41,12,41
Q9Y286,53,5,48,40,18,35
Q9Y2T6,26,0,26,22,4,22
A0A286YF01,5,0,5,5,0,5
A1X283,99,28,71,57,64,35
A4D0V7,68,2,66,51,19,49
A5PL33,129,16,113,67,74,55
A6NCI5,6,0,6,5,1,5
A8MPY1,49,0,49,35,14,35
O14994,87,15,72,47,47,40
O15118,101,2,99,85,16,85
O75340,18,7,11,9,10,8
O75489,14,1,13,4,11,3
O94804,87,24,63,49,48,39
O95389,24,0,24,19,5,19
O95793,51,6,45,36,19,32
O95925,3,0,3,3,0,3
P06753,20,10,10,11,15,5
P0DKX0,46,0,46,39,7,39
P10606,8,1,7,5,2,6
P11021,43,16,27,23,22,21
P12838,7,0,7,6,1,6
P13611,366,11,355,272,97,269
P17022,49,2,47,35,16,33
P20827,15,2,13,12,5,10
P28845,25,2,23,20,7,18
P30038,45,5,40,30,16,29
P33947,13,0,13,12,1,12
P42679,32,2,30,18,16,16
P51679,26,0,26,25,1,25
P53350,56,17,39,34,25,31
P78426,57,1,56,36,22,35
Q01094,49,8,41,32,25,24
Q03393,10,3,7,4,7,3
Q12968,190,38,152,118,94,96
Q13342,87,15,72,50,46,41
Q13753,97,4,93,56,43,54
Q13790,25,0,25,19,6,19
Q14641,14,2,12,8,8,6
Q14722,43,5,38,19,29,14
Q15388,6,2,4,3,5,1
Q15596,191,32,159,121,80,111
Q16082,10,1,9,5,4,6
Q3LI72,4,0,4,4,0,4
Q496F6,18,0,18,9,9,9
Q4VNC0,85,0,85,60,25,60
Q5T9A4,36,4,32,20,20,16
Q5TBK1,14,2,12,6,10,4
Q6IN97,30,0,30,14,16,14
Q6KF10,37,0,37,21,16,21
Q6PIS1,63,0,63,45,18,45
Q6UVM3,99,1,98,59,41,58
Q6XUX3,66,4,62,43,25,41
Q6ZU35,131,28,103,56,93,38
Q7L5N1,19,0,19,15,4,15
Q7L985,46,0,46,37,9,37
Q86SQ7,55,7,48,28,30,25
Q86V87,50,1,49,36,15,35
Q86Y34,40,0,40,31,9,31
Q8IUQ0,18,0,18,10,8,10
Q8IV50,30,9,21,15,24,6
Q8IVL8,33,0,33,22,11,22
Q8IWD5,52,0,52,34,18,34
Q8IWT1,14,0,14,8,6,8
Q8IXI2,38,1,37,23,14,24
Q8N6K0,13,0,13,6,7,6
Q8NB15,16,3,13,9,10,6
Q8NCR6,20,2,18,12,8,12
Q8NGQ3,27,0,27,27,0,27
Q8TA94,47,3,44,34,12,35
Q8TBZ8,42,2,40,36,8,34
Q8TC26,38,7,31,26,17,21
Q8WV16,47,1,46,31,15,32
Q96BM1,18,2,16,6,14,4
Q96CD2,9,1,8,6,4,5
Q96IY1,16,2,14,11,5,11
Q96JQ2,161,31,130,99,77,84
Q96KN7,103,2,101,62,41,62
Q96KS9,14,1,13,5,10,4
Q96LJ8,36,5,31,23,18,18
Q96MS3,14,0,14,12,2,12
Q99583,30,3,27,18,13,17
Q99797,49,2,47,30,19,30
Q99967,24,0,24,16,8,16
Q9BSE4,42,2,40,34,8,34
Q9BZI1,54,10,44,27,31,23
Q9C0J9,31,3,28,19,13,18
Q9H0D2,145,0,145,87,58,87
Q9H478,6,0,6,3,3,3
Q9H7N4,243,66,177,112,159,84
Q9H8M7,44,3,41,31,16,28
Q9H900,58,8,50,41,17,41
Q9NPE6,44,0,44,33,11,33
Q9NR97,91,1,90,63,27,64
Q9NRX2,6,1,5,2,5,1
Q9NU22,463,36,427,318,151,312
Q9NVP1,54,9,45,32,27,27
Q9UK97,33,2,31,24,9,24
Q9UL01,64,2,62,44,20,44
Q9UM54,89,13,76,53,49,40
Q9Y4F4,206,11,195,124,87,119
Q9Y4R7,42,3,39,27,16,26
Q9Y625,36,0,36,25,11,25
A0A0C4DH39,13,0,13,11,2,11
A0AVI2,115,3,112,87,29,86
A5PLK6,88,1,87,51,38,50
A6NL99,22,0,22,15,7,15
A6NNE9,30,0,30,15,15,15
E7EW31,120,20,100,47,93,27
O00167,56,1,55,44,13,43
O14543,27,0,27,15,12,15
O14618,12,0,12,10,2,10
O15263,1,0,1,1,0,1
O75923,122,4,118,77,41,81
O95573,49,3,46,38,14,35
O95670,8,3,5,3,8,0
P01615,18,0,18,11,7,11
P01906,22,0,22,18,4,18
P03928,1,0,1,0,1,0
P07093,35,1,34,28,8,27
P07602,31,1,30,25,5,26
P10176,3,0,3,1,2,1
P10588,33,6,27,21,14,19
P13725,17,0,17,9,8,9
P14653,32,0,32,23,9,23
P15086,25,0,25,18,7,18
P15313,29,4,25,18,11,18
P16104,7,2,5,2,3,4
P17026,32,5,27,23,14,18
P20333,59,2,57,45,12,47
P28066,24,6,18,17,11,13
P30626,12,3,9,6,7,5
P33897,51,6,45,32,19,32
P38117,9,3,6,6,2,7
P53778,13,1,12,6,8,5
P56211,6,3,3,3,6,0
P63145,39,0,39,19,20,19
P83876,4,1,3,1,4,0
P98171,97,18,79,51,60,37
Q04656,159,28,131,107,64,95
Q05925,26,0,26,13,13,13
Q07065,83,18,65,42,51,32
Q0VD86,20,3,17,12,11,9
Q12972,25,7,18,17,7,18
Q13070,3,0,3,1,2,1
Q13316,109,0,109,39,70,39
Q15459,51,11,40,31,27,24
Q16342,18,0,18,10,8,10
Q16348,56,2,54,46,10,46
Q3SXR2,22,0,22,15,7,15
Q5HYK7,83,15,68,46,44,39
Q5JS13,79,6,73,52,29,50
Q5T742,10,0,10,5,5,5
Q5TEA3,132,3,129,99,30,102
Q6P4I2,35,0,35,25,10,25
Q6T310,21,0,21,16,5,16
Q6ZSC3,32,2,30,19,15,17
Q86Y97,20,0,20,7,13,7
Q8N136,32,0,32,27,5,27
Q8N357,29,1,28,23,7,22
Q8N7C0,20,0,20,16,4,16
Q8N7C3,30,0,30,17,13,17
Q8NCR0,33,0,33,22,11,22
Q8NGB4,19,0,19,15,4,15
Q8NGZ5,21,0,21,19,2,19
Q8NI35,170,15,155,100,81,89
Q8WV19,8,0,8,8,0,8
Q969W3,31,2,29,16,15,16
Q96E93,26,1,25,20,7,19
Q96KN9,34,2,32,19,17,17
Q96N95,31,0,31,24,7,24
Q96NZ8,33,0,33,18,15,18
Q96PE1,132,17,115,93,46,86
Q96PG1,8,0,8,8,0,8
Q96QF7,98,6,92,69,29,69
Q96RU8,33,0,33,16,17,16
Q96S99,30,9,21,16,23,7
Q99653,15,2,13,7,10,5
Q99943,16,1,15,8,9,7
Q99961,34,8,26,19,17,17
Q9BSB4,13,1,12,7,7,6
Q9BSL1,21,4,17,13,10,11
Q9BWF2,39,4,35,17,24,15
Q9BXB4,96,22,74,69,23,73
Q9BZK3,17,2,15,5,14,3
Q9H310,28,0,28,24,4,24
Q9HAC8,13,2,11,6,9,4
Q9HB55,25,0,25,17,8,17
Q9NQC3,175,38,137,115,60,115
Q9NSD5,31,0,31,27,4,27
Q9NX00,13,0,13,6,7,6
Q9NY99,46,0,46,30,16,30
Q9P0L2,115,32,83,59,72,43
Q9P2B4,98,25,73,57,52,46
Q9UBE8,36,0,36,29,7,29
Q9UFB7,46,0,46,24,22,24
Q9UG01,84,1,83,59,24,60
Q9UJA3,71,5,66,43,31,40
Q9UPU7,84,17,67,48,47,37
Q9Y2K2,137,21,116,80,66,71
Q9Y2Y0,14,3,11,9,6,8
Q9Y3P8,26,9,17,15,14,12
Q9Y5G8,82,0,82,66,16,66
A0A0B4J1Z2,16,0,16,11,5,11
A0A1B0GTZ2,16,0,16,8,8,8
A1L188,6,2,4,4,4,2
A8MRT5,108,2,106,70,40,68
A8MWD9,3,0,3,1,2,1
O00142,17,1,16,9,7,10
O00206,80,2,78,72,8,72
O14683,18,6,12,12,4,14
O15514,9,0,9,4,5,4
O43592,62,0,62,47,15,47
O60906,22,0,22,15,7,15
O95747,57,17,40,35,27,30
P04406,35,15,20,20,10,25
P05108,24,0,24,13,11,13
P07099,35,6,29,26,11,24
P07766,12,1,11,10,3,9
P08243,31,3,28,17,13,18
P09228,4,0,4,3,1,3
P0C5Y4,15,0,15,14,1,14
P0C7V6,68,0,68,39,29,39
P0DPK4,12,0,12,12,0,12
P12429,31,8,23,16,17,14
P19957,3,0,3,2,1,2
P23528,16,7,9,9,10,6
P27695,25,5,20,18,6,19
P29317,90,19,71,51,42,48
P36954,6,2,4,4,0,6
P38919,20,2,18,12,10,10
P39059,100,2,98,76,26,74
P42285,64,6,58,38,30,34
P46095,24,0,24,21,3,21
P46734,27,5,22,15,13,14
P52799,35,5,30,21,15,20
P53990,29,5,24,22,6,23
P56704,31,1,30,24,8,23
P62937,15,7,8,7,13,2
Q03001,670,53,617,442,269,401
Q07889,136,27,109,74,85,51
Q13103,34,5,29,24,11,23
Q13323,11,1,10,7,5,6
Q13485,48,4,44,40,8,40
Q13519,17,0,17,7,10,7
Q14CS0,43,11,32,21,31,12
Q15077,10,0,10,8,2,8
Q1XH10,95,3,92,60,36,59
Q2I0M5,10,0,10,8,2,8
Q4VXF1,15,0,15,7,8,7
Q53S58,21,0,21,14,7,14
Q5H9I0,41,0,41,29,12,29
Q5SSJ5,79,26,53,36,61,18
Q5TCY1,143,17,126,59,97,46
Q6UXG2,94,2,92,80,16,78
Q6UXZ3,14,0,14,9,5,9
Q6ZTA4,58,0,58,44,14,44
Q6ZV65,16,0,16,10,6,10
Q6ZW31,59,12,47,23,48,11
Q7L5L3,26,3,23,19,10,16
Q7Z695,41,0,41,34,7,34
Q8IV38,22,3,19,14,9,13
Q8IXL9,3,0,3,1,2,1
Q8IYT1,68,3,65,36,33,35
Q8N1F7,88,26,62,48,46,42
Q8N8B7,31,1,30,21,11,20
Q8NDC0,22,1,21,20,3,19
Q8NDG6,107,3,104,70,38,69
Q8TBE0,83,15,68,42,52,31
Q8TBF8,28,1,27,13,16,12
Q8TED0,43,3,40,25,15,28
Q8TEF2,10,0,10,3,7,3
Q92561,25,1,24,18,8,17
Q969P6,28,1,27,15,12,16
Q96ED9,52,9,43,27,22,30
Q96FX2,4,0,4,4,0,4
Q96JY0,45,3,42,32,16,29
Q96MM7,50,3,47,21,28,22
Q96PV7,125,7,118,80,50,75
Q99590,281,86,195,158,155,126
Q99935,29,0,29,22,7,22
Q9BRA0,18,6,12,8,12,6
Q9BVG3,31,2,29,19,14,17
Q9BXF6,143,52,91,77,94,49
Q9H082,17,0,17,15,2,15
Q9H1M0,10,0,10,9,1,9
Q9H553,29,3,26,19,13,16
Q9H6B1,37,4,33,21,16,21
Q9NP98,33,5,28,18,18,15
Q9NS67,7,0,7,4,3,4
Q9NUD5,17,1,16,9,9,8
Q9NWX5,26,0,26,20,6,20
Q9NY25,17,0,17,13,4,13
Q9NYG2,14,0,14,10,4,10
Q9NYM9,13,4,9,7,8,5
Q9UM11,73,19,54,44,40,33
Q9UMS0,10,0,10,6,4,6
Q9UPS6,217,19,198,121,107,110
Q9Y467,129,15,114,87,45,84
Q9Y5N1,40,0,40,23,17,23
Q9Y5P4,71,17,54,42,38,33
Q9Y5X2,39,6,33,24,15,24
A0A0A0MS15,11,0,11,7,4,7
A0A8V8TLD8,85,0,85,39,46,39
A5A3E0,82,2,80,53,29,53
A8MVA2,19,0,19,19,0,19
A8MXD5,24,1,23,16,9,15
A8MXE2,25,0,25,21,4,21
O14733,38,12,26,21,23,15
O14925,6,0,6,5,1,5
O43772,14,2,12,10,6,8
O60336,212,22,190,133,95,117
O75197,108,1,107,74,35,73
O75900,20,2,18,12,10,10
O95235,124,42,82,71,49,75
P00505,31,8,23,19,10,21
P01601,18,0,18,12,6,12
P04626,97,24,73,60,47,50
P07998,15,0,15,9,6,9
P0C7I6,25,0,25,20,5,20
P0CG43,26,0,26,10,16,10
P0DOY2,14,0,14,8,6,8
P11171,104,37,67,57,68,36
P13591,70,4,66,44,28,42
P16662,36,0,36,27,9,27
P19474,30,2,28,18,14,16
P20020,92,21,71,58,35,57
P22607,64,6,58,45,23,41
P27816,190,79,111,103,100,90
P29401,55,14,41,35,14,41
P33260,32,1,31,21,12,20
P39060,128,9,119,85,46,82
P40933,16,1,15,13,2,14
P41743,55,15,40,30,22,33
P43354,71,13,58,48,32,39
P43363,52,1,51,42,11,41
P51161,8,0,8,8,0,8
P51993,31,1,30,17,15,16
P52741,40,0,40,31,9,31
P55061,14,0,14,13,1,13
P55291,50,0,50,30,20,30
P60371,75,0,75,74,1,74
Q08188,66,5,61,47,16,50
Q13409,68,13,55,41,24,44
Q13829,28,5,23,18,13,15
Q14114,70,0,70,53,17,53
Q14154,61,1,60,37,25,36
Q14318,24,4,20,15,9,15
Q14331,19,3,16,11,11,8
Q16540,6,0,6,0,6,0
Q16589,32,2,30,22,8,24
Q5BIV9,8,0,8,4,4,4
Q5H9B9,42,5,37,18,29,13
Q5VUJ9,18,0,18,5,13,5
Q6DN90,141,29,112,69,91,50
Q6Q0C1,18,0,18,13,5,13
Q6UWK7,5,0,5,3,2,3
Q6ZW13,20,0,20,10,10,10
Q7RTZ1,56,1,55,42,15,41
Q7Z5D8,12,0,12,5,7,5
Q86VV4,50,1,49,31,18,32
Q86WJ1,72,8,64,45,33,39
Q8IV61,58,3,55,37,22,36
Q8IVB4,39,3,36,32,10,29
Q8IWA4,50,1,49,31,18,32
Q8IYA2,96,0,96,55,41,55
Q8N448,58,1,57,39,20,38
Q8N6G2,30,1,29,18,13,17
Q8TAX7,47,0,47,42,5,42
Q8TC84,23,1,22,12,12,11
Q8WV44,43,8,35,21,24,19
Q969F8,26,0,26,17,9,17
Q96BJ8,49,1,48,27,23,26
Q96BQ5,15,1,14,5,9,6
Q96BR6,43,2,41,28,17,26
Q96C34,49,6,43,30,25,24
Q96EF9,28,1,27,25,4,24
Q96JP0,40,0,40,28,12,28
Q96R69,23,0,23,22,1,22
Q96RB7,24,0,24,21,3,21
Q96RR4,65,15,50,31,43,22
Q96SK3,54,1,53,39,14,40
Q9BV10,26,2,24,20,4,22
Q9BYX4,65,7,58,49,23,42
Q9H0A3,18,0,18,13,5,13
Q9H2X6,151,14,137,116,43,108
Q9H3Y8,21,7,14,14,12,9
Q9H9H4,17,2,15,9,10,7
Q9HA38,28,3,25,18,13,15
Q9HAK2,64,0,64,46,18,46
Q9HB71,19,6,13,10,9,10
Q9NR96,89,3,86,63,25,64
Q9NV31,10,2,8,5,3,7
Q9NWQ8,74,24,50,45,37,37
Q9NZ71,103,8,95,56,55,48
Q9P2H3,54,0,54,43,11,43
Q9UKT5,39,4,35,26,13,26
Q9Y265,29,6,23,16,11,18
Q9Y2G4,61,8,53,34,35,26
Q9Y3Q3,13,0,13,9,4,9
Q9Y694,40,0,40,29,11,29
A0A075B6T8,8,0,8,8,0,8
A0A087WSY4,20,0,20,18,2,18
A0A1W2PPD8,39,0,39,31,8,31
A0A286YFK9,1,0,1,1,0,1
A4D1F6,77,0,77,62,15,62
A6NH11,16,0,16,8,8,8
A6NI86,27,0,27,17,10,17
A8MQB3,24,0,24,16,8,16
A8MTT3,5,0,5,5,0,5
E9PJ23,28,0,28,14,14,14
H3BQW9,8,0,8,2,6,2
O14514,132,7,125,98,39,93
O14598,13,1,12,6,8,5
O14830,71,5,66,32,44,27
O15232,38,2,36,29,11,27
O43294,74,27,47,43,28,46
O60303,159,26,133,73,112,47
O60443,36,2,34,20,18,18
O75354,34,1,33,20,13,21
O75459,12,2,10,4,10,2
O75563,32,8,24,18,18,14
O95486,112,1,111,86,25,87
P08100,18,2,16,15,1,17
P0C7U1,9,0,9,7,2,7
P0C7X4,8,0,8,5,3,5
P0CG38,86,5,81,58,31,55
P0DKX4,4,0,4,2,2,2
P11086,15,0,15,10,5,10
P11844,11,0,11,9,2,9
P16260,14,1,13,9,4,10
P24593,20,4,16,9,13,7
P33076,99,7,92,67,39,60
P33764,2,0,2,2,0,2
P49895,12,0,12,9,3,9
P52655,20,5,15,14,9,11
P56537,25,8,17,14,5,20
P86790,35,7,28,24,16,19
P98160,427,18,409,279,162,265
P98169,79,4,75,62,17,62
Q02325,7,0,7,4,3,4
Q07837,50,1,49,38,13,37
Q12996,35,4,31,19,14,21
Q13310,58,17,41,30,37,21
Q15906,30,8,22,14,18,12
Q16572,35,2,33,26,11,24
Q16611,8,0,8,5,3,5
Q3LXA3,49,9,40,28,24,25
Q3ZAQ7,6,0,6,4,2,4
Q5T7P3,22,0,22,20,2,20
Q5TA77,14,0,14,9,5,9
Q5TEZ5,8,2,6,4,6,2
Q5TGY1,42,0,42,32,10,32
Q5VTT2,18,0,18,13,5,13
Q6P087,23,1,22,16,8,15
Q6PEW1,30,0,30,16,14,16
Q6UX68,68,0,68,52,16,52
Q6ZNQ3,16,0,16,12,4,12
Q7L0X2,71,0,71,48,23,48
Q86VR8,21,0,21,11,10,11
Q86W26,53,2,51,32,21,32
Q86YW0,39,0,39,25,14,25
Q8IWA5,32,0,32,22,10,22
Q8IWY9,113,10,103,64,55,58
Q8IYB9,52,0,52,38,14,38
Q8N0Y3,15,0,15,13,2,13
Q8N1S5,26,2,24,20,8,18
Q8NGN1,26,0,26,22,4,22
Q8TBZ3,76,19,57,46,33,43
Q8WWA0,26,1,25,13,14,12
Q8WXG1,20,0,20,11,9,11
Q92485,24,0,24,23,1,23
Q92598,61,15,46,36,26,35
Q92664,26,3,23,17,10,16
Q92914,14,0,14,10,4,10
Q96CB8,82,11,71,60,27,55
Q96EP0,82,16,66,48,36,46
Q96EP1,70,10,60,44,34,36
Q96GW9,45,1,44,28,18,27
Q96IS3,7,0,7,4,3,4
Q96S37,34,0,34,30,4,30
Q96T66,12,0,12,7,5,7
Q9BXW6,84,14,70,53,39,45
Q9BY84,107,11,96,67,47,60
Q9H000,40,3,37,24,19,21
Q9H1R3,41,4,37,23,20,21
Q9H209,31,0,31,23,8,23
Q9H3N1,27,6,21,19,12,15
Q9H9F9,44,4,40,29,19,25
Q9HAU4,39,2,37,20,21,18
Q9HDC9,33,3,30,18,16,17
Q9NTJ5,40,1,39,28,13,27
Q9NWM8,9,0,9,6,3,6
Q9NZZ3,15,4,11,10,5,10
Q9P2F5,123,0,123,61,62,61
Q9UBL3,54,10,44,34,26,28
Q9UEE9,43,14,29,18,35,8
Q9UHD9,67,4,63,53,16,51
Q9UPS8,163,26,137,88,93,70
Q9Y3X0,55,16,39,26,41,14
A0A075B6R2,19,0,19,18,1,18
A0A0G2JMM0,33,0,33,25,8,25
A0A286YEY9,6,0,6,6,0,6
A0A7I2V3R4,21,0,21,10,11,10
F8WCM5,18,0,18,12,6,12
O14633,12,0,12,10,2,10
O15457,95,2,93,69,26,69
O60548,39,3,36,23,17,22
O75122,245,79,166,133,157,88
O75716,15,1,14,10,4,11
O75829,25,1,24,18,8,17
O95562,13,0,13,13,0,13
P00451,222,4,218,145,77,145
P01568,17,0,17,11,6,11
P05015,15,0,15,11,4,11
P06703,4,1,3,2,3,1
P0C2S0,7,0,7,6,1,6
P11049,18,0,18,15,3,15
P14679,49,0,49,38,11,38
P18085,5,2,3,3,0,5
P20618,23,7,16,14,14,9
P21918,37,0,37,31,6,31
P23025,11,2,9,3,8,3
P24046,48,7,41,30,25,23
P25025,25,1,24,17,9,16
P31995,25,0,25,15,10,15
P34982,24,0,24,20,4,20
P37840,6,3,3,3,4,2
P51116,96,35,61,50,63,33
P52657,5,1,4,2,4,1
P52948,239,56,183,165,100,139
P55283,61,1,60,44,16,45
P60412,58,0,58,57,1,57
P62140,18,4,14,10,12,6
P98155,69,1,68,56,14,55
Q05D32,58,20,38,30,46,12
Q13895,22,5,17,14,9,13
Q14019,10,3,7,7,0,10
Q14197,16,1,15,9,8,8
Q16658,44,8,36,28,14,30
Q16676,35,0,35,21,14,21
Q1L6U9,7,0,7,7,0,7
Q5FVE4,40,1,39,30,9,31
Q5QP82,80,14,66,49,39,41
Q68CZ2,248,79,169,142,131,117
Q6IA17,47,7,40,33,19,28
Q71RG4,29,0,29,20,9,20
Q7Z7D3,27,0,27,22,5,22
Q86SG3,37,0,37,18,19,18
Q86TG1,25,0,25,24,1,24
Q86YG4,28,0,28,24,4,24
Q8IWE5,116,12,104,77,49,67
Q8IWU2,206,34,172,131,89,117
Q8IWW6,114,28,86,69,57,57
Q8IY67,51,10,41,30,27,24
Q8IYI0,27,0,27,22,5,22
Q8NDQ6,47,3,44,30,18,29
Q8NFD2,50,1,49,40,9,41
Q8NFH8,94,25,69,51,64,30
Q8NGC7,24,0,24,23,1,23
Q8NH01,23,0,23,21,2,21
Q8NHA4,28,0,28,26,2,26
Q8TBY8,62,2,60,32,28,34
Q8WV07,7,0,7,3,4,3
Q8WXF7,39,3,36,29,13,26
Q92482,12,0,12,10,2,10
Q92673,202,11,191,145,54,148
Q92794,250,29,221,156,119,131
Q92796,67,9,58,41,35,32
Q96HA8,16,1,15,11,6,10
Q96KG7,88,3,85,65,22,66
Q99853,34,0,34,21,13,21
Q9BQA1,47,5,42,41,9,38
Q9BS26,23,0,23,19,4,19
Q9BTX1,90,18,72,58,34,56
Q9H3M9,32,1,31,22,11,21
Q9H410,69,24,45,37,46,23
Q9H492,7,1,6,5,3,4
Q9H6Y7,20,3,17,12,9,11
Q9H963,7,0,7,6,1,6
Q9H9A5,63,3,60,43,23,40
Q9NPI1,57,12,45,35,28,29
Q9NQL2,30,3,27,22,9,21
Q9NUB1,43,3,40,27,17,26
Q9NVC6,71,8,63,46,25,46
Q9NY97,24,0,24,16,8,16
Q9NYB0,43,13,30,23,29,14
Q9NZR1,12,1,11,9,4,8
Q9UBX1,39,1,38,25,13,26
Q9UD57,24,0,24,10,14,10
Q9UHB7,292,74,218,151,173,119
Q9UJJ7,19,1,18,12,8,11
Q9UJW3,33,0,33,24,9,24
Q9UKN1,1239,0,1239,932,307,932
Q9UKY1,94,14,80,65,35,59
Q9UKY3,19,0,19,12,7,12
Q9ULS6,39,1,38,27,13,26
Q9UMX5,5,1,4,1,5,0
Q9Y3S1,214,21,193,133,92,122
Q9Y5H4,80,1,79,53,28,52
A0A1B0GVZ6,13,0,13,8,5,8
A0A1B0GWB2,14,0,14,8,6,8
A0A455ZAR2,9,0,9,6,3,6
A0A494C0Z2,17,0,17,7,10,7
A0PJK1,44,3,41,37,6,38
A0PJW6,7,0,7,6,1,6
A2RTX5,48,2,46,28,20,28
A2RU30,59,8,51,38,27,32
A2RU67,64,7,57,42,23,41
A6NHG4,12,1,11,9,4,8
A6NJG2,26,0,26,12,14,12
A7E2Y1,92,0,92,44,48,44
B1AL88,42,0,42,24,18,24
O00255,44,5,39,25,18,26
O00560,30,9,21,18,11,19
O14495,27,2,25,16,13,14
O14607,139,10,129,98,51,88
O60320,61,0,61,44,17,44
O60518,64,4,60,52,8,56
O60749,56,11,45,30,33,23
O95365,46,11,35,32,17,29
P01042,54,5,49,33,24,30
P02042,11,5,6,6,4,7
P04141,11,0,11,7,4,7
P06870,17,0,17,16,1,16
P08912,39,0,39,23,16,23
P0C7V4,42,1,41,21,22,20
P0DP03,12,0,12,10,2,10
P11831,80,18,62,53,33,47
P28288,42,5,37,28,11,31
P31271,27,0,27,20,7,20
P45983,34,3,31,25,10,24
P60983,9,3,6,4,8,1
P62847,3,1,2,1,3,0
P62979,11,4,7,5,10,1
Q01844,59,4,55,44,11,48
Q04828,24,8,16,12,12,12
Q08257,24,3,21,19,6,18
Q12768,69,1,68,46,24,45
Q13219,131,2,129,103,28,103
Q13444,68,4,64,51,19,49
Q14849,41,5,36,28,16,25
Q32M84,29,0,29,20,9,20
Q4LDR2,6,0,6,5,1,5
Q53H47,36,0,36,24,12,24
Q53TS8,194,3,191,116,79,115
Q5J8X5,10,0,10,9,1,9
Q5T5A4,11,0,11,6,5,6
Q5T5N4,23,0,23,11,12,11
Q5W0Z9,39,5,34,27,13,26
Q63HK5,169,23,146,111,73,96
Q69YN2,41,3,38,25,15,26
Q6PEY0,12,0,12,11,1,11
Q6PJ61,52,13,39,26,33,19
Q6ZSU1,7,0,7,5,2,5
Q76KD6,69,0,69,44,25,44
Q7L4S7,23,1,22,20,4,19
Q86YJ7,46,0,46,25,21,25
Q8IUK5,47,1,46,32,14,33
Q8IUR5,57,1,56,36,22,35
Q8IVF2,723,181,542,403,453,270
Q8IVV2,107,1,106,64,42,65
Q8N0Z6,40,1,39,27,12,28
Q8N9I9,12,1,11,7,6,6
Q8NCN4,106,34,72,52,72,34
Q8NEC5,73,0,73,46,27,46
Q8NI08,118,29,89,68,67,51
Q8TEV8,19,0,19,13,6,13
Q8WXB1,8,0,8,5,3,5
Q92781,18,0,18,12,6,12
Q92837,23,4,19,8,17,6
Q96A22,12,4,8,6,6,6
Q96CJ1,44,5,39,27,22,22
Q96DN0,16,0,16,14,2,14
Q96GD0,14,0,14,9,5,9
Q96HA9,20,2,18,16,6,14
Q96L12,20,0,20,10,10,10
Q96L33,14,1,13,9,6,8
Q96SI1,29,4,25,17,16,13
Q99626,30,6,24,17,13,17
Q9BQD7,13,0,13,8,5,8
Q9BY27,9,0,9,7,2,7
Q9BYR4,35,0,35,35,0,35
Q9BZF9,102,9,93,54,49,53
Q9H0H5,95,40,55,49,42,53
Q9H305,7,0,7,5,2,5
Q9H3S1,66,4,62,47,21,45
Q9H9J2,15,0,15,8,7,8
Q9NQ35,17,1,16,9,9,8
Q9NRY7,14,0,14,13,1,13
Q9NS23,21,4,17,8,17,4
Q9NV64,38,1,37,28,11,27
Q9NZ81,4,0,4,2,2,2
Q9P2B7,102,21,81,56,57,45
Q9Y450,66,16,50,38,30,36
Q9Y5F6,94,1,93,61,34,60
Q9Y5Z4,21,3,18,18,6,15
A0A8Q3SIZ7,1,0,1,1,0,1
A2RUC4,17,0,17,10,7,10
A6NGN9,25,0,25,14,11,14
A8K8V0,34,1,33,17,18,16
A8MYB1,22,0,22,13,9,13
O00408,59,2,57,48,13,46
O43379,204,43,161,132,87,117
O43570,32,0,32,25,7,25
O43711,25,0,25,19,6,19
O43818,52,9,43,38,15,37
O75054,120,2,118,70,50,70
O75365,6,0,6,4,2,4
O94823,125,0,125,85,40,85
O94988,119,26,93,62,75,44
O95139,6,1,5,4,3,3
O95147,13,3,10,7,3,10
O95661,10,0,10,8,2,8
P05771,43,7,36,28,16,27
P07911,53,0,53,42,11,42
P0CG00,42,0,42,13,29,13
P0CG40,76,5,71,55,26,50
P17544,74,22,52,43,39,35
P18505,40,3,37,29,14,26
P22309,40,0,40,30,10,30
P25815,10,3,7,6,7,3
P35558,39,4,35,26,17,22
P36402,29,3,26,19,13,16
P41586,37,0,37,28,9,28
P46108,41,15,26,23,23,18
P48634,286,78,208,156,180,106
P54852,9,0,9,8,1,8
P68400,33,10,23,18,17,16
P82664,11,1,10,6,6,5
Q01362,27,0,27,22,5,22
Q02535,6,1,5,4,3,3
Q03938,54,0,54,37,17,37
Q08493,71,8,63,42,33,38
Q08881,50,6,44,24,26,24
Q09FC8,56,2,54,41,13,43
Q12765,32,2,30,25,9,23
Q13144,71,15,56,45,29,42
Q14162,87,8,79,55,38,49
Q14324,64,6,58,32,38,26
Q14833,68,1,67,45,24,44
Q14847,29,13,16,14,16,13
Q15742,60,14,46,26,46,14
Q16517,3,0,3,2,1,2
Q16853,52,0,52,33,19,33
Q2TAA5,30,1,29,18,11,19
Q2WGJ8,14,0,14,12,2,12
Q460N5,150,20,130,98,58,92
Q4VC39,6,0,6,4,2,4
Q53GG5,38,11,27,23,20,18
Q5BJD5,22,2,20,16,8,14
Q5SR53,20,0,20,17,3,17
Q5VUA4,384,99,285,207,234,150
Q6IE81,90,18,72,50,50,40
Q6P2H8,17,0,17,10,7,10
Q6PCD5,92,7,85,60,29,63
Q6UDR6,4,0,4,4,0,4
Q7L4E1,74,14,60,45,37,37
Q7L9B9,67,17,50,39,41,26
Q7RTX0,62,0,62,48,14,48
Q7Z7M8,29,0,29,18,11,18
Q86UW9,70,10,60,49,27,43
Q86VH5,57,0,57,42,15,42
Q86Z23,9,0,9,7,2,7
Q8IVH8,79,16,63,49,32,47
Q8IX07,109,27,82,61,63,46
Q8NBZ0,33,6,27,21,16,17
Q8ND30,73,9,64,45,33,40
Q8NFI4,18,4,14,7,13,5
Q8NGC9,21,0,21,20,1,20
Q8TAT2,16,0,16,7,9,7
Q8TCU3,45,0,45,40,5,40
Q92556,56,8,48,32,24,32
Q969V3,36,0,36,22,14,22
Q96EN9,5,0,5,2,3,2
Q96L73,322,48,274,207,131,191
Q96PU8,15,4,11,10,7,8
Q99456,54,3,51,29,26,28
Q9BT92,21,0,21,10,11,10
Q9BU64,23,3,20,14,12,11
Q9BV44,36,4,32,20,18,18
Q9BWE0,36,6,30,20,22,14
Q9BY67,24,3,21,17,6,18
Q9BYQ6,28,0,28,28,0,28
Q9H0M5,60,1,59,37,24,36
Q9H2W1,30,0,30,27,3,27
Q9HBU9,31,2,29,19,14,17
Q9HD87,4,0,4,2,2,2
Q9NXS3,37,1,36,29,9,28
Q9NZQ8,63,0,63,38,25,38
Q9P2K1,109,0,109,55,54,55
Q9UJC5,7,1,6,6,2,5
Q9UKV5,61,11,50,36,32,29
Q9UNZ2,46,13,33,30,19,27
Q9Y2F5,316,48,268,208,124,192
Q9Y4X0,46,6,40,30,20,26
A6NFI3,56,6,50,36,22,34
A8MPX8,51,0,51,33,18,33
A8MX19,44,0,44,23,21,23
B1AMM8,3,0,3,0,3,0
H3BRN8,11,0,11,8,3,8
O00192,83,20,63,46,47,36
O14788,29,0,29,22,7,22
O15467,5,0,5,4,1,4
O43504,9,3,6,6,2,7
O60890,60,5,55,37,28,32
O75123,46,3,43,35,14,32
O75144,27,0,27,21,6,21
O75610,25,0,25,11,14,11
O95271,98,5,93,69,26,72
O95922,31,0,31,15,16,15
P01570,17,0,17,12,5,12
P04839,33,0,33,25,8,25
P09874,114,32,82,67,51,63
P0DME0,19,0,19,12,7,12
P14672,36,2,34,30,8,28
P15924,300,88,212,150,178,122
P16410,16,1,15,13,2,14
P19883,25,0,25,22,3,22
P20815,31,1,30,19,13,18
P20839,39,5,34,27,15,24
P20851,18,0,18,15,3,15
P21506,49,0,49,42,7,42
P26012,63,0,63,54,9,54
P31260,43,2,41,26,19,24
P31268,16,1,15,11,4,12
P36871,54,15,39,32,19,35
P46109,32,12,20,17,23,9
P47902,19,0,19,10,9,10
P49802,41,4,37,25,20,21
P55211,43,9,34,30,20,23
P61278,7,0,7,4,3,4
P61371,25,2,23,16,11,14
P62829,7,3,4,3,3,4
Q01113,44,0,44,30,14,30
Q01344,31,0,31,25,6,25
Q04917,28,11,17,15,22,6
Q07444,23,0,23,14,9,14
Q12946,49,4,45,39,14,35
Q13515,34,1,33,16,19,15
Q14183,25,1,24,15,11,14
Q15398,102,35,67,56,49,53
Q4JDL3,41,7,34,21,23,18
Q5JX71,13,0,13,7,6,7
Q6IAA8,36,15,21,20,13,23
Q6UWW9,7,0,7,4,3,4
Q6UWY5,23,0,23,16,7,16
Q7L014,101,24,77,42,75,26
Q7Z2W4,144,48,96,88,62,82
Q7Z3T1,21,0,21,17,4,17
Q86SX3,30,0,30,19,11,19
Q86WI1,359,0,359,273,86,273
Q86Y26,109,4,105,67,42,67
Q8IUE0,15,1,14,8,8,7
Q8IWC1,130,39,91,65,88,42
Q8IWJ2,130,17,113,73,66,64
Q8N142,15,1,14,11,3,12
Q8N2F6,28,4,24,21,11,17
Q8N423,61,1,60,42,20,41
Q8N5D0,51,5,46,29,27,24
Q8N6W0,34,0,34,24,10,24
Q8N7E2,36,0,36,21,15,21
Q8NFT8,72,6,66,57,13,59
Q8NFZ0,76,3,73,51,28,48
Q8NH40,24,0,24,23,1,23
Q8NHB7,19,0,19,18,1,18
Q8TEK3,236,52,184,138,120,116
Q8TF68,65,7,58,51,15,50
Q8WVE6,27,0,27,23,4,23
Q8WYN3,77,2,75,59,18,59
Q92621,144,10,134,101,45,99
Q92935,55,0,55,37,18,37
Q96BQ3,31,0,31,18,13,18
Q96F05,61,4,57,46,15,46
Q96F15,18,3,15,10,9,9
Q96HL8,27,1,26,12,16,11
Q96I24,51,14,37,32,19,32
Q96JB8,39,0,39,27,12,27
Q96KX0,8,0,8,7,1,7
Q99727,13,0,13,11,2,11
Q9BQQ3,59,10,49,38,23,36
Q9BXF3,145,9,136,75,79,66
Q9H1E5,25,3,22,15,11,14
Q9H2H9,48,7,41,40,9,39
Q9H7M9,36,8,28,25,15,21
Q9HCL0,129,8,121,87,50,79
Q9HCP0,30,5,25,17,14,16
Q9NP95,13,0,13,10,3,10
Q9NVH1,42,3,39,26,19,23
Q9NYV9,28,0,28,23,5,23
Q9UBL6,50,7,43,29,18,32
Q9Y2W7,17,3,14,12,8,9
Q9Y4X5,26,2,24,17,11,15
Q9Y6F9,21,0,21,13,8,13
Q9Y6R6,51,1,50,30,22,29
A0A0B4J1V6,13,0,13,9,4,9
A6NEL3,19,0,19,10,9,10
A6NGG8,181,5,176,87,95,86
A6NHN6,27,0,27,12,15,12
B7ZBB8,25,3,22,15,13,12
C9JPN9,38,0,38,33,5,33
O14908,19,7,12,10,14,5
O15327,75,6,69,42,35,40
O43323,16,0,16,10,6,10
O43865,47,12,35,29,18,29
O60496,36,9,27,16,21,15
O60840,131,4,127,87,44,87
O75019,56,0,56,43,13,43
O95221,34,0,34,27,7,27
P01602,17,0,17,12,5,12
P04114,411,18,393,298,115,296
P08575,118,16,102,82,44,74
P0C854,17,0,17,10,7,10
P0DSO1,16,0,16,1,15,1
P10747,18,1,17,13,6,12
P17050,26,2,24,20,8,18
P19440,36,0,36,29,7,29
P21333,285,105,180,164,134,151
P28562,38,2,36,32,8,30
P31371,10,0,10,8,2,8
P38646,57,18,39,30,27,30
P41223,3,0,3,2,1,2
P43351,44,6,38,26,18,26
P48167,35,0,35,25,10,25
P48664,30,0,30,20,10,20
P51531,133,32,101,72,75,58
P55060,66,11,55,48,19,47
P59037,4,0,4,4,0,4
P60891,25,5,20,17,9,16
P61086,13,3,10,9,7,6
P63135,89,0,89,56,33,56
P63218,4,0,4,3,1,3
Q01860,32,10,22,19,17,15
Q12870,15,1,14,8,8,7
Q13033,72,12,60,51,23,49
Q16623,31,6,25,14,21,10
Q2MKA7,20,0,20,12,8,12
Q3V6T2,218,42,176,118,110,108
Q5SY16,61,6,55,36,29,32
Q5T1N1,95,5,90,58,38,57
Q5U4P2,28,3,25,16,15,13
Q5VZ19,20,1,19,13,8,12
Q6P9G9,26,0,26,17,9,17
Q6UWH6,12,0,12,10,2,10
Q6UXX5,132,3,129,92,41,91
Q71UI9,8,1,7,2,7,1
Q7L0J3,65,8,57,46,21,44
Q7L266,16,1,15,13,4,12
Q7Z569,52,13,39,30,21,31
Q86XG9,25,0,25,13,12,13
Q8IVG5,128,7,121,83,48,80
Q8IWK6,118,4,114,96,22,96
Q8IYY4,64,2,62,30,36,28
Q8IZ16,21,2,19,11,10,11
Q8N398,117,1,116,64,54,63
Q8N6N2,25,5,20,10,16,9
Q8N8A6,49,4,45,28,23,26
Q8N954,18,3,15,11,8,10
Q8N9R0,11,0,11,2,9,2
Q8NCF0,28,0,28,22,6,22
Q8NGC3,14,0,14,12,2,12
Q8NGY0,23,0,23,20,3,20
Q8TCD6,14,0,14,11,3,11
Q8WWY3,52,13,39,31,24,28
Q8WXU2,16,0,16,9,7,9
Q969Q4,11,0,11,7,4,7
Q96IR7,18,0,18,10,8,10
Q96MP5,61,2,59,44,17,44
Q96PH6,9,0,9,7,2,7
Q99551,38,3,35,25,12,26
Q99795,31,2,29,20,11,20
Q9BRP0,30,3,27,19,12,18
Q9BSJ8,113,23,90,77,43,70
Q9BV79,25,0,25,17,8,17
Q9C0J1,20,0,20,15,5,15
Q9GZN8,13,1,12,12,2,11
Q9H2D1,16,0,16,13,3,13
Q9H2R5,22,2,20,18,6,16
Q9H2S9,71,9,62,42,36,35
Q9H7L9,28,10,18,14,22,6
Q9H7V2,32,3,29,20,11,21
Q9H8M5,67,6,61,43,26,41
Q9HBV2,22,1,21,15,8,14
Q9HCK4,124,5,119,87,42,82
Q9HCQ5,36,0,36,27,9,27
Q9NPC1,17,0,17,10,7,10
Q9NQN1,27,0,27,23,4,23
Q9P2U8,40,1,39,33,6,34
Q9ULZ0,11,0,11,3,8,3
Q9UNQ2,18,2,16,10,8,10
Q9Y2V7,47,2,45,37,12,35
Q9Y2X9,157,29,128,103,53,104
Q9Y3C0,16,2,14,11,5,11
Q9Y5R4,32,0,32,20,12,20
Q9Y6I8,12,0,12,10,2,10
A6NJ08,12,0,12,8,4,8
A6NMX2,15,1,14,9,7,8
O00203,124,11,113,67,60,64
O14798,24,2,22,14,12,12
O15121,14,1,13,13,2,12
O15243,7,0,7,5,2,5
O15372,29,4,25,20,11,18
O43365,51,4,47,32,23,28
O43447,8,0,8,6,2,6
O43676,4,1,3,2,3,1
O43739,18,0,18,10,8,10
O43791,31,0,31,27,4,27
O75030,64,17,47,42,19,45
O75376,368,99,269,191,234,134
O94812,85,2,83,59,26,59
P05129,47,10,37,27,26,21
P0C5K7,18,0,18,10,8,10
P0DW14,13,0,13,6,7,6
P11441,15,2,13,7,10,5
P11678,47,5,42,28,20,27
P17024,41,1,40,33,9,32
P17600,74,18,56,45,39,35
P34981,30,0,30,27,3,27
P41220,21,3,18,8,14,7
P41247,22,2,20,12,10,12
P41440,59,9,50,41,21,38
P49448,45,9,36,26,26,19
P49746,50,0,50,37,13,37
P54851,10,0,10,9,1,9
P78345,27,6,21,14,15,12
Q06432,17,0,17,12,5,12
Q13491,14,0,14,12,2,12
Q14527,82,11,71,42,47,35
Q14693,118,20,98,73,61,57
Q15113,37,1,36,28,10,27
Q15940,10,0,10,10,0,10
Q16626,11,1,10,6,6,5
Q2M1K9,137,16,121,98,53,84
Q30KP9,2,0,2,2,0,2
Q3KP44,53,0,53,34,19,34
Q3LI77,30,0,30,25,5,25
Q495Y7,9,0,9,4,5,4
Q4LDE5,324,4,320,251,75,249
Q562R1,28,6,22,15,15,13
Q5JQF7,1,0,1,0,1,0
Q5QGT7,17,0,17,11,6,11
Q5SNT2,85,16,69,45,56,29
Q5T5Y3,232,68,164,127,141,91
Q5VTB9,71,15,56,43,33,38
Q68CK6,47,3,44,36,10,37
Q6IV72,52,0,52,28,24,28
Q6PXP3,33,0,33,27,6,27
Q6RFH8,21,0,21,12,9,12
Q6V0I7,490,13,477,351,148,342
Q6ZRV2,152,49,103,76,109,43
Q6ZUJ8,85,15,70,54,42,43
Q75N90,169,0,169,139,30,139
Q7L5Y6,37,0,37,26,11,26
Q7RTZ2,38,0,38,32,6,32
Q7Z6B7,122,29,93,60,69,53
Q7Z6J2,23,3,20,12,14,9
Q8IUH2,26,0,26,17,9,17
Q8IWQ3,84,19,65,46,47,37
Q8IZU9,81,0,81,60,21,60
Q8N130,49,0,49,38,11,38
Q8NHH1,68,3,65,41,30,38
Q8TF32,39,1,38,33,7,32
Q8WTX7,31,0,31,21,10,21
Q8WWG9,29,0,29,23,6,23
Q8WWY7,3,0,3,3,0,3
Q8WXD2,31,2,29,13,20,11
Q8WZ42,2462,0,2462,1506,956,1506
Q902F9,52,0,52,36,16,36
Q92623,12,3,9,7,8,4
Q92630,46,6,40,29,17,29
Q96AC6,63,3,60,30,34,29
Q96EB1,41,5,36,28,16,25
Q96H55,67,2,65,42,27,40
Q96IJ6,28,4,24,16,12,16
Q96IZ2,11,0,11,9,2,9
Q96ME1,77,1,76,63,13,64
Q96RT6,68,13,55,39,38,30
Q96RU2,119,18,101,72,53,66
Q9BQ24,13,3,10,10,6,7
Q9BQY4,17,0,17,11,6,11
Q9BZE2,22,2,20,14,10,12
Q9GZV1,11,1,10,5,7,4
Q9HAV5,28,0,28,26,2,26
Q9HBL8,15,3,12,11,3,12
Q9HBW9,59,0,59,47,12,47
Q9NPF7,14,0,14,8,6,8
Q9NRR4,103,12,91,57,56,47
Q9NW75,72,20,52,40,34,38
Q9NWF9,55,6,49,35,24,31
Q9NZI2,6,0,6,5,1,5
Q9NZV6,12,0,12,6,6,6
Q9UC06,42,2,40,30,12,30
Q9UQF2,103,30,73,61,68,35
Q9Y345,57,2,55,43,16,41
A0A0B4J271,14,0,14,9,5,9
A0A0B4J2E0,7,0,7,4,3,4
A0A0G2JMH3,18,0,18,13,5,13
A1A519,42,4,38,23,23,19
A1L4H1,132,5,127,85,50,82
A6NK75,40,1,39,35,6,34
O15442,15,0,15,11,4,11
O60431,28,0,28,25,3,25
O95125,48,2,46,37,13,35
O95229,12,5,7,7,10,2
O95273,21,0,21,15,6,15
O95390,27,1,26,14,14,13
O95409,65,9,56,41,29,36
P02751,207,8,199,153,54,153
P04279,62,8,54,36,34,28
P04798,39,1,38,25,15,24
P07988,18,0,18,14,4,14
P08247,18,0,18,16,2,16
P0C5J1,24,2,22,10,16,8
P12830,54,9,45,34,17,37
P16083,19,5,14,12,8,11
P29074,72,3,69,42,31,41
P31153,23,3,20,16,10,13
P50148,23,3,20,15,9,14
P50479,39,11,28,19,25,14
P51688,33,1,32,21,11,22
P51991,37,14,23,19,30,7
P56597,9,0,9,6,3,6
P61026,15,5,10,9,7,8
P62136,20,5,15,11,12,8
P78371,44,15,29,27,20,24
Q00536,58,21,37,29,42,16
Q02363,19,3,16,13,7,12
Q06141,26,0,26,21,5,21
Q0VAA5,24,0,24,14,10,14
Q12824,31,5,26,19,11,20
Q12852,99,11,88,58,52,47
Q13191,96,18,78,58,46,50
Q13569,25,1,24,15,11,14
Q14534,47,1,46,30,16,31
Q16281,50,1,49,26,25,25
Q16635,12,0,12,7,5,7
Q30KQ7,3,0,3,3,0,3
Q3L8U1,326,27,299,188,155,171
Q5C9Z4,73,8,65,36,37,36
Q5CZA5,53,6,47,39,20,33
Q5VVJ2,75,9,66,44,32,43
Q5XPI4,102,8,94,65,43,59
Q6IFN5,34,0,34,29,5,29
Q6L8G4,34,0,34,33,1,33
Q6SJ96,40,0,40,25,15,25
Q6W3E5,31,0,31,22,9,22
Q6ZMT4,92,0,92,39,53,39
Q7Z465,26,0,26,18,8,18
Q7Z4R8,16,0,16,12,4,12
Q8IWX8,101,27,74,42,74,27
Q8N1H7,58,0,58,36,22,36
Q8N4P2,27,0,27,18,9,18
Q8N567,18,4,14,7,13,5
Q8N8V8,9,0,9,5,4,5
Q8N9V7,170,2,168,99,71,99
Q8NA92,17,0,17,6,11,6
Q8NG68,26,0,26,20,6,20
Q8TAU3,49,1,48,34,16,33
Q8TAV5,20,0,20,15,5,15
Q8TDW7,420,2,418,307,115,305
Q8WVC6,8,0,8,5,3,5
Q8WXT5,28,0,28,21,7,21
Q8WY07,48,0,48,39,9,39
Q92570,65,2,63,40,27,38
Q92604,20,2,18,14,6,14
Q92626,99,4,95,62,39,60
Q969Q0,5,2,3,3,4,1
Q96B33,24,3,21,18,9,15
Q96FZ7,9,1,8,4,6,3
Q96N87,35,0,35,28,7,28
Q96PU9,20,2,18,8,12,8
Q96RP9,44,4,40,29,19,25
Q96T53,39,0,39,25,14,25
Q9BUF7,12,1,11,9,4,8
Q9BV36,94,34,60,48,60,34
Q9BZ29,196,35,161,129,72,124
Q9C0B0,102,14,88,73,37,65
Q9GZM7,23,0,23,15,8,15
Q9GZY1,10,0,10,7,3,7
Q9H3H1,35,6,29,22,15,20
Q9HBH7,5,0,5,1,4,1
Q9HD36,10,0,10,6,4,6
Q9NP97,7,1,6,5,1,6
Q9NPH2,42,3,39,26,19,23
Q9NPZ5,12,0,12,5,7,5
Q9NQT8,201,45,156,126,104,97
Q9NRJ5,57,0,57,42,15,42
Q9NYZ1,23,5,18,15,9,14
Q9P0W0,11,0,11,7,4,7
Q9P2P6,572,4,568,347,225,347
Q9UDW1,2,0,2,1,1,1
Q9UHQ4,16,0,16,10,6,10
Q9UMZ2,224,61,163,142,87,137
A0A0B4J1Y9,11,0,11,8,3,8
A0A0C4DH35,13,0,13,10,3,10
A6NNS2,17,0,17,14,3,14
J3KSC0,11,0,11,5,6,5
O00244,5,2,3,3,2,3
O00443,164,19,145,109,64,100
O00590,30,1,29,27,4,26
O14626,16,0,16,13,3,13
O14662,28,5,23,12,17,11
O15296,38,0,38,26,12,26
O43677,4,0,4,0,4,0
O75469,30,5,25,21,12,18
O95185,68,4,64,51,17,51
O95190,13,0,13,10,3,10
O95948,51,1,50,22,30,21
P00387,17,3,14,11,7,10
P02533,69,19,50,37,39,30
P09848,158,1,157,111,46,112
P0C7Q6,29,0,29,27,2,27
P0CJ76,1,0,1,0,1,0
P0DP72,53,0,53,37,16,37
P17936,33,8,25,17,18,15
P18564,64,2,62,50,14,50
P35520,37,5,32,22,18,19
P35556,181,1,180,157,25,156
P48029,33,2,31,26,7,26
P49458,4,1,3,2,3,1
P55263,16,0,16,12,4,12
P56179,23,4,19,14,13,10
P58304,34,0,34,17,17,17
P59544,22,0,22,17,5,17
P61568,9,0,9,9,0,9
P63279,6,2,4,4,4,2
Q04760,11,2,9,9,2,9
Q06190,128,15,113,79,62,66
Q09161,56,6,50,37,23,33
Q12929,108,36,72,59,75,33
Q14055,16,1,15,8,9,7
Q14141,31,7,24,23,11,20
Q14192,21,5,16,15,7,14
Q49A33,12,0,12,9,3,9
Q5HY92,102,2,100,72,30,72
Q5R387,16,0,16,10,6,10
Q5SVQ8,80,6,74,49,33,47
Q68CQ1,144,1,143,104,39,105
Q6IEG0,36,6,30,18,20,16
Q6UXC1,93,2,91,56,39,54
Q6ZU80,117,28,89,52,73,44
Q7L1I2,45,0,45,35,10,35
Q7Z2R9,6,0,6,3,3,3
Q8IUC3,6,0,6,5,1,5
Q8IYF1,70,1,69,29,42,28
Q8N3G9,27,0,27,23,4,23
Q8N4M7,12,0,12,10,2,10
Q8N565,15,2,13,10,3,12
Q8NBX0,34,3,31,25,12,22
Q8NC06,17,0,17,8,9,8
Q8NDV3,75,3,72,45,33,42
Q8NFH5,70,28,42,37,39,31
Q8TD08,44,7,37,25,26,18
Q8TD46,20,0,20,19,1,19
Q8TF20,50,0,50,39,11,39
Q8WWF3,34,2,32,13,23,11
Q92737,7,0,7,4,3,4
Q92793,264,46,218,175,109,155
Q969X6,61,1,60,45,17,44
Q96A84,28,0,28,20,8,20
Q96E09,70,24,46,44,40,30
Q96FV9,50,6,44,36,14,36
Q96FX8,11,0,11,10,1,10
Q96SI9,56,11,45,37,26,30
Q99467,63,1,62,56,8,55
Q99732,14,3,11,10,1,13
Q9GZP7,36,0,36,28,8,28
Q9H165,128,32,96,72,70,58
Q9H422,127,3,124,90,36,91
Q9H4G0,119,43,76,66,78,41
Q9HA72,21,0,21,15,6,15
Q9HC97,17,1,16,13,5,12
Q9HD26,32,7,25,21,6,26
Q9NQ48,16,2,14,11,7,9
Q9NRZ5,28,6,22,19,13,15
Q9NYK5,22,0,22,17,5,17
Q9NYZ4,54,3,51,38,19,35
Q9NZ52,82,9,73,56,31,51
Q9NZB2,132,40,92,76,68,64
Q9NZS2,25,0,25,20,5,20
Q9P0N9,21,1,20,12,8,13
Q9P2N2,69,6,63,35,38,31
Q9UBU9,63,9,54,33,35,28
Q9UHY8,41,9,32,25,23,18
Q9UKK9,9,2,7,4,3,6
Q9UM82,77,11,66,42,40,37
Q9Y496,47,7,40,25,27,20
Q9Y4W2,81,25,56,46,36,45
Q9Y597,108,22,86,66,50,58
Q9Y5I2,89,1,88,64,26,63
Q9Y5X0,24,1,23,21,2,22
Q9Y600,29,0,29,19,10,19
Q9Y6A5,99,23,76,61,43,56
A0A087WXM9,57,0,57,31,26,31
A0A183,8,0,8,6,2,6
A0A1B0GTY4,11,0,11,7,4,7
A5D8V6,27,0,27,15,12,15
A6NCC3,51,8,43,34,23,28
A6NFE2,16,0,16,12,4,12
A6NLU5,27,0,27,14,13,14
A6NM45,14,0,14,13,1,13
A6NMD0,15,0,15,11,4,11
H3BS89,15,0,15,13,2,13
O00170,16,6,10,9,7,9
O00241,33,0,33,26,7,26
O14684,5,0,5,4,1,4
O15204,34,0,34,22,12,22
O43143,52,9,43,37,18,34
O43390,41,13,28,21,27,14
O43424,76,2,74,48,30,46
O60519,8,0,8,3,5,3
O75022,73,4,69,48,29,44
O95104,81,10,71,43,46,35
P04437,12,0,12,10,2,10
P11586,53,10,43,33,22,31
P17706,35,6,29,21,16,19
P19224,33,1,32,24,8,25
P20042,22,8,14,13,5,17
P22794,29,4,25,20,7,22
P23083,10,0,10,7,3,7
P26717,21,0,21,12,9,12
P30872,31,0,31,22,9,22
P35916,121,5,116,77,41,80
P46695,14,4,10,9,7,7
P53672,19,1,18,12,8,11
P54886,70,11,59,44,35,35
P56377,5,0,5,2,3,2
P61020,20,6,14,14,10,10
P61758,8,2,6,5,5,3
P61962,19,2,17,15,6,13
Q01130,60,16,44,17,59,1
Q02153,35,0,35,25,10,25
Q03164,672,129,543,403,344,328
Q07075,73,1,72,62,12,61
Q13547,36,9,27,24,15,21
Q14195,54,16,38,31,31,23
Q15599,37,16,21,19,22,15
Q53H54,22,0,22,8,14,8
Q5SZB4,36,0,36,20,16,20
Q5VXD3,6,0,6,3,3,3
Q5VZF2,22,2,20,18,6,16
Q6PEZ8,32,0,32,23,9,23
Q6PIF2,21,0,21,14,7,14
Q6UXK2,49,0,49,34,15,34
Q70SY1,73,9,64,44,38,35
Q7L2J0,80,22,58,44,46,34
Q7Z5A9,7,0,7,6,1,6
Q86XA0,13,0,13,10,3,10
Q8IWA6,55,3,52,26,32,23
Q8IWX5,18,0,18,11,7,11
Q8IY42,29,5,24,13,19,10
Q8IYH5,111,17,94,72,52,59
Q8IYJ3,64,12,52,31,43,21
Q8IZW8,123,24,99,77,60,63
Q8N183,13,3,10,6,10,3
Q8N6H7,96,35,61,53,48,48
Q8NBJ4,27,7,20,15,13,14
Q8NDH6,50,1,49,34,17,33
Q8NDX1,131,32,99,81,70,61
Q8NFR3,4,0,4,3,1,3
Q8NG80,24,0,24,23,1,23
Q8NGG5,25,0,25,23,2,23
Q8NGG7,31,0,31,29,2,29
Q8NGS5,27,0,27,25,2,25
Q8NH10,26,0,26,25,1,25
Q8NH90,29,0,29,27,2,27
Q8WVV9,48,9,39,35,16,32
Q8WWX0,24,0,24,20,4,20
Q92583,4,0,4,4,0,4
Q96C10,33,1,32,19,15,18
Q96EE4,8,0,8,4,4,4
Q96LM1,10,0,10,6,4,6
Q9BU68,6,1,5,3,4,2
Q9BYT3,58,9,49,33,24,34
Q9GZU5,36,0,36,19,17,19
Q9GZX9,21,0,21,20,1,20
Q9H074,34,5,29,23,14,20
Q9H2G2,127,45,82,67,65,62
Q9H4Z3,86,15,71,44,43,43
Q9H503,3,0,3,3,0,3
Q9NP90,9,2,7,6,5,4
Q9NSY2,13,0,13,10,3,10
Q9P035,19,3,16,14,8,11
Q9UBI1,15,0,15,10,5,10
Q9UBV4,25,1,24,18,8,17
Q9UJX6,79,18,61,45,40,39
Q9UKW6,23,0,23,21,2,21
Q9UP38,36,0,36,29,7,29
Q9Y3B7,10,1,9,5,6,4
Q9Y5K3,48,15,33,29,30,18
Q9Y661,30,0,30,19,11,19
Q9Y6M5,39,7,32,30,10,29
Q9Y6Q6,57,2,55,40,19,38
A0A075B6I0,17,0,17,13,4,13
A0A191URJ7,37,0,37,28,9,28
A0A494C1I1,7,0,7,3,4,3
A6NKB5,239,3,236,156,82,157
A6NM36,25,0,25,20,5,20
A6NMZ2,13,0,13,5,8,5
D3DTV9,4,0,4,2,2,2
I6L899,42,0,42,26,16,26
M0QZC1,26,0,26,8,18,8
O15432,14,3,11,10,1,13
O43868,49,0,49,40,9,40
O60486,133,3,130,99,33,100
O60732,267,0,267,172,95,172
O60783,8,0,8,3,5,3
O75264,6,1,5,2,5,1
O75558,19,5,14,8,14,5
O76061,25,5,20,15,13,12
O95859,18,0,18,16,2,16
O95865,22,4,18,14,12,10
P09326,23,0,23,19,4,19
P0C7X1,35,0,35,22,13,22
P10515,48,8,40,30,24,24
P11487,19,1,18,6,14,5
P11908,24,4,20,16,10,14
P19447,64,7,57,40,31,33
P22557,49,3,46,37,13,36
P29120,60,0,60,38,22,38
P30154,35,2,33,23,12,23
P35125,131,10,121,81,52,79
P35869,69,6,63,50,15,54
P42127,15,0,15,6,9,6
P62304,3,0,3,3,0,3
P78324,40,2,38,26,14,26
P80294,7,2,5,3,4,3
P80297,8,3,5,5,6,2
Q09013,28,0,28,19,9,19
Q13007,12,0,12,11,1,11
Q14999,134,7,127,79,62,72
Q17RB0,5,0,5,3,2,3
Q1A5X6,18,2,16,12,8,10
Q2M5E4,9,0,9,5,4,5
Q2TAP0,21,1,20,8,14,7
Q2TB18,49,0,49,33,16,33
Q4V321,3,0,3,1,2,1
Q4W4Y0,17,1,16,12,4,13
Q53QV2,10,4,6,5,5,5
Q6NVV1,1,0,1,1,0,1
Q6P2E9,208,49,159,137,82,126
Q6ZSA7,18,0,18,14,4,14
Q7Z3S9,11,0,11,11,0,11
Q7Z572,35,0,35,18,17,18
Q7Z5L2,84,0,84,57,27,57
Q86VE0,34,4,30,16,22,12
Q86XD8,79,0,79,50,29,50
Q86XI8,26,0,26,11,15,11
Q8IXH7,36,2,34,27,9,27
Q8IYP2,15,0,15,15,0,15
Q8N159,52,1,51,32,21,31
Q8N386,29,0,29,24,5,24
Q8N612,95,17,78,58,52,43
Q8N8N7,23,3,20,17,7,16
Q8NBK3,24,0,24,17,7,17
Q8NCF5,69,28,41,35,48,21
Q8NDX9,20,0,20,16,4,16
Q8TCB7,14,1,13,9,6,8
Q8TCE6,20,1,19,14,5,15
Q8TDU9,20,0,20,12,8,12
Q8TEC5,85,2,83,46,41,44
Q8TEU8,32,0,32,22,10,22
Q8WWZ1,8,0,8,7,1,7
Q8WYK2,9,2,7,5,6,3
Q92567,17,0,17,14,3,14
Q92637,23,1,22,14,10,13
Q92835,133,22,111,74,65,68
Q969D9,12,0,12,11,1,11
Q969H8,11,0,11,8,3,8
Q969R5,72,13,59,36,47,25
Q96A61,12,0,12,7,5,7
Q96DX7,26,2,24,10,18,8
Q96GN5,68,27,41,33,46,22
Q96RD3,23,2,21,21,0,23
Q99705,31,0,31,19,12,19
Q9BUY7,10,0,10,5,5,5
Q9BX95,23,2,21,18,7,16
Q9BZJ3,12,0,12,11,1,11
Q9H147,20,4,16,11,13,7
Q9H223,39,7,32,21,19,20
Q9H3D4,80,10,70,54,28,52
Q9H6R3,51,9,42,32,26,25
Q9H939,24,4,20,15,9,15
Q9NP91,49,0,49,41,8,41
Q9NQ88,28,6,22,17,11,17
Q9NQH7,30,1,29,22,9,21
Q9UBL9,36,0,36,29,7,29
Q9UGI0,64,2,62,35,31,33
Q9UI17,50,3,47,30,23,27
Q9UJN7,46,3,43,29,20,26
Q9ULV5,39,1,38,17,23,16
Q9Y5W9,36,6,30,23,19,17
A0A1B0GVR7,2,0,2,0,2,0
A0A3B3IRQ3,16,0,16,16,0,16
A4D250,21,0,21,11,10,11
A6NFD8,13,0,13,4,9,4
A6NMZ5,25,0,25,22,3,22
A7MBM2,146,8,138,102,52,94
D6RBM5,12,0,12,9,3,9
H3BSY2,45,0,45,22,23,22
O14617,119,21,98,79,49,70
O43665,21,2,19,15,8,13
O75290,37,0,37,21,16,21
O95759,97,7,90,61,41,56
O95848,15,1,14,8,8,7
P11686,13,0,13,8,5,8
P17041,25,3,22,15,11,14
P18510,12,0,12,7,5,7
P22532,2,0,2,0,2,0
P28715,151,33,118,89,81,70
P36578,31,13,18,17,11,20
P41439,21,0,21,15,6,15
P43360,26,0,26,20,6,20
P47985,27,4,23,14,15,12
P50391,26,1,25,22,5,21
P59051,7,0,7,1,6,1
P61024,6,3,3,3,4,2
P62306,2,0,2,2,0,2
P62633,16,5,11,9,6,10
P63151,42,2,40,34,10,32
P78358,11,1,10,8,4,7
P80748,13,0,13,11,2,11
Q01959,48,3,45,43,8,40
Q10567,73,12,61,56,23,50
Q13435,78,31,47,37,58,20
Q13507,70,4,66,45,29,41
Q13733,66,1,65,52,15,51
Q14494,101,4,97,75,28,73
Q15582,44,3,41,30,17,27
Q15846,36,1,35,32,3,33
Q4ADV7,148,14,134,94,64,84
Q504Y2,34,1,33,25,10,24
Q5T6F0,43,5,38,28,14,29
Q5VX52,29,0,29,20,9,20
Q658K8,12,0,12,8,4,8
Q6IA86,61,1,60,46,16,45
Q6NUT3,33,0,33,27,6,27
Q6P1L5,118,40,78,63,89,29
Q6UXU6,10,0,10,7,3,7
Q6VB84,29,0,29,22,7,22
Q71RC9,2,0,2,2,0,2
Q7Z2F6,8,0,8,4,4,4
Q7Z7H3,28,0,28,16,12,16
Q86VV8,218,7,211,153,68,150
Q86W25,70,0,70,58,12,58
Q86X60,10,0,10,9,1,9
Q8IUC1,19,0,19,19,0,19
Q8IYX1,18,0,18,14,4,14
Q8IZ08,40,0,40,29,11,29
Q8IZJ4,31,1,30,20,10,21
Q8N628,24,0,24,22,2,22
Q8N8J7,5,2,3,2,3,2
Q8NE35,72,6,66,52,22,50
Q8NGJ6,25,0,25,23,2,23
Q8NGL2,26,0,26,24,2,24
Q8NH73,21,1,20,18,4,17
Q8NHM5,142,39,103,80,89,53
Q8TAQ5,54,5,49,39,12,42
Q8WUU8,20,0,20,16,4,16
Q8WWT9,35,0,35,29,6,29
Q8WXX5,17,2,15,8,11,6
Q8WYL5,147,27,120,81,79,68
Q969F1,18,5,13,13,6,12
Q96PM9,27,0,27,14,13,14
Q9BUF5,40,11,29,22,13,27
Q9BWG6,23,5,18,10,16,7
Q9BXS4,32,2,30,23,9,23
Q9BY50,7,0,7,5,2,5
Q9H0U9,26,4,22,16,12,14
Q9H354,6,0,6,4,2,4
Q9H892,46,1,45,27,20,26
Q9H930,42,3,39,18,27,15
Q9H9H5,16,0,16,7,9,7
Q9HCG1,62,2,60,40,24,38
Q9HCS2,32,0,32,28,4,28
Q9NP87,40,5,35,26,17,23
Q9NPI8,22,2,20,14,10,12
Q9NRH1,18,2,16,14,4,14
Q9NS66,18,0,18,15,3,15
Q9NSI8,61,15,46,37,31,30
Q9NWK9,25,4,21,14,11,14
Q9NY43,42,0,42,27,15,27
Q9UBK2,118,8,110,65,61,57
Q9UHC9,116,0,116,102,14,102
Q9UHD4,19,1,18,9,11,8
Q9UKU7,30,2,28,23,9,21
Q9ULD4,116,25,91,54,83,33
Q9UMZ3,213,4,209,164,51,162
Q9Y4C1,124,17,107,78,57,67
Q9Y6N5,28,5,23,17,12,16
Q9Y6U3,47,3,44,30,20,27
A0A075B6Q5,14,0,14,12,2,12
A0A0B4J273,11,0,11,9,2,9
A0A1B0GUV7,12,0,12,7,5,7
A1L020,38,6,32,26,16,22
A1L390,189,33,156,90,128,61
A2RRH5,80,0,80,56,24,56
A3QJZ7,26,0,26,22,4,22
A6NCK2,31,0,31,18,13,18
A8MTL0,5,0,5,3,2,3
O00462,77,1,76,54,22,55
O00512,197,49,148,117,99,98
O14776,74,9,65,43,38,36
O43167,67,4,63,48,23,44
O60602,72,1,71,64,7,65
O75417,271,16,255,188,87,184
O94898,96,2,94,74,22,74
O95918,24,0,24,22,2,22
P08758,33,12,21,18,13,20
P09693,13,3,10,8,6,7
P0C623,26,0,26,24,2,24
P0DTE8,32,0,32,26,6,26
P10253,67,3,64,48,20,47
P13631,40,5,35,22,21,19
P15291,32,3,29,15,18,14
P20062,26,0,26,17,9,17
P20142,39,0,39,35,4,35
P30408,13,0,13,13,0,13
P43897,27,1,26,15,13,14
P50553,22,0,22,7,15,7
P52797,17,0,17,12,5,12
P55287,44,1,43,29,16,28
P58335,41,4,37,26,17,24
P60321,8,0,8,6,2,6
P68104,36,14,22,22,16,20
P82932,4,0,4,2,2,2
Q13023,337,24,313,219,126,211
Q14511,76,9,67,59,20,56
Q15738,16,2,14,11,7,9
Q3KRA6,5,0,5,3,2,3
Q3LFD5,24,0,24,14,10,14
Q4G0N4,42,7,35,24,23,19
Q58EX2,211,9,202,135,83,128
Q5HYK9,60,4,56,40,24,36
Q5JTH9,122,26,96,79,51,71
Q5SXM8,10,1,9,5,6,4
Q5T619,52,1,51,32,19,33
Q5T7P6,19,0,19,15,4,15
Q6IQ19,27,5,22,12,18,9
Q6NUM9,43,1,42,27,17,26
Q6NW29,20,4,16,12,8,12
Q6Q4G3,69,1,68,49,19,50
Q6ZRQ5,114,2,112,83,31,83
Q6ZTN6,50,4,46,29,25,25
Q6ZTU2,38,0,38,17,21,17
Q6ZVM7,60,15,45,32,35,25
Q7Z7E8,35,6,29,19,20,15
Q86T96,52,0,52,34,18,34
Q86YV6,23,0,23,14,9,14
Q8IUC0,36,0,36,33,3,33
Q8IVL0,418,38,380,242,198,220
Q8IW45,28,1,27,18,11,17
Q8IWU4,35,0,35,30,5,30
Q8N4H5,2,0,2,0,2,0
Q8N5F7,90,20,70,29,77,13
Q8N6I1,4,0,4,2,2,2
Q8NGC4,12,0,12,10,2,10
Q8NGH3,28,0,28,25,3,25
Q8NHC6,27,0,27,24,3,24
Q8TAQ9,25,1,24,20,6,19
Q8TE96,54,0,54,44,10,44
Q8WUR7,10,1,9,4,7,3
Q8WWK9,89,26,63,46,47,42
Q8WYJ6,25,5,20,14,16,9
Q8WZ74,188,16,172,126,74,114
Q92481,51,5,46,27,29,22
Q92599,43,9,34,30,16,27
Q969K7,18,0,18,17,1,17
Q96B26,14,0,14,12,2,12
Q96E16,8,1,7,6,3,5
Q96GT9,2,0,2,0,2,0
Q96JH7,123,27,96,69,61,62
Q99619,16,0,16,13,3,13
Q9BXJ5,15,0,15,11,4,11
Q9BZ19,22,0,22,14,8,14
Q9H0G5,59,15,44,21,45,14
Q9H8X3,17,0,17,14,3,14
Q9HB96,46,9,37,28,27,19
Q9NPB3,13,0,13,4,9,4
Q9NPF8,14,0,14,6,8,6
Q9NRQ5,1,0,1,0,1,0
Q9NUQ3,40,13,27,24,15,25
Q9NVQ4,8,0,8,8,0,8
Q9P253,61,9,52,41,19,42
Q9UDW3,10,0,10,3,7,3
Q9UN79,80,23,57,43,48,32
Q9UNG2,13,0,13,12,1,12
Q9Y343,15,4,11,10,7,8
Q9Y6C9,26,1,25,21,6,20
Q9Y6G1,7,1,6,4,2,5
A0A0B4J272,12,0,12,8,4,8
A0A0B4J274,9,0,9,6,3,6
A0A1B0GV03,19,0,19,10,9,10
A5LHX3,25,0,25,14,11,14
A6NC51,15,0,15,13,2,13
F8WBI6,43,0,43,26,17,26
O00461,27,6,21,11,18,9
P00403,10,0,10,9,1,9
P05111,29,2,27,18,11,18
P09651,54,19,35,29,38,16
P0DMV0,16,0,16,9,7,9
P0DPH8,19,0,19,11,8,11
P0DUQ2,25,0,25,22,3,22
P12272,16,0,16,7,9,7
P13866,40,0,40,35,5,35
P16581,62,0,62,52,10,52
P17252,42,10,32,30,10,32
P17481,19,1,18,10,8,11
P30101,45,16,29,26,27,18
P35527,97,18,79,50,63,34
P40121,23,4,19,16,9,14
P47871,37,4,33,27,14,23
P53567,13,1,12,7,7,6
P59901,52,1,51,36,17,35
P82663,7,0,7,2,5,2
P83110,36,1,35,21,16,20
P84077,6,2,4,4,0,6
P86791,28,0,28,18,10,18
Q01433,83,20,63,47,54,29
Q02246,84,3,81,51,32,52
Q03181,28,0,28,22,6,22
Q05952,21,0,21,9,12,9
Q08378,172,40,132,89,103,69
Q14240,16,2,14,10,6,10
Q14684,100,33,67,52,59,41
Q14914,14,2,12,8,8,6
Q15131,15,0,15,11,4,11
Q15386,96,5,91,59,42,54
Q16720,69,3,66,45,25,44
Q1W6H9,34,9,25,16,25,9
Q2M1Z3,222,44,178,114,134,88
Q3LI66,4,0,4,4,0,4
Q4V328,81,20,61,40,51,30
Q4VNC1,92,0,92,69,23,69
Q4ZG55,226,17,209,164,73,153
Q53GQ0,30,4,26,22,10,20
Q5T4H9,7,0,7,0,7,0
Q5T681,28,1,27,16,13,15
Q6I9Y2,15,3,12,10,8,7
Q6NSJ0,46,1,45,33,14,32
Q6NUP7,84,8,76,64,26,58
Q6ZMS7,27,0,27,12,15,12
Q70CQ4,243,40,203,109,158,85
Q7L1S5,28,0,28,17,11,17
Q7L1T6,37,2,35,22,15,22
Q7RTU5,20,0,20,9,11,9
Q7Z460,253,67,186,142,150,103
Q7Z7B1,38,2,36,33,7,31
Q8IZF4,47,0,47,34,13,34
Q8N3H0,9,0,9,9,0,9
Q8N4A0,35,0,35,20,15,20
Q8N5N7,14,0,14,10,4,10
Q8N8U2,58,7,51,40,25,33
Q8NBB2,10,0,10,4,6,4
Q8NGE3,29,0,29,21,8,21
Q8NGN3,24,0,24,21,3,21
Q92610,205,49,156,125,99,106
Q92901,19,2,17,12,9,10
Q96D59,10,0,10,10,0,10
Q96JS3,57,4,53,38,21,36
Q96RJ6,6,0,6,3,3,3
Q99571,19,0,19,15,4,15
Q9BQR3,16,0,16,12,4,12
Q9BVG9,22,3,19,15,8,14
Q9H1C0,29,2,27,18,13,16
Q9H2T7,79,4,75,57,24,55
Q9H446,11,0,11,11,0,11
Q9H497,19,1,18,14,4,15
Q9H4H8,78,15,63,49,34,44
Q9H5Z6,56,5,51,36,23,33
Q9HBG4,57,4,53,40,19,38
Q9NP08,18,0,18,5,13,5
Q9NP55,12,0,12,9,3,9
Q9NR45,25,6,19,15,16,9
Q9NRP2,1,0,1,0,1,0
Q9NVA1,19,0,19,13,6,13
Q9NZH8,9,0,9,7,2,7
Q9UHW9,106,17,89,72,41,65
Q9UIF7,43,4,39,23,20,23
Q9UIS9,46,10,36,22,26,20
Q9UKS6,37,11,26,16,26,11
Q9UL51,76,11,65,38,41,35
Q9Y2S2,23,2,21,18,5,18
Q9Y397,23,0,23,16,7,16
Q9Y446,115,37,78,56,78,37
Q9Y4P3,40,7,33,21,16,24
Q9Y5J1,55,11,44,31,31,24
Q9Y5Q0,24,0,24,20,4,20
Q9Y6N8,55,4,51,35,24,31
A0A075B6H8,14,0,14,7,7,7
A0A0A6YYG2,5,0,5,5,0,5
A0A1B0GVK7,2,0,2,0,2,0
A0A1W2PPM0,8,0,8,8,0,8
A0A499FJF3,18,0,18,12,6,12
A0A577,8,0,8,6,2,6
A4D126,30,0,30,19,11,19
A6NCM1,47,0,47,25,22,25
A6NEH8,18,0,18,7,11,7
A6NJ64,27,0,27,13,14,13
A6NK44,7,0,7,3,4,3
A7MCY6,76,21,55,37,56,20
B5MCN3,27,0,27,13,14,13
C9J6K1,12,0,12,3,9,3
G3V0H7,60,0,60,51,9,51
O15516,113,11,102,81,39,74
O43186,39,0,39,22,17,22
O60361,8,1,7,3,6,2
O94887,109,28,81,64,53,56
O95222,21,0,21,17,4,17
O95393,37,0,37,21,16,21
O95498,28,0,28,20,8,20
O95639,24,8,16,15,11,13
O95876,63,1,62,50,14,49
P01037,4,0,4,3,1,3
P09622,24,1,23,17,8,16
P20702,106,0,106,76,30,76
P30291,92,29,63,42,59,33
P31327,134,34,100,82,76,58
P34969,32,0,32,23,9,23
P43403,51,14,37,30,27,24
P47974,94,25,69,58,47,47
P48145,20,0,20,16,4,16
P56937,26,2,24,19,7,19
P60900,16,4,12,10,8,8
P67812,9,3,6,5,3,6
P98196,77,9,68,54,28,49
Q00973,36,0,36,19,17,19
Q02224,201,24,177,115,98,103
Q08117,18,1,17,14,5,13
Q0D2H9,23,0,23,10,13,10
Q0VDG4,20,0,20,16,4,16
Q13972,114,1,113,59,56,58
Q3MIP1,33,4,29,13,24,9
Q49AN0,47,3,44,32,18,29
Q4VX62,15,0,15,12,3,12
Q5T0T0,31,2,29,26,5,26
Q5TDP6,46,0,46,38,8,38
Q5VW38,51,0,51,34,17,34
Q5VWQ0,62,11,51,39,30,32
Q5VYY1,8,0,8,4,4,4
Q6DWJ6,29,0,29,21,8,21
Q6IQ26,98,15,83,63,44,54
Q6NUN0,45,1,44,29,17,28
Q6UWJ1,52,0,52,41,11,41
Q6UX41,43,0,43,29,14,29
Q6ZSS3,31,0,31,22,9,22
Q717R9,11,0,11,2,9,2
Q7RTX1,69,0,69,59,10,59
Q7Z6B0,47,8,39,24,29,18
Q86XI2,89,7,82,59,25,64
Q8IW75,24,1,23,17,8,16
Q8IZ69,33,2,31,20,15,18
Q8N0Y7,15,4,11,8,7,8
Q8N323,29,0,29,23,6,23
Q8N5G2,68,12,56,43,29,39
Q8NBQ5,18,0,18,14,4,14
Q8TD43,86,8,78,56,36,50
Q8WUY3,428,32,396,271,175,253
Q8WV41,66,15,51,39,30,36
Q8WYA6,30,5,25,16,15,15
Q92784,21,1,20,15,7,14
Q96AD5,41,6,35,31,12,29
Q96K37,42,4,38,32,12,30
Q96LB4,5,0,5,2,3,2
Q96MA1,23,2,21,16,9,14
Q96PQ6,49,1,48,36,12,37
Q96RY5,177,19,158,99,85,92
Q99965,64,2,62,47,17,47
Q9BT78,26,3,23,17,10,16
Q9BUJ2,60,12,48,38,24,36
Q9BUP3,17,2,15,9,8,9
Q9BVC3,22,0,22,16,6,16
Q9GZP0,28,0,28,15,13,15
Q9H560,13,1,12,11,3,10
Q9H6J7,29,6,23,21,8,21
Q9H7C9,7,1,6,4,4,3
Q9H910,33,16,17,16,19,14
Q9NQ90,74,3,71,46,27,47
Q9NR90,26,0,26,10,16,10
Q9NRD5,17,0,17,10,7,10
Q9NU02,37,0,37,26,11,26
Q9NX24,5,1,4,3,1,4
Q9NYB9,66,13,53,32,45,21
Q9NZN8,89,30,59,52,33,56
Q9UBI4,30,4,26,20,14,16
Q9UBK7,15,0,15,12,3,12
Q9UF11,14,1,13,6,9,5
Q9Y2D0,21,0,21,13,8,13
Q9Y3B1,18,0,18,15,3,15
A0A6Q8PGL7,7,0,7,4,3,4
A2IDD5,30,1,29,19,12,18
A6NNY8,38,0,38,29,9,29
O43559,38,1,37,22,17,21
O60664,73,28,45,43,18,55
O60831,6,0,6,5,1,5
O60909,24,1,23,17,6,18
O75170,89,13,76,52,38,51
O75419,47,3,44,32,18,29
O75618,17,1,16,13,5,12
O76080,31,7,24,20,12,19
O76100,27,0,27,25,2,25
O94874,73,11,62,47,31,42
O95490,128,7,121,77,54,74
O95672,44,5,39,24,19,25
P01222,5,0,5,5,0,5
P01909,22,0,22,17,5,17
P03897,7,1,6,5,1,6
P14778,40,2,38,25,17,23
P16150,68,10,58,51,17,51
P21549,26,2,24,20,4,22
P22466,11,0,11,4,7,4
P22888,54,0,54,43,11,43
P23142,52,1,51,44,9,43
P26358,137,29,108,74,84,53
P26378,42,8,34,23,19,23
P27338,22,3,19,14,9,13
P35503,33,0,33,29,4,29
P35568,256,77,179,149,148,108
P36537,36,0,36,28,8,28
P41212,64,23,41,34,41,23
P43166,25,0,25,20,5,20
P48039,25,0,25,21,4,21
P48507,28,2,26,19,11,17
P49366,20,1,19,17,4,16
P49447,13,1,12,11,3,10
P51857,19,3,16,12,6,13
P56856,21,3,18,14,6,15
P60602,4,0,4,4,0,4
P63027,7,3,4,4,4,3
Q02556,32,3,29,23,10,22
Q0P641,17,0,17,10,7,10
Q12986,129,28,101,86,63,66
Q14524,180,24,156,118,78,102
Q15319,33,0,33,20,13,20
Q16534,24,0,24,11,13,11
Q16875,42,7,35,24,25,17
Q24JP5,65,3,62,43,25,40
Q32NB8,39,3,36,21,17,22
Q32P28,46,3,43,21,28,18
Q3ZM63,3,0,3,1,2,1
Q496J9,50,0,50,40,10,40
Q52LG2,37,0,37,32,5,32
Q5BJF6,69,13,56,38,32,37
Q5JRS4,27,0,27,22,5,22
Q5T9S5,126,10,116,71,57,69
Q6IF82,25,0,25,21,4,21
Q6UW63,31,1,30,18,14,17
Q7Z5Y6,24,1,23,17,8,16
Q86V48,199,65,134,98,126,73
Q8IVN3,4,0,4,4,0,4
Q8IVP5,11,2,9,8,3,8
Q8IYE1,62,3,59,24,41,21
Q8IYK2,19,2,17,11,10,9
Q8N9W4,25,0,25,11,14,11
Q8NCK7,31,0,31,23,8,23
Q8TCB6,21,0,21,19,2,19
Q8TCI5,9,1,8,4,6,3
Q8TDD5,33,0,33,29,4,29
Q8TDX5,12,0,12,10,2,10
Q8WW18,10,0,10,3,7,3
Q92769,29,6,23,18,15,14
Q96C01,12,2,10,9,5,7
Q96C36,31,7,24,19,13,18
Q96GC5,17,1,16,11,5,12
Q96I25,46,18,28,22,30,16
Q96JQ5,25,0,25,23,2,23
Q96N46,125,25,100,61,83,42
Q96ND8,49,0,49,38,11,38
Q96PE2,314,79,235,155,202,112
Q99952,33,8,25,18,21,12
Q9BPU6,30,4,26,20,12,18
Q9H344,26,0,26,25,1,25
Q9H6Z9,8,0,8,5,3,5
Q9HA82,24,0,24,16,8,16
Q9HC16,20,0,20,16,4,16
Q9HC29,68,2,66,49,21,47
Q9HD42,21,5,16,14,8,13
Q9NQ75,105,15,90,63,47,58
Q9NQS1,36,8,28,22,14,22
Q9NQS5,32,2,30,21,13,19
Q9NUE0,44,9,35,26,25,19
Q9NWL6,59,4,55,46,15,44
Q9NZD2,6,0,6,4,2,4
Q9UBD3,8,0,8,4,4,4
Q9UJ14,63,7,56,40,30,33
Q9UKF2,62,1,61,44,19,43
Q9Y2R5,4,0,4,3,1,3
Q9Y2W1,254,101,153,115,212,42
A0A075B6I1,21,0,21,15,6,15
A0A1B0GW54,1,0,1,1,0,1
A0A1W2PR19,16,0,16,13,3,13
A6NCW0,40,0,40,34,6,34
A6NLP5,6,0,6,2,4,2
A8MT19,44,0,44,27,17,27
B1AK53,80,11,69,48,41,39
H0YM25,15,0,15,10,5,10
O15431,17,1,16,13,5,12
O43897,69,0,69,41,28,41
O75600,30,1,29,19,10,20
O95563,7,1,6,6,2,5
P05120,34,2,32,22,14,20
P06340,12,0,12,9,3,9
P0C7M6,4,0,4,4,0,4
P0C7T5,93,13,80,59,37,56
P0CG42,25,0,25,10,15,10
P0DN77,28,0,28,22,6,22
P13671,86,4,82,66,20,66
P15509,29,1,28,18,12,17
P17038,47,2,45,41,8,39
P19961,32,1,31,26,7,25
P20585,102,8,94,65,39,63
P24386,65,3,62,55,9,56
P25090,25,4,21,17,8,17
P25325,24,7,17,16,13,11
P28067,14,0,14,12,2,12
P29475,101,6,95,62,45,56
P34995,34,0,34,17,17,17
P35367,51,12,39,30,29,22
P35610,40,4,36,29,15,25
P39900,27,0,27,24,3,24
P43362,31,0,31,23,8,23
P48723,32,2,30,20,14,18
P50990,39,11,28,25,23,16
P52757,26,4,22,19,9,17
P52888,38,6,32,22,20,18
P58180,19,0,19,19,0,19
P79483,19,0,19,13,6,13
P83369,45,10,35,17,36,9
P98177,75,10,65,47,34,41
Q08174,98,15,83,53,46,52
Q0VF49,92,0,92,42,50,42
Q13258,28,0,28,21,7,21
Q13480,117,28,89,63,66,51
Q14894,21,0,21,15,6,15
Q17RG1,78,3,75,49,32,46
Q2TAL6,16,0,16,11,5,11
Q2TAZ0,180,19,161,110,83,97
Q2Y0W8,79,6,73,55,30,49
Q3KNW1,20,0,20,12,8,12
Q3SYB3,29,0,29,22,7,22
Q5CZ79,53,1,52,37,17,36
Q5T0N1,70,0,70,54,16,54
Q5VSL9,58,9,49,42,21,37
Q5XKR9,11,0,11,3,8,3
Q68BL8,53,1,52,35,17,36
Q69YW2,7,0,7,3,4,3
Q6MZW2,70,2,68,44,28,42
Q6PI48,42,1,41,26,17,25
Q6UUV9,96,13,83,65,38,58
Q6V0L0,34,0,34,21,13,21
Q70IA6,12,0,12,8,4,8
Q7Z5W3,20,0,20,14,6,14
Q86X67,30,1,29,22,7,23
Q86YE8,31,0,31,22,9,22
Q8IXY8,19,0,19,13,6,13
Q8IZU2,102,4,98,77,25,77
Q8N7X1,173,5,168,74,104,69
Q8NCL8,20,0,20,16,4,16
Q8NE86,21,4,17,16,9,12
Q8TAC2,8,0,8,4,4,4
Q8TB92,30,1,29,25,4,26
Q8WVY7,14,3,11,9,2,12
Q8WXH4,13,0,13,6,7,6
Q8WZA6,22,0,22,18,4,18
Q92624,40,1,39,29,12,28
Q92952,33,1,32,21,13,20
Q96CT2,70,1,69,56,13,57
Q96D53,30,0,30,18,12,18
Q96KC9,42,0,42,35,7,35
Q96P63,35,0,35,25,10,25
Q96PD7,28,1,27,19,8,20
Q99985,59,0,59,48,11,48
Q9BQ66,25,0,25,25,0,25
Q9BRR0,47,4,43,30,19,28
Q9BTL3,8,2,6,4,6,2
Q9BZL3,1,0,1,1,0,1
Q9H321,36,0,36,4,32,4
Q9HAE3,7,0,7,3,4,3
Q9NVM6,19,2,17,11,8,11
Q9P258,49,10,39,32,19,30
Q9UBD6,29,0,29,20,9,20
Q9UG63,32,7,25,20,15,17
Q9UHT4,1,0,1,1,0,1
Q9UI38,28,0,28,22,6,22
Q9ULZ9,40,1,39,22,19,21
Q9UQL6,112,16,96,64,60,52
Q9Y3L5,18,3,15,10,7,11
Q9Y6X4,104,25,79,66,51,53
A0A0C4DH27,13,0,13,4,9,4
A0A0G2JMD5,30,0,30,22,8,22
A0A1B0GW55,23,0,23,12,11,12
A0A1W2PQ27,9,0,9,6,3,6
A4D1T9,14,0,14,12,2,12
A6NMY6,30,5,25,9,22,8
A8MQ27,45,3,42,25,23,22
A8MZ97,6,0,6,3,3,3
O60481,53,5,48,32,18,35
O75807,65,3,62,33,35,30
O75832,12,1,11,9,4,8
O94830,63,6,57,39,28,35
O95166,3,0,3,2,1,2
O95867,6,0,6,6,0,6
P02753,11,0,11,7,4,7
P05543,32,0,32,28,4,28
P08572,65,2,63,35,32,33
P0C646,23,0,23,23,0,23
P17948,128,3,125,87,44,84
P19087,23,2,21,16,9,14
P21802,63,8,55,36,27,36
P25105,18,1,17,13,6,12
P29400,64,2,62,44,22,42
P31645,42,2,40,34,6,36
P35658,441,93,348,328,112,329
P36542,30,5,25,19,12,18
P43004,40,8,32,28,8,32
P43220,38,0,38,28,10,28
P43359,14,0,14,7,7,7
P51668,12,1,11,8,3,9
P54317,36,0,36,28,8,28
P81877,32,3,29,20,15,17
Q00839,52,16,36,27,31,21
Q06787,53,8,45,30,23,30
Q08209,35,5,30,20,18,17
Q08945,101,33,68,49,73,28
Q12841,22,4,18,13,11,11
Q14332,32,0,32,27,5,27
Q14390,17,0,17,13,4,13
Q14687,146,26,120,80,84,62
Q15291,57,13,44,38,24,33
Q16698,25,2,23,18,7,18
Q30KQ6,2,0,2,2,0,2
Q5JRC9,80,8,72,32,56,24
Q5SZL2,95,5,90,64,34,61
Q5TKA1,56,12,44,34,24,32
Q6BAA4,32,0,32,22,10,22
Q6MZM0,65,2,63,42,23,42
Q6NXT1,21,6,15,13,8,13
Q6NY19,72,0,72,35,37,35
Q6P5Q4,47,0,47,17,30,17
Q7Z3J3,233,60,173,148,117,116
Q7Z4H9,24,0,24,16,8,16
Q86VS8,62,15,47,31,40,22
Q86X02,41,12,29,21,30,11
Q86YC2,153,26,127,97,68,85
Q8IUE6,3,0,3,0,3,0
Q8IVT5,90,0,90,57,33,57
Q8IW52,65,3,62,46,22,43
Q8IXB3,18,0,18,9,9,9
Q8IY22,68,6,62,48,22,46
Q8IYB3,266,118,148,124,252,14
Q8N428,41,0,41,25,16,25
Q8N5C7,21,1,20,17,5,16
Q8N5I9,33,7,26,15,25,8
Q8N907,16,0,16,12,4,12
Q8NBH2,43,0,43,35,8,35
Q8TAL6,22,2,20,12,10,12
Q8TCE9,5,0,5,5,0,5
Q8TDC3,98,15,83,49,64,34
Q8TDL5,42,3,39,33,10,32
Q8WV28,61,12,49,30,39,22
Q8WV92,15,0,15,9,6,9
Q96B02,15,0,15,11,4,11
Q96DT7,79,7,72,52,22,57
Q96EY7,59,6,53,41,20,39
Q96F46,66,8,58,44,28,38
Q96JK9,111,0,111,85,26,85
Q96M53,30,0,30,16,14,16
Q96N35,21,0,21,21,0,21
Q96P68,26,0,26,21,5,21
Q96RL6,77,1,76,56,20,57
Q9BVL2,65,1,64,60,6,59
Q9BWW9,36,1,35,22,15,21
Q9BZA5,12,2,10,10,4,8
Q9BZD4,32,5,27,19,14,18
Q9H1J7,24,0,24,14,10,14
Q9H2H8,5,0,5,4,1,4
Q9H633,8,0,8,5,3,5
Q9H8Q6,9,0,9,7,2,7
Q9HB58,77,15,62,40,50,27
Q9NU63,40,0,40,30,10,30
Q9P1Q5,25,0,25,23,2,23
Q9P232,101,0,101,64,37,64
Q9UJ68,14,0,14,8,6,8
Q9ULR5,9,0,9,6,3,6
Q9Y2I6,111,8,103,55,64,47
Q9Y3B3,15,0,15,12,3,12
Q9Y585,25,0,25,23,2,23
Q9Y6C5,75,1,74,56,20,55
A0A1B0GTR3,8,0,8,1,7,1
A0A2R8Y747,17,0,17,11,6,11
A1A5B4,39,0,39,30,9,30
A2A2Y4,54,7,47,33,26,28
A6NKC0,45,2,43,21,26,19
A8K2U0,124,3,121,89,36,88
G9CGD6,91,0,91,49,42,49
O00634,41,0,41,18,23,18
O14972,18,0,18,15,3,15
O15370,16,0,16,6,10,6
O43148,46,7,39,24,17,29
O43623,41,5,36,27,17,24
O43916,25,1,24,11,13,12
O75164,97,14,83,63,44,53
O75380,3,0,3,0,3,0
O75427,104,33,71,58,63,41
O75636,22,0,22,18,4,18
O75679,28,0,28,22,6,22
O75949,35,0,35,18,17,18
O96005,53,3,50,38,16,37
P07316,12,0,12,9,3,9
P0C5K6,1,0,1,1,0,1
P0CAP1,31,0,31,13,18,13
P0CI01,32,0,32,12,20,12
P0DW11,13,0,13,6,7,6
P12724,6,0,6,5,1,5
P17010,58,3,55,48,11,47
P21964,10,2,8,7,5,5
P24298,24,3,21,19,4,20
P24347,19,0,19,10,9,10
P25705,55,17,38,30,34,21
P31040,42,6,36,23,25,17
P46937,83,34,49,46,41,42
P48443,44,0,44,28,16,28
P57679,74,2,72,46,30,44
P59534,34,0,34,30,4,30
P60329,9,0,9,9,0,9
P86452,110,10,100,79,33,77
Q03518,61,3,58,48,14,47
Q07157,285,108,177,148,179,106
Q07654,6,0,6,5,1,5
Q08AF8,23,0,23,11,12,11
Q14697,70,8,62,42,34,36
Q16401,43,4,39,28,15,28
Q16772,17,5,12,9,13,4
Q569K6,61,1,60,31,31,30
Q5TYW2,58,4,54,42,18,40
Q5VV63,125,0,125,110,15,110
Q6IEZ7,27,1,26,22,4,23
Q6NSW5,19,0,19,14,5,14
Q6XCG6,10,0,10,7,3,7
Q86UP0,61,1,60,34,28,33
Q86UU0,187,45,142,115,105,82
Q86W11,47,3,44,35,13,34
Q86YD5,39,0,39,28,11,28
Q8IW50,29,10,19,16,21,8
Q8IWB1,30,0,30,23,7,23
Q8IYN0,37,1,36,28,8,29
Q8N6Y0,62,1,61,32,31,31
Q8N7Z2,16,0,16,11,5,11
Q8NDA8,120,1,119,84,35,85
Q8NGK1,23,0,23,23,0,23
Q8TBQ9,3,0,3,1,2,1
Q8TCY5,17,0,17,8,9,8
Q8TDS5,50,0,50,37,13,37
Q8WZA1,42,1,41,20,23,19
Q92478,11,0,11,9,2,9
Q92564,21,0,21,14,7,14
Q96EE3,51,7,44,39,17,34
Q96F85,10,0,10,7,3,7
Q96FN9,6,0,6,3,3,3
Q96GC6,44,0,44,33,11,33
Q96LA9,27,0,27,24,3,24
Q96LB1,27,0,27,24,3,24
Q96MN9,27,0,27,17,10,17
Q99593,56,2,54,32,24,32
Q9BRT3,6,1,5,5,2,4
Q9H0Y0,15,0,15,11,4,11
Q9H902,21,4,17,9,14,7
Q9NP85,30,0,30,16,14,16
Q9NPE2,33,8,25,14,19,14
Q9NS37,50,12,38,26,30,20
Q9NZ45,2,1,1,1,2,0
Q9P2D6,195,14,181,147,54,141
Q9P2J8,58,2,56,38,22,36
Q9UBC1,24,1,23,10,15,9
Q9UBC7,6,0,6,4,2,4
Q9UBN7,93,10,83,67,32,61
Q9UHX3,75,1,74,63,13,62
Q9UI09,3,0,3,3,0,3
Q9UKA1,67,0,67,55,12,55
Q9Y2B0,20,7,13,12,13,7
Q9Y2D5,140,46,94,74,64,76
Q9Y3D9,9,0,9,2,7,2
Q9Y6M7,134,34,100,75,77,57
Q9Y6X1,4,0,4,3,1,3
S4R3Y5,1,0,1,1,0,1
A0A075B6I4,12,0,12,7,5,7
A0A087WYE8,14,0,14,12,2,12
A0A0U1RR11,17,0,17,14,3,14
A0A1W2PQL4,24,0,24,19,5,19
A0A8Q3SIG1,284,0,284,195,89,195
A1L453,22,0,22,19,3,19
A4D2G3,21,0,21,20,1,20
A6NCI4,111,1,110,77,35,76
A8K7I4,69,2,67,49,18,51
A8MX80,31,0,31,13,18,13
A8MZ25,13,0,13,1,12,1
A8MZF0,27,0,27,5,22,5
D6R9N7,39,0,39,34,5,34
O00178,70,16,54,41,33,37
O00193,35,16,19,18,23,12
O00483,3,1,2,2,2,1
O14893,22,2,20,10,14,8
O43715,2,0,2,1,1,1
O75063,19,0,19,11,8,11
O75364,34,1,33,17,18,16
O75396,25,10,15,13,16,9
O75578,94,3,91,68,29,65
O95478,9,2,7,4,5,4
O95751,9,0,9,4,5,4
P00480,22,1,21,16,5,17
P04899,25,5,20,17,7,18
P09110,37,9,28,24,16,21
P0CE72,7,0,7,4,3,4
P0CG37,15,0,15,12,3,12
P0DUD1,18,0,18,8,10,8
P20226,21,0,21,15,6,15
P23471,291,4,287,213,76,215
P33778,17,6,11,6,17,0
P35504,34,0,34,29,5,29
P36894,41,4,37,31,10,31
P40938,23,3,20,18,6,17
P47887,27,0,27,25,2,25
P48740,50,0,50,40,10,40
P53701,19,1,18,10,10,9
P69892,12,4,8,7,7,5
Q14156,67,9,58,42,32,35
Q14244,105,38,67,55,80,25
Q15165,24,0,24,17,7,17
Q15195,7,0,7,6,1,6
Q15771,15,2,13,8,9,6
Q17RY0,87,10,77,55,38,49
Q4G0Z9,55,2,53,42,11,44
Q5JU00,37,0,37,25,12,25
Q5JVS0,23,5,18,11,17,6
Q5MJ68,25,0,25,21,4,21
Q5PR19,18,0,18,7,11,7
Q5TAT6,24,0,24,8,16,8
Q69YL0,5,0,5,2,3,2
Q6IPX1,35,0,35,22,13,22
Q6ISS4,17,1,16,9,9,8
Q6P4D5,15,0,15,10,5,10
Q6UWY0,44,0,44,37,7,37
Q6X9E4,37,0,37,22,15,22
Q6ZN57,43,1,42,37,7,36
Q6ZUT3,68,0,68,34,34,34
Q75L30,11,0,11,7,4,7
Q86UY8,30,0,30,21,9,21
Q86VU5,9,0,9,6,3,6
Q8IUD2,118,27,91,64,73,45
Q8IY47,52,1,51,33,20,32
Q8IYW2,196,2,194,123,75,121
Q8N9W7,17,0,17,9,8,9
Q8N9W8,42,0,42,29,13,29
Q8NA29,38,0,38,32,6,32
Q8NAQ8,12,0,12,5,7,5
Q8NC38,7,0,7,2,5,2
Q8ND82,99,17,82,66,32,67
Q8NDB6,21,0,21,9,12,9
Q8NGA0,28,0,28,27,1,27
Q8NGG2,30,0,30,25,5,25
Q8NGX0,25,0,25,21,4,21
Q8NH95,12,0,12,12,0,12
Q8TD16,79,23,56,40,50,29
Q8WTU0,29,0,29,18,11,18
Q8WUG5,33,1,32,29,5,28
Q96E39,106,44,62,48,96,10
Q96NX9,46,0,46,30,16,30
Q9BRL7,20,0,20,15,5,15
Q9GZL8,13,0,13,9,4,9
Q9H0M0,77,8,69,56,25,52
Q9H342,24,0,24,21,3,21
Q9H4F1,25,0,25,17,8,17
Q9H607,13,0,13,2,11,2
Q9H6S3,78,23,55,41,52,26
Q9NQL9,63,10,53,34,29,34
Q9NR31,11,2,9,9,2,9
Q9NR55,5,1,4,2,4,1
Q9NS62,86,4,82,38,52,34
Q9NZJ0,142,42,100,82,84,58
Q9UF33,73,0,73,49,24,49
Q9UK12,34,0,34,29,5,29
Q9ULB5,65,1,64,45,19,46
Q9Y2V2,18,8,10,10,14,4
Q9Y5G6,78,0,78,56,22,56
Q9Y639,31,1,30,20,10,21
A0A075B6N3,9,0,9,5,4,5
A0A0A6YYJ7,11,0,11,6,5,6
A6NDN8,4,0,4,2,2,2
A8MTW9,2,0,2,0,2,0
B5ME19,72,16,56,42,38,34
H3BR10,6,0,6,5,1,5
I3L1E1,12,0,12,11,1,11
O14793,21,1,20,10,12,9
O43869,25,0,25,21,4,21
O75084,31,0,31,26,5,26
O75324,5,1,4,2,4,1
O95013,26,0,26,22,4,22
O95236,39,3,36,27,15,24
O95406,2,0,2,0,2,0
P01023,122,1,121,87,34,88
P0DJD1,221,50,171,144,113,108
P0DX01,16,0,16,11,5,11
P17097,61,4,57,50,13,48
P18627,40,0,40,20,20,20
P27694,68,17,51,43,22,46
P29460,36,3,33,27,12,24
P37023,35,3,32,28,10,25
P38435,60,1,59,38,23,37
P39905,12,0,12,4,8,4
P45973,24,10,14,12,20,4
P49789,8,1,7,5,4,4
P59045,85,1,84,65,19,66
P62851,10,3,7,4,9,1
Q02080,31,0,31,14,17,14
Q06455,61,7,54,37,29,32
Q13588,15,0,15,8,7,8
Q13813,209,61,148,108,120,89
Q14161,114,35,79,61,60,54
Q14592,45,4,41,37,10,35
Q14802,4,0,4,3,1,3
Q16612,4,0,4,3,1,3
Q16832,77,10,67,53,22,55
Q30KQ1,1,0,1,1,0,1
Q3SXM5,28,0,28,24,4,24
Q496M5,24,0,24,18,6,18
Q53HI1,8,0,8,6,2,6
Q5MJ08,8,0,8,2,6,2
Q5T5F5,5,0,5,3,2,3
Q5VSD8,7,0,7,6,1,6
Q5VWX1,31,6,25,14,17,14
Q5VZ46,149,11,138,73,85,64
Q6ZQT7,39,0,39,18,21,18
Q6ZRM9,28,0,28,17,11,17
Q6ZS52,15,0,15,6,9,6
Q6ZSV7,16,0,16,11,5,11
Q6ZTC4,15,0,15,13,2,13
Q6ZWC4,24,0,24,11,13,11
Q76LX8,110,0,110,77,33,77
Q7RTV0,8,3,5,5,6,2
Q86VQ6,38,0,38,20,18,20
Q8IYS1,22,0,22,14,8,14
Q8IZM0,15,0,15,8,7,8
Q8N3J3,80,12,68,46,42,38
Q8N4N3,51,5,46,36,18,33
Q8N7P7,44,2,42,21,25,19
Q8N8P6,10,0,10,9,1,9
Q8N8V2,43,1,42,33,9,34
Q8NBA8,28,7,21,16,17,11
Q8NBN3,45,4,41,31,16,29
Q8NEL9,92,10,82,53,39,53
Q8NEZ5,26,1,25,21,6,20
Q8NG06,27,0,27,17,10,17
Q8NG11,17,1,16,15,3,14
Q8TF08,8,0,8,6,2,6
Q8WTR4,49,0,49,37,12,37
Q8WZ94,28,0,28,25,3,25
Q96A32,10,4,6,5,7,3
Q96BW1,29,1,28,22,8,21
Q96J87,26,0,26,18,8,18
Q96K49,48,5,43,36,15,33
Q96MN2,64,1,63,46,19,45
Q96N21,76,5,71,48,31,45
Q99496,39,7,32,26,16,23
Q99729,21,3,18,11,11,10
Q99909,7,0,7,3,4,3
Q9BY10,49,1,48,36,14,35
Q9BYB4,26,1,25,19,6,20
Q9GZP9,7,0,7,6,1,6
Q9HAN9,24,5,19,12,11,13
Q9HBX9,54,1,53,46,9,45
Q9NQ25,28,1,27,19,10,18
Q9NQX5,23,4,19,12,15,8
Q9NS56,188,38,150,86,134,54
Q9NV66,55,5,50,38,18,37
Q9NX20,12,1,11,5,8,4
Q9NX65,64,1,63,39,26,38
Q9NZA1,27,3,24,17,7,20
Q9P298,6,0,6,2,4,2
Q9P2S5,43,3,40,29,15,28
Q9P2W3,2,0,2,2,0,2
Q9UH03,16,1,15,10,7,9
Q9UI26,53,2,51,42,13,40
Q9UJ55,76,2,74,52,26,50
Q9UK73,30,1,29,23,8,22
A0A087WVF3,35,0,35,22,13,22
A0A0G2JNJ9,13,0,13,7,6,7
A0A1B0GUQ0,5,0,5,4,1,4
A0A2R8Y7D0,9,0,9,6,3,6
A6NJB7,37,2,35,14,25,12
A8MYJ7,29,0,29,23,6,23
B2RUZ4,11,4,7,5,8,3
B7Z368,10,0,10,3,7,3
L0R819,9,0,9,3,6,3
O00422,11,3,8,6,8,3
O14907,9,3,6,5,5,4
O14980,65,10,55,49,20,45
O15062,102,12,90,71,39,63
O43264,67,4,63,48,19,48
O60279,60,7,53,39,26,34
O94818,83,4,79,47,38,45
O95006,30,1,29,26,5,25
O95622,88,6,82,54,32,56
P0C866,23,0,23,13,10,13
P12532,29,9,20,12,20,9
P15018,10,0,10,8,2,8
P15170,27,5,22,16,14,13
P19256,25,0,25,19,6,19
P24557,31,0,31,19,12,19
P41221,31,2,29,21,12,19
P46779,17,7,10,7,17,0
P49815,235,57,178,133,139,96
P50222,40,3,37,27,16,24
P54826,23,1,22,13,11,12
P54855,39,0,39,31,8,31
P61565,51,0,51,34,17,34
Q01668,163,6,157,100,63,100
Q05066,18,1,17,9,10,8
Q08J23,65,18,47,35,32,33
Q13228,38,8,30,27,17,21
Q13636,15,4,11,10,7,8
Q13887,36,6,30,26,14,22
Q17RW2,87,0,87,53,34,53
Q1MSJ5,110,15,95,59,62,48
Q1RMZ1,33,1,32,23,11,22
Q2NL98,4,0,4,2,2,2
Q3MJ13,110,1,109,80,31,79
Q3SY77,33,3,30,21,15,18
Q4AC99,40,2,38,33,9,31
Q53FE4,35,0,35,19,16,19
Q5TEA6,34,0,34,26,8,26
Q5UCC4,17,0,17,14,3,14
Q5VY80,16,1,15,13,4,12
Q66K80,25,0,25,13,12,13
Q6DKI1,10,2,8,5,7,3
Q6DKI7,32,3,29,22,13,19
Q6XXX2,18,0,18,13,5,13
Q71UM5,8,3,5,5,6,2
Q7L513,33,0,33,22,11,22
Q7L576,89,10,79,52,45,44
Q7Z2E3,29,4,25,19,14,15
Q7Z444,12,0,12,10,2,10
Q8IU99,16,0,16,15,1,15
Q8IYF3,71,1,70,51,19,52
Q8IZJ6,20,0,20,11,9,11
Q8N0W5,19,0,19,13,6,13
Q8N2E2,136,0,136,99,37,99
Q8N309,46,0,46,29,17,29
Q8N5S3,27,0,27,13,14,13
Q8N884,48,7,41,31,24,24
Q8ND56,61,18,43,41,28,33
Q8NG97,28,0,28,24,4,24
Q8TCW9,22,0,22,19,3,19
Q8TDS7,36,1,35,26,9,27
Q8WVB3,31,0,31,21,10,21
Q92538,200,37,163,120,85,115
Q92615,114,39,75,65,74,40
Q92747,38,2,36,26,12,26
Q96A29,26,0,26,19,7,19
Q96B70,22,3,19,12,13,9
Q96EY9,20,3,17,10,11,9
Q96FE5,42,1,41,30,13,29
Q96FN5,51,2,49,22,31,20
Q96M20,35,0,35,16,19,16
Q96QS3,41,0,41,22,19,22
Q99436,15,0,15,11,4,11
Q99501,96,24,72,48,72,24
Q9BQM9,7,0,7,1,6,1
Q9BU70,36,1,35,22,15,21
Q9BYJ4,37,1,36,32,6,31
Q9H5F2,6,0,6,6,0,6
Q9H7S9,107,17,90,71,49,58
Q9NP78,60,1,59,47,14,46
Q9NQW1,127,2,125,80,49,78
Q9NQW7,39,3,36,25,17,22
Q9NRC9,5,0,5,4,1,4
Q9NWC5,16,3,13,12,7,9
Q9NWV4,13,3,10,8,8,5
Q9P0G3,16,0,16,13,3,13
Q9UKU9,28,1,27,18,9,19
Q9ULD2,182,35,147,108,81,101
Q9Y2D4,48,5,43,29,18,30
Q9Y2W2,53,16,37,31,30,23
Q9Y5H8,93,2,91,63,30,63
Q9Y5W3,24,6,18,12,14,10
A0A087X1G2,35,0,35,23,12,23
A0A1B0GUX0,10,0,10,6,4,6
A6NIX2,38,5,33,15,28,10
H3BV12,40,0,40,23,17,23
O00488,9,1,8,3,7,2
O00626,3,0,3,3,0,3
O14965,46,18,28,28,10,36
O15083,77,6,71,34,47,30
O43157,164,7,157,102,65,99
O43173,30,2,28,24,6,24
O43316,25,0,25,17,8,17
O43491,128,47,81,67,80,48
O43511,55,0,55,47,8,47
O43895,52,0,52,33,19,33
O43933,131,11,120,92,46,85
O60225,8,0,8,3,5,3
O75448,92,8,84,70,24,68
O95425,278,72,206,149,165,113
P01624,15,0,15,10,5,10
P01714,13,0,13,10,3,10
P08246,14,0,14,12,2,12
P0CG20,46,3,43,23,26,20
P0CG22,20,0,20,13,7,13
P15172,35,5,30,20,14,21
P21810,23,0,23,16,7,16
P25791,5,0,5,4,1,4
P26006,67,1,66,44,24,43
P27918,32,0,32,22,10,22
P32456,39,0,39,25,14,25
P35325,2,1,1,1,2,0
P35749,109,18,91,60,61,48
P36507,37,12,25,20,15,22
P43003,23,1,22,18,6,17
P47710,27,11,16,16,18,9
P48307,11,0,11,8,3,8
P51797,70,4,66,47,23,47
P51826,195,19,176,122,84,111
P54727,38,6,32,27,7,31
Q02747,4,0,4,4,0,4
Q05D60,44,5,39,21,24,20
Q11201,20,0,20,14,6,14
Q2MJR0,41,0,41,22,19,22
Q2NKX8,166,52,114,101,73,93
Q32M78,65,2,63,54,13,52
Q3MJ62,23,0,23,13,10,13
Q5SXM2,160,17,143,90,79,81
Q5T4B2,34,0,34,19,15,19
Q5TA76,20,3,17,16,3,17
Q5W0Q7,123,6,117,87,40,83
Q658N2,40,0,40,23,17,23
Q6NX49,74,1,73,65,8,66
Q6P280,40,0,40,31,9,31
Q6ZV73,203,40,163,124,95,108
Q7Z401,261,45,216,166,116,145
Q7Z591,207,53,154,111,127,80
Q7Z7C8,33,5,28,18,12,21
Q86SH2,31,0,31,14,17,14
Q86SQ3,34,0,34,31,3,31
Q86VQ3,56,2,54,18,40,16
Q86X59,26,0,26,10,16,10
Q86YB8,30,0,30,22,8,22
Q86YS7,111,32,79,70,47,64
Q8N135,42,0,42,34,8,34
Q8N201,213,25,188,129,97,116
Q8N3Y7,16,1,15,14,1,15
Q8N5K1,6,1,5,3,2,4
Q8N5V2,61,6,55,38,27,34
Q8N616,6,0,6,6,0,6
Q8NEY3,26,0,26,15,11,15
Q8WWF1,11,1,10,8,2,9
Q92544,48,2,46,42,8,40
Q969E1,6,0,6,3,3,3
Q96BM9,8,0,8,5,3,5
Q96DI7,34,3,31,26,11,23
Q96F86,60,17,43,31,38,22
Q96IY4,38,1,37,27,10,28
Q96KJ4,65,0,65,49,16,49
Q96RA2,31,0,31,26,5,26
Q99457,50,0,50,33,17,33
Q9BQQ7,16,1,15,13,4,12
Q9BV94,32,0,32,16,16,16
Q9BZF1,128,40,88,74,66,62
Q9H6K4,3,0,3,0,3,0
Q9H9P8,35,2,33,23,14,21
Q9HBI6,24,0,24,17,7,17
Q9NNX9,25,1,24,5,21,4
Q9NSP4,14,0,14,12,2,12
Q9NWD9,1,0,1,1,0,1
Q9NY30,20,0,20,14,6,14
Q9NYC9,266,8,258,177,91,175
Q9P273,237,5,232,160,78,159
Q9P283,113,3,110,83,31,82
Q9UDX4,14,0,14,9,5,9
Q9UKT8,39,0,39,33,6,33
Q9UKW4,47,9,38,29,27,20
Q9UN66,72,0,72,49,23,49
Q9Y2H0,158,24,134,84,84,74
Q9Y5Q8,39,5,34,26,18,21
Q9Y6D6,175,30,145,116,65,110
Q9Y6Z2,4,0,4,4,0,4
A0A075B6L6,7,0,7,4,3,4
A0A0B4J2D5,13,0,13,7,6,7
A0A0C4DGP1,4,0,4,2,2,2
A6ND01,19,0,19,15,4,15
A6PVI3,9,0,9,6,3,6
H3BTG2,6,0,6,3,3,3
O00264,14,4,10,7,9,5
O00401,41,9,32,26,18,23
O43908,8,0,8,5,3,5
O75973,14,0,14,12,2,12
O76076,16,0,16,13,3,13
P04637,53,18,35,33,24,29
P04921,8,1,7,6,3,5
P07451,25,8,17,14,13,12
P09496,22,8,14,12,14,8
P11473,46,4,42,30,14,32
P14060,27,0,27,18,9,18
P14207,18,0,18,15,3,15
P19634,82,23,59,49,32,50
P20290,16,7,9,8,5,11
P22392,14,7,7,9,10,4
P22732,31,0,31,23,8,23
P25774,26,1,25,18,9,17
P35410,28,0,28,26,2,26
P35443,55,0,55,43,12,43
P41279,43,8,35,27,18,25
P46094,30,0,30,21,9,21
P46100,401,128,273,192,259,142
P46663,20,1,19,16,3,17
P50542,51,10,41,32,23,28
P50914,5,1,4,2,4,1
P51164,14,0,14,8,6,8
P54760,86,11,75,51,34,52
P55265,132,23,109,80,55,77
P56385,1,0,1,0,1,0
P59510,176,4,172,148,30,146
Q008S8,73,1,72,59,15,58
Q00994,1,0,1,1,0,1
Q10571,149,10,139,99,54,95
Q13043,41,14,27,22,27,14
Q13564,36,3,33,27,12,24
Q16873,7,1,6,5,3,4
Q1W209,26,0,26,16,10,16
Q2M2I3,50,10,40,24,34,16
Q53GL7,71,16,55,42,37,34
Q5JXC2,61,5,56,30,32,29
Q5T5M9,31,0,31,26,5,26
Q5VW00,33,0,33,20,13,20
Q67FW5,24,0,24,17,7,17
Q684P5,99,23,76,49,59,40
Q6B0B8,35,0,35,24,11,24
Q6IC83,24,0,24,17,7,17
Q6P2Q9,125,18,107,78,41,84
Q6PCB7,31,0,31,24,7,24
Q6PCT2,63,6,57,34,33,30
Q6PEX7,10,0,10,7,3,7
Q6PIY5,37,0,37,26,11,26
Q6PKC3,95,1,94,65,31,64
Q6XPS3,34,0,34,22,12,22
Q6YFQ2,6,0,6,4,2,4
Q6ZUT1,43,7,36,18,28,15
Q719I0,14,0,14,8,6,8
Q7Z2K8,171,41,130,101,93,78
Q7Z2Z2,77,5,72,49,31,46
Q7Z309,66,20,46,39,37,29
Q8HWS3,104,3,101,69,34,70
Q8IYT3,54,3,51,26,31,23
Q8N9T2,7,0,7,3,4,3
Q8NBF2,61,4,57,43,20,41
Q8NGX6,22,0,22,20,2,20
Q8NHV1,19,1,18,14,6,13
Q8NHW3,32,5,27,20,15,17
Q8WV48,19,0,19,13,6,13
Q8WW14,12,0,12,8,4,8
Q8WW34,14,0,14,13,1,13
Q8WXW3,51,5,46,20,30,21
Q93083,7,0,7,4,3,4
Q96B86,26,0,26,21,5,21
Q96GX2,4,1,3,3,2,2
Q96NU1,61,9,52,27,43,18
Q96T91,11,0,11,9,2,9
Q9BW92,50,3,47,27,24,26
Q9C0H5,144,43,101,74,103,41
Q9H089,61,13,48,36,34,27
Q9HD47,13,2,11,9,6,7
Q9NPA2,34,0,34,17,17,17
Q9NPI7,23,3,20,14,12,11
Q9NRJ3,7,0,7,5,2,5
Q9NWX6,15,1,14,12,2,13
Q9UDT6,116,24,92,64,64,52
Q9UHI6,113,35,78,65,61,52
Q9UI30,5,0,5,5,0,5
Q9UKN7,245,2,243,128,119,126
Q9ULD0,74,3,71,41,36,38
Q9UMQ3,24,2,22,14,10,14
Q9UPN7,92,15,77,54,45,47
Q9UPX0,127,9,118,71,63,64
Q9Y5Y0,36,2,34,27,11,25
Q9Y679,44,11,33,28,21,23
A0A0B4J1W7,26,0,26,19,7,19
A0A0C4DH34,18,0,18,18,0,18
A0A0U1RQI7,104,0,104,102,2,102
A6NJV1,10,0,10,7,3,7
A6NK97,43,0,43,36,7,36
A6NNA2,105,0,105,10,95,10
C9J202,18,1,17,9,10,8
H3BNL1,12,0,12,9,3,9
O00155,27,3,24,18,10,17
O14950,6,3,3,3,4,2
O15225,4,0,4,2,2,2
O75446,14,2,12,8,8,6
O94827,111,10,101,55,58,53
O95198,39,0,39,29,10,29
O95371,22,0,22,21,1,21
O95619,9,1,8,5,5,4
O95989,12,2,10,9,3,9
P01019,30,0,30,25,5,25
P01567,16,0,16,11,5,11
P01814,12,0,12,11,1,11
P0DPF6,20,0,20,8,12,8
P11717,233,11,222,177,57,176
P13987,6,0,6,6,0,6
P17096,10,5,5,5,10,0
P31152,54,8,46,28,34,20
P32238,40,0,40,25,15,25
P41146,24,2,22,17,9,15
P48169,60,7,53,35,28,32
P54289,72,2,70,52,18,54
P57060,29,4,25,21,10,19
P59998,14,3,11,7,10,4
P80162,6,0,6,5,1,5
Q02388,170,5,165,88,85,85
Q05193,68,15,53,38,41,27
Q05519,102,37,65,48,87,15
Q08211,101,27,74,58,48,53
Q0VDD7,70,7,63,47,30,40
Q13404,8,0,8,5,3,5
Q15620,26,0,26,25,1,25
Q16666,88,22,66,58,34,54
Q17RA5,5,0,5,4,1,4
Q17RC7,49,6,43,28,27,22
Q53FP2,10,1,9,2,7,3
Q5SW96,31,6,25,21,14,17
Q5TAG4,129,0,129,98,31,98
Q5TBC7,10,0,10,9,1,9
Q5VWP2,26,0,26,17,9,17
Q5VXM1,39,0,39,33,6,33
Q5YKI7,7,0,7,2,5,2
Q6AZW8,29,2,27,22,9,20
Q6F5E8,150,25,125,89,84,66
Q6ICL7,26,0,26,21,5,21
Q6P1L8,11,1,10,6,6,5
Q6UXB1,10,0,10,8,2,8
Q6ZMZ3,56,2,54,33,25,31
Q6ZN06,43,2,41,25,16,27
Q6ZST2,6,0,6,4,2,4
Q6ZVX7,23,8,15,12,15,8
Q7Z2Q7,53,0,53,38,15,38
Q7Z398,25,0,25,16,9,16
Q7Z4Y8,5,0,5,4,1,4
Q86UT5,39,0,39,25,14,25
Q8IWI9,346,0,346,198,148,198
Q8IWL3,16,1,15,8,9,7
Q8IYU4,45,0,45,32,13,32
Q8N2I2,49,0,49,39,10,39
Q8N7W2,57,5,52,34,22,35
Q8NEE0,5,0,5,1,4,1
Q8NFL0,13,1,12,10,4,9
Q8NGX5,35,1,34,32,4,31
Q8WUT9,24,2,22,20,4,20
Q8WVX3,3,0,3,1,2,1
Q92541,100,25,75,46,59,41
Q969E8,7,1,6,6,2,5
Q96FA7,29,6,23,17,14,15
Q96HY6,19,7,12,12,10,9
Q96KP6,13,0,13,8,5,8
Q96M86,377,6,371,258,125,252
Q96NZ9,3,0,3,1,2,1
Q9BWT3,87,22,65,52,45,42
Q9BZK8,5,0,5,3,2,3
Q9C0D9,31,0,31,25,6,25
Q9H4Z2,150,14,136,104,52,98
Q9H7T0,96,3,93,69,26,70
Q9HB03,12,0,12,12,0,12
Q9NRC1,42,1,41,30,13,29
Q9NRN9,10,0,10,4,6,4
Q9NW15,34,0,34,27,7,27
Q9NX14,10,1,9,4,5,5
Q9NYV4,290,92,198,154,194,96
Q9NYV8,34,1,33,23,10,24
Q9P2A4,30,5,25,18,15,15
Q9UBC9,4,0,4,3,1,3
Q9UH92,42,11,31,28,17,25
Q9Y271,30,5,25,23,12,18
Q9Y2D9,60,14,46,34,36,24
Q9Y2J2,134,32,102,79,61,73
Q9Y2J8,45,5,40,32,16,29
A0A0K0K1D8,10,0,10,6,4,6
A0A1W2PQC6,9,0,9,6,3,6
A0A8V8TLL3,12,0,12,2,10,2
A5PKW4,112,7,105,53,60,52
A6NCJ1,16,0,16,9,7,9
A6NIJ5,44,0,44,22,22,22
B4DXR9,37,0,37,33,4,33
C9JC47,26,0,26,11,15,11
E5RG02,18,0,18,13,5,13
O00587,20,0,20,10,10,10
O14576,56,6,50,36,22,34
O14672,59,4,55,37,22,37
O43347,31,6,25,19,16,15
O60384,5,0,5,3,2,3
O60488,50,10,40,33,17,33
O60809,31,1,30,23,9,22
O75449,45,7,38,24,24,21
O75477,22,4,18,13,11,11
O75592,521,70,451,334,213,308
O75886,48,4,44,38,6,42
O95407,15,0,15,14,1,14
P08910,27,3,24,18,8,19
P09467,22,3,19,16,9,13
P13640,10,4,6,8,6,4
P18089,31,0,31,19,12,19
P40200,63,0,63,47,16,47
P41002,76,3,73,47,32,44
P41180,103,6,97,75,32,71
P49406,15,2,13,9,8,7
P49792,496,174,322,303,197,299
P50570,80,18,62,49,31,49
P54098,72,0,72,42,30,42
P60608,56,0,56,49,7,49
P62249,4,0,4,2,2,2
P62826,6,2,4,4,4,2
P78344,83,21,62,48,30,53
Q07812,12,3,9,7,4,8
Q16827,116,2,114,92,26,90
Q3LI60,2,0,2,2,0,2
Q5TDH0,36,10,26,23,15,21
Q5TID7,39,0,39,16,23,16
Q5VTM2,76,0,76,51,25,51
Q6PGQ1,26,0,26,17,9,17
Q6UB28,28,2,26,19,11,17
Q6ZSZ5,156,22,134,78,96,60
Q71SY5,47,1,46,36,12,35
Q7L5D6,32,1,31,21,12,20
Q7Z5L3,16,0,16,11,5,11
Q86V86,15,0,15,5,10,5
Q86WS4,81,0,81,56,25,56
Q86XJ0,29,0,29,19,10,19
Q8IUH8,50,1,49,41,10,40
Q8IYP9,31,3,28,21,13,18
Q8IZS5,20,0,20,9,11,9
Q8N6D2,26,0,26,16,10,16
Q8N6T3,86,34,52,47,47,39
Q8N769,13,0,13,12,1,12
Q8NB90,69,11,58,45,29,40
Q8NDZ4,25,1,24,15,11,14
Q8NGN7,22,0,22,20,2,20
Q8NH41,34,2,32,27,7,27
Q8WTS1,22,0,22,15,7,15
Q8WTT2,64,14,50,31,41,23
Q8WU20,66,24,42,32,44,22
Q8WV15,27,0,27,22,5,22
Q8WWC4,25,1,24,15,11,14
Q8WWM1,6,0,6,4,2,4
Q8WZ64,181,14,167,111,78,103
Q92753,34,2,32,23,11,23
Q969S3,37,8,29,20,15,22
Q96CB5,12,0,12,5,7,5
Q96CN5,42,4,38,16,26,16
Q96FC7,35,4,31,25,14,21
Q96IQ9,33,0,33,20,13,20
Q96JQ0,268,10,258,154,118,150
Q96L92,34,6,28,23,11,23
Q96LT4,26,0,26,22,4,22
Q96PJ5,46,1,45,32,13,33
Q9BSK2,24,0,24,17,7,17
Q9H0W8,53,9,44,33,23,30
Q9H2S6,11,0,11,8,3,8
Q9HD89,10,0,10,9,1,9
Q9NP70,31,0,31,20,11,20
Q9NR23,20,0,20,17,3,17
Q9NSA3,7,2,5,5,4,3
Q9NSD4,37,2,35,18,21,16
Q9NZH4,22,4,18,11,13,9
Q9P0S9,8,0,8,8,0,8
Q9P0U4,46,7,39,20,29,17
Q9P1A6,139,9,130,65,81,58
Q9UDX5,11,0,11,9,2,9
Q9UH73,59,1,58,46,14,45
Q9UIG4,5,0,5,1,4,1
Q9UJY5,68,9,59,49,24,44
Q9UKY4,53,1,52,42,12,41
Q9UQB8,83,28,55,45,40,43
Q9UQF0,43,0,43,34,9,34
Q9Y235,10,1,9,7,2,8
Q9Y264,44,4,40,26,22,22
Q9Y275,20,0,20,13,7,13
A0A087WZK3,9,0,9,3,6,3
A0A0B4J245,13,0,13,6,7,6
A1XBS5,20,5,15,9,16,4
A6NC05,14,0,14,7,7,7
A6NDK9,42,1,41,21,22,20
F5H4B4,59,0,59,32,27,32
O00418,85,26,59,50,45,40
O14524,40,5,35,31,12,28
O14647,196,32,164,97,121,75
O15067,90,12,78,52,38,52
O15209,80,9,71,55,30,50
O15530,61,19,42,37,25,36
O43795,81,11,70,47,39,42
O60269,53,0,53,25,28,25
O60493,10,4,6,6,6,4
O75185,73,4,69,53,18,55
O75936,21,1,20,16,6,15
O96000,4,2,2,2,2,2
P03986,9,0,9,5,4,5
P06127,62,9,53,46,15,47
P07858,26,0,26,19,7,19
P12814,51,18,33,25,20,31
P12821,76,1,75,52,23,53
P16220,38,13,25,25,18,20
P17483,23,5,18,13,15,8
P20366,8,0,8,5,3,5
P20916,57,3,54,38,22,35
P20936,73,5,68,43,33,40
P33316,21,6,15,10,13,8
P35573,97,8,89,64,29,68
P42771,5,1,4,3,3,2
P53671,56,9,47,34,31,25
P60002,4,0,4,4,0,4
P61328,28,3,25,14,17,11
P61421,14,1,13,10,5,9
Q01415,34,0,34,25,9,25
Q13278,14,0,14,14,0,14
Q14643,199,19,180,122,90,109
Q14DG7,100,1,99,64,37,63
Q15842,33,3,30,19,17,16
Q2KHM9,103,16,87,62,51,52
Q3BBV0,107,5,102,79,29,78
Q3KPI0,25,0,25,18,7,18
Q3LI81,30,0,30,27,3,27
Q504T8,66,7,59,39,34,32
Q5SZD4,25,1,24,17,7,18
Q5T319,16,0,16,13,3,13
Q5VV16,28,0,28,21,7,21
Q6GTX8,31,4,27,17,14,17
Q6L8Q7,69,16,53,42,31,38
Q6NSI3,62,0,62,29,33,29
Q6PEV8,73,5,68,60,18,55
Q6PJG9,50,6,44,32,24,26
Q6UWU2,37,0,37,24,13,24
Q6UXQ8,12,0,12,4,8,4
Q6V9R5,32,0,32,24,8,24
Q6WN34,28,0,28,17,11,17
Q7L2Z9,27,6,21,14,15,12
Q7LBC6,247,56,191,147,98,149
Q7RTX9,31,0,31,26,5,26
Q7Z4N8,37,0,37,16,21,16
Q7Z5H5,30,0,30,24,6,24
Q86UY6,17,1,16,14,4,13
Q86V81,19,7,12,9,15,4
Q8IWT6,52,7,45,32,19,33
Q8IXS2,30,3,27,14,17,13
Q8N145,41,0,41,29,12,29
Q8N5M1,19,0,19,11,8,11
Q8N715,54,2,52,10,46,8
Q8N8E2,43,6,37,30,19,24
Q8NB78,63,10,53,43,22,41
Q8NBZ7,23,1,22,10,12,11
Q8NFU1,27,0,27,18,9,18
Q8NH48,28,0,28,27,1,27
Q8TB36,19,2,17,11,10,9
Q8WXS4,14,0,14,12,2,12
Q969V5,25,0,25,19,6,19
Q96LZ3,11,0,11,4,7,4
Q96MZ0,23,0,23,13,10,13
Q96TC7,65,21,44,38,32,33
Q99598,27,6,21,16,15,12
Q9H098,3,1,2,2,2,1
Q9H175,59,0,59,39,20,39
Q9H606,15,0,15,8,7,8
Q9H6R7,98,18,80,66,30,68
Q9H7F4,21,2,19,16,5,16
Q9H9B4,20,4,16,12,6,14
Q9HCY8,11,3,8,8,4,7
Q9HDC5,94,27,67,43,64,30
Q9NPH5,42,0,42,34,8,34
Q9NUP9,14,2,12,7,7,7
Q9NVS2,8,0,8,4,4,4
Q9NZ72,22,8,14,13,15,7
Q9NZL9,20,4,16,15,3,17
Q9P281,282,14,268,152,140,142
Q9UIK5,28,0,28,23,5,23
Q9UJQ4,136,24,112,92,52,84
Q9ULA0,31,0,31,16,15,16
Q9Y236,43,0,43,32,11,32
Q9Y613,117,18,99,76,55,62
A0A075B6K4,14,0,14,11,3,11
A0A0C4DH67,16,0,16,10,6,10
A0A0G2JKD1,181,0,181,172,9,172
A0A0K0K1G6,9,0,9,4,5,4
A0A1B0GTK5,6,0,6,5,1,5
A6NEE1,41,3,38,22,22,19
O60315,175,44,131,104,81,94
O60663,34,0,34,22,12,22
O60779,35,1,34,33,1,34
O75487,45,1,44,32,14,31
O94788,27,2,25,14,15,12
O95352,51,3,48,40,10,41
P00338,32,8,24,23,11,21
P09172,40,2,38,29,11,29
P0C869,58,1,57,38,21,37
P0DMP2,35,0,35,20,15,20
P0DPD8,64,0,64,43,21,43
P10809,43,18,25,24,13,30
P12004,27,4,23,21,4,23
P12694,36,8,28,17,25,11
P12757,71,6,65,42,35,36
P27348,29,13,16,15,19,10
P29322,78,1,77,46,31,47
P30532,36,0,36,26,10,26
P30536,7,0,7,6,1,6
P31249,51,3,48,34,18,33
P36383,23,2,21,12,13,10
P47890,32,0,32,29,3,29
P48058,70,2,68,43,27,43
P48378,78,4,74,55,27,51
P49279,35,0,35,24,11,24
P50150,5,1,4,4,2,3
P55268,114,6,108,86,34,80
Q02446,104,16,88,78,24,80
Q04941,9,0,9,9,0,9
Q05BQ5,54,1,53,28,27,27
Q13003,62,3,59,39,26,36
Q13021,12,0,12,10,2,10
Q13046,37,0,37,31,6,31
Q13361,9,0,9,6,3,6
Q15154,321,105,216,186,146,175
Q15269,89,11,78,64,22,67
Q15370,7,1,6,5,1,6
Q2M3T9,42,0,42,32,10,32
Q2TB10,85,23,62,51,45,40
Q53EP0,120,12,108,79,51,69
Q53R12,23,0,23,19,4,19
Q5GFL6,56,0,56,40,16,40
Q5GH73,39,1,38,29,9,30
Q68EA5,39,1,38,31,7,32
Q6NXT4,40,5,35,29,8,32
Q6PJ21,43,0,43,32,11,32
Q6R2W3,129,5,124,79,51,78
Q6U949,14,0,14,2,12,2
Q6UXX9,15,0,15,11,4,11
Q6ZV70,23,0,23,16,7,16
Q7RTY0,37,0,37,31,6,31
Q86UD1,17,0,17,14,3,14
Q8IVU9,13,0,13,11,2,11
Q8IZU8,91,2,89,68,25,66
Q8N162,29,0,29,27,2,27
Q8N1K5,44,2,42,30,16,28
Q8N350,69,11,58,32,42,27
Q8N5Z0,38,3,35,23,14,24
Q8NEP7,21,0,21,11,10,11
Q8NES3,22,0,22,13,9,13
Q8NET1,3,0,3,3,0,3
Q8NF99,63,11,52,39,27,36
Q8NG41,9,1,8,3,7,2
Q8TBE3,17,0,17,11,6,11
Q8TCF1,16,1,15,10,7,9
Q8TE23,63,0,63,55,8,55
Q8TEB9,26,3,23,19,10,16
Q8WWA1,39,5,34,19,21,18
Q96IC2,44,0,44,33,11,33
Q96LB0,27,0,27,23,4,23
Q96M95,12,0,12,6,6,6
Q96Q77,8,1,7,4,5,3
Q9BSC4,62,14,48,39,27,35
Q9BVN2,108,10,98,62,54,54
Q9BY44,46,8,38,31,17,29
Q9BYX7,28,4,24,16,14,14
Q9C0A1,214,2,212,135,81,133
Q9H4D0,70,1,69,45,24,46
Q9H7X2,6,0,6,3,3,3
Q9HAV7,8,1,7,3,4,4
Q9NP64,24,6,18,10,18,6
Q9P0M9,11,3,8,5,9,2
Q9P1W9,15,1,14,8,8,7
Q9P225,276,7,269,195,82,194
Q9UGP4,106,34,72,62,58,48
Q9ULC5,44,6,38,29,17,27
Q9UNI1,25,0,25,20,5,20
Q9UPT9,43,3,40,34,12,31
Q9Y3M9,69,4,65,33,38,31
Q9Y5A9,73,10,63,50,25,48
Q9Y5R8,11,1,10,9,3,8
Q9Y653,75,5,70,55,23,52
A0A0G2JNF4,35,0,35,25,10,25
A0A8I5KW96,12,0,12,6,6,6
A8MWK0,30,0,30,24,6,24
B2RNN3,15,0,15,7,8,7
O00194,11,2,9,8,3,8
O15061,160,13,147,85,80,80
O43808,15,2,13,11,4,11
O43913,28,1,27,25,4,24
O60513,16,0,16,9,7,9
O75943,70,7,63,42,31,39
O94955,48,1,47,35,14,34
O95477,192,13,179,127,64,128
O95789,157,7,150,124,36,121
P05093,32,1,31,24,9,23
P05408,9,0,9,5,4,5
P09234,9,3,6,5,5,4
P0CG21,7,0,7,7,0,7
P10916,5,2,3,2,5,0
P12277,29,9,20,16,12,17
P28907,19,0,19,14,5,14
P30531,41,0,41,34,7,34
P31937,35,5,30,24,14,21
P32881,19,0,19,14,5,14
P36406,31,0,31,21,10,21
P40617,13,0,13,8,5,8
P41250,53,11,42,33,27,26
P61073,36,10,26,24,16,20
Q01629,8,0,8,8,0,8
Q03721,40,2,38,22,20,20
Q08043,45,10,35,24,23,22
Q12913,129,4,125,99,30,99
Q13439,184,31,153,95,102,82
Q14943,41,0,41,32,9,32
Q16670,32,1,31,19,14,18
Q53EQ6,37,1,36,21,17,20
Q5BKZ1,83,31,52,45,53,30
Q5T5X7,104,32,72,55,47,57
Q5VV17,34,4,30,22,16,18
Q5VXI9,24,0,24,18,6,18
Q5XLA6,6,0,6,3,3,3
Q6P1J9,33,7,26,19,17,16
Q6PF18,8,0,8,4,4,4
Q6UXI7,58,0,58,40,18,40
Q6ZVD8,130,10,120,91,41,89
Q7Z6J9,64,13,51,33,36,28
Q7Z6K5,12,0,12,7,5,7
Q86UR5,245,38,207,102,163,82
Q86UU9,5,0,5,5,0,5
Q86VD1,83,2,81,43,42,41
Q86YD1,30,0,30,16,14,16
Q8IWA0,80,11,69,56,25,55
Q8IY26,44,10,34,26,22,22
Q8IYB4,67,9,58,32,44,23
Q8N3R9,46,9,37,27,24,22
Q8N3Z6,61,6,55,27,38,23
Q8N5B7,34,4,30,27,11,23
Q8N6S5,27,8,19,17,18,9
Q8NEM2,60,15,45,38,21,39
Q8NGD3,31,0,31,28,3,28
Q8NGT5,24,0,24,23,1,23
Q8NHQ1,43,5,38,31,15,28
Q8TBB0,15,0,15,9,6,9
Q8TC12,26,5,21,15,8,18
Q92736,362,9,353,245,124,238
Q969J3,18,4,14,10,10,8
Q96A73,39,9,30,18,28,11
Q96CW1,40,9,31,24,15,25
Q96CW9,32,1,31,19,14,18
Q96FG2,27,2,25,14,13,14
Q96FK6,38,5,33,30,9,29
Q96G28,26,6,20,12,14,12
Q96M96,72,15,57,42,31,41
Q96MU8,38,0,38,28,10,28
Q96P56,57,1,56,39,19,38
Q96S06,38,0,38,28,10,28
Q96SL4,11,0,11,5,6,5
Q99490,179,29,150,85,107,72
Q99767,68,10,58,42,30,38
Q99954,7,0,7,2,5,2
Q9BPW8,19,3,16,8,14,5
Q9BTU6,37,9,28,20,26,11
Q9BUJ0,17,0,17,12,5,12
Q9BWJ5,4,0,4,3,1,3
Q9BZM2,10,2,8,8,0,10
Q9H0P0,17,2,15,13,2,15
Q9H4L7,116,29,87,71,54,62
Q9H5H4,88,21,67,54,51,37
Q9HCC0,34,5,29,20,19,15
Q9NVI1,143,15,128,92,48,95
Q9NWB7,24,1,23,13,12,12
Q9NWW0,12,0,12,6,6,6
Q9P266,248,73,175,132,177,71
Q9UI14,12,1,11,6,7,5
Q9UIJ7,11,3,8,6,4,7
Q9ULB1,125,3,122,80,46,79
Q9UNY4,134,22,112,78,70,64
Q9Y2E6,48,1,47,28,21,27
Q9Y333,7,2,5,5,0,7
Q9Y484,33,0,33,26,7,26
Q9Y5Q3,34,4,30,20,12,22
A0A0G2JN53,11,0,11,7,4,7
A0A0U1RRE5,4,0,4,4,0,4
A0A286YEU6,25,0,25,21,4,21
A6NI03,43,0,43,30,13,30
O00339,73,1,72,56,16,57
O15018,457,65,392,250,262,195
O15054,157,5,152,96,66,91
O43246,58,2,56,39,21,37
O75586,17,1,16,13,5,12
O75677,28,0,28,19,9,19
O75821,26,7,19,16,11,15
O75874,25,6,19,18,7,18
O94985,67,0,67,43,24,43
O94989,87,8,79,37,56,31
O95251,100,34,66,50,68,32
O95864,18,0,18,14,4,14
O95976,18,0,18,12,6,12
P04553,5,1,4,1,5,0
P08151,135,10,125,75,68,67
P08238,79,32,47,46,29,50
P0CL81,3,0,3,1,2,1
P0DJR0,15,0,15,12,3,12
P0DV76,44,0,44,22,22,22
P11233,18,6,12,11,11,7
P28161,18,5,13,11,10,8
P29016,26,0,26,21,5,21
P31785,35,2,33,26,7,28
P33527,141,15,126,94,50,91
P35228,78,3,75,47,30,48
P35609,48,13,35,26,25,23
P35626,42,5,37,25,14,28
P49006,38,19,19,19,28,10
P51814,59,1,58,45,15,44
P53621,69,10,59,41,36,33
P61803,9,1,8,7,3,6
P62942,4,0,4,2,2,2
P83731,7,2,5,4,5,2
Q01196,80,26,54,47,43,37
Q01469,5,1,4,4,2,3
Q02338,34,4,30,16,16,18
Q04671,64,0,64,39,25,39
Q13683,89,2,87,58,31,58
Q15696,49,5,44,12,42,7
Q16836,31,7,24,19,15,16
Q2M3X9,42,0,42,32,10,32
Q3LI76,20,0,20,18,2,18
Q495W5,30,0,30,17,13,17
Q53FZ2,47,1,46,33,15,32
Q53SZ7,56,2,54,29,27,29
Q5SQQ9,36,2,34,19,17,19
Q63HN8,400,19,381,258,149,251
Q674X7,75,9,66,34,48,27
Q6NSI4,65,1,64,43,21,44
Q6P5R6,7,1,6,3,5,2
Q6UWW8,43,0,43,31,12,31
Q6V1P9,320,2,318,230,92,228
Q6ZT62,60,5,55,35,30,30
Q6ZV80,11,0,11,7,4,7
Q701N2,44,0,44,35,9,35
Q7L8S5,20,0,20,7,13,7
Q7Z570,116,2,114,86,30,86
Q86TA1,4,0,4,1,3,1
Q86X51,84,3,81,35,52,32
Q8N2M8,141,39,102,44,134,7
Q8N9N7,24,3,21,19,4,20
Q8NCT1,34,0,34,25,9,25
Q8NGW1,29,0,29,26,3,26
Q8NHX9,52,1,51,38,13,39
Q8NHY3,76,6,70,37,45,31
Q8TCG5,70,0,70,47,23,47
Q8WTX9,21,0,21,12,9,12
Q8WWM9,10,0,10,7,3,7
Q8WZ33,9,0,9,6,3,6
Q96BJ3,18,6,12,11,11,7
Q96G75,31,0,31,22,9,22
Q96M02,75,4,71,48,31,44
Q99611,32,5,27,22,15,17
Q99983,26,1,25,22,5,21
Q99996,343,38,305,197,154,189
Q9BRK3,32,3,29,20,15,17
Q9BXB5,111,32,79,65,62,49
Q9H0T7,15,1,14,9,7,8
Q9H0W9,14,1,13,12,3,11
Q9H7X0,21,0,21,19,2,19
Q9HAU5,78,2,76,40,38,40
Q9HBZ2,88,4,84,63,27,61
Q9NPR9,42,0,42,30,12,30
Q9NQM4,15,0,15,12,3,12
Q9NS82,40,0,40,33,7,33
Q9P272,48,2,46,38,12,36
Q9UBG0,131,4,127,89,46,85
Q9UHC3,43,4,39,24,19,24
Q9UHQ1,33,4,29,19,18,15
Q9UI43,16,0,16,10,6,10
Q9UKN5,92,3,89,71,22,70
Q9Y2R4,47,7,40,25,27,20
Q9Y608,112,26,86,50,82,30
Q9Y6Q3,57,3,54,30,30,27
A0A0U1RR37,12,0,12,7,5,7
A6NCI8,139,3,136,92,48,91
A6NLX4,10,0,10,9,1,9
A7KAX9,301,62,239,178,175,126
F8VTS6,23,0,23,13,10,13
O14734,18,0,18,8,10,8
O14827,110,16,94,63,57,53
O60858,31,3,28,20,14,17
O75556,5,0,5,5,0,5
O75879,42,2,40,27,15,27
O95264,38,0,38,30,8,30
P01706,17,0,17,11,6,11
P05164,46,3,43,27,20,26
P06126,27,0,27,24,3,24
P06280,24,1,23,16,7,17
P07477,19,0,19,18,1,18
P09564,22,3,19,15,6,16
P09601,19,4,15,9,10,9
P0CJ70,2,0,2,0,2,0
P10768,23,5,18,15,7,16
P11464,36,0,36,30,6,30
P14314,40,8,32,26,18,22
P14616,88,5,83,56,29,59
P15586,37,1,36,23,15,22
P17066,38,5,33,22,15,23
P24468,35,2,33,25,12,23
P27540,92,8,84,59,41,51
P34913,33,2,31,24,9,24
P35453,42,1,41,28,15,27
P49639,43,1,42,29,15,28
P49917,62,3,59,42,21,41
P57075,63,8,55,40,27,36
P58317,31,3,28,25,7,24
P58417,27,2,25,20,5,22
P58550,4,0,4,4,0,4
Q06710,64,0,64,43,21,43
Q13421,45,3,42,27,19,26
Q13509,46,15,31,27,14,32
Q13546,68,15,53,48,19,49
Q13740,48,1,47,33,16,32
Q14160,180,59,121,101,116,64
Q15181,13,4,9,8,7,6
Q16513,114,37,77,60,73,41
Q16643,64,23,41,35,44,20
Q3KQU3,151,63,88,79,109,42
Q3KRB8,18,0,18,12,6,12
Q4L180,110,26,84,53,75,35
Q53EU6,33,3,30,20,16,17
Q53HC0,33,4,29,15,22,11
Q5JWF2,78,6,72,39,43,35
Q5T011,351,24,327,218,153,198
Q5T8A7,155,10,145,71,90,65
Q66LE6,45,1,44,32,14,31
Q6QAJ8,9,0,9,8,1,8
Q6UB98,296,50,246,166,154,142
Q6ZMR5,27,0,27,18,9,18
Q6ZUJ4,19,0,19,11,8,11
Q7Z4S9,17,0,17,7,10,7
Q86VS3,69,0,69,44,25,44
Q8NEV8,326,36,290,169,177,149
Q8TB03,18,1,17,14,5,13
Q8TBE1,8,0,8,7,1,7
Q8TDH9,13,4,9,6,9,4
Q8TF05,94,12,82,65,33,61
Q8WZB0,9,0,9,2,7,2
Q92628,201,19,182,127,87,114
Q96BM0,9,0,9,9,0,9
Q96EA4,55,10,45,30,21,34
Q96KN3,35,0,35,29,6,29
Q96LK0,10,0,10,4,6,4
Q96NB2,14,1,13,9,6,8
Q96NI6,66,0,66,53,13,53
Q99741,52,12,40,30,32,20
Q99884,41,1,40,34,8,33
Q9BUT1,15,2,13,13,4,11
Q9BV47,12,0,12,5,7,5
Q9GZK7,18,0,18,16,2,16
Q9H330,76,8,68,55,27,49
Q9H5Y7,68,4,64,46,26,42
Q9H6L2,19,0,19,14,5,14
Q9H7B2,18,2,16,12,8,10
Q9HCE9,89,12,77,41,58,31
Q9HCG7,51,2,49,34,19,32
Q9HCQ7,18,0,18,12,6,12
Q9NRH2,90,15,75,54,49,41
Q9NVT9,26,6,20,16,12,14
Q9NXC5,74,5,69,47,28,46
Q9P209,94,17,77,53,56,38
Q9UHF3,18,0,18,14,4,14
Q9UJU6,42,16,26,24,20,22
Q9UKL3,291,38,253,176,125,166
Q9UKR3,17,0,17,11,6,11
Q9UPE1,59,4,55,39,24,35
Q9Y255,15,0,15,8,7,8
Q9Y2L1,62,4,58,36,30,32
Q9Y576,19,0,19,12,7,12
Q9Y6E0,39,9,30,26,22,17
Q9Y6K9,34,9,25,16,25,9
A6NCS4,22,0,22,7,15,7
A6PVY3,13,0,13,7,6,7
C9JA33,29,0,29,18,11,18
O15245,34,1,33,26,9,25
O43314,150,34,116,84,84,66
O43524,145,39,106,94,58,87
O75976,113,6,107,69,44,69
O76021,67,21,46,39,39,28
O95208,91,17,74,60,42,49
O95379,9,0,9,8,1,8
P04001,28,0,28,22,6,22
P04818,20,6,14,14,10,10
P08603,95,2,93,66,27,68
P15036,62,13,49,42,13,49
P15498,43,3,40,27,19,24
P16422,15,0,15,13,2,13
P16885,97,7,90,59,43,54
P19623,26,4,22,20,4,22
P22830,28,1,27,22,5,23
P30838,27,1,26,15,11,16
P35579,128,47,81,69,74,54
P49023,101,41,60,58,54,47
P51677,19,0,19,14,5,14
P52209,30,8,22,20,16,14
P55289,50,1,49,37,14,36
P59910,13,1,12,5,9,4
P78411,55,11,44,30,36,19
Q00765,12,1,11,7,6,6
Q12874,37,10,27,23,20,17
Q13049,52,5,47,35,22,30
Q13609,25,0,25,17,8,17
Q14353,8,0,8,7,1,7
Q14714,14,0,14,12,2,12
Q15853,20,2,18,17,5,15
Q16552,10,0,10,4,6,4
Q2KHR3,285,33,252,201,79,206
Q2TBE0,100,18,82,41,75,25
Q3LI68,4,0,4,4,0,4
Q5SWL7,35,1,34,25,9,26
Q5VWN6,310,43,267,213,118,192
Q66K79,38,0,38,25,13,25
Q69YI7,14,0,14,8,6,8
Q6AW86,54,5,49,29,26,28
Q6ULP2,123,16,107,97,30,93
Q6UX73,33,1,32,24,10,23
Q6ZTY9,12,0,12,8,4,8
Q7LFL8,44,5,39,27,20,24
Q86TG7,44,4,40,28,20,24
Q86UP6,73,0,73,55,18,55
Q86VI4,19,0,19,12,7,12
Q86WV5,6,0,6,4,2,4
Q8IVI9,56,5,51,38,21,35
Q8IW35,115,28,87,77,30,85
Q8IZS7,19,0,19,13,6,13
Q8N3X6,64,1,63,46,19,45
Q8N5I3,19,1,18,13,7,12
Q8N752,16,0,16,6,10,6
Q8N961,106,9,97,65,42,64
Q8N9F8,42,0,42,34,8,34
Q8NE79,31,2,29,13,20,11
Q8NFU0,31,0,31,19,12,19
Q8NGT2,23,0,23,22,1,22
Q8TC44,47,6,41,33,14,33
Q8TE59,94,3,91,62,33,61
Q8WYK0,48,4,44,32,18,30
Q92620,110,15,95,54,65,45
Q92831,62,1,61,40,23,39
Q93079,22,11,11,11,22,0
Q969G5,26,10,16,12,18,8
Q96AY4,299,39,260,187,133,166
Q96H20,9,0,9,6,3,6
Q96JG6,88,17,71,58,43,45
Q96KM6,81,11,70,47,41,40
Q96LC9,13,4,9,8,7,6
Q96PY5,74,10,64,51,23,51
Q99592,66,6,60,47,23,43
Q99808,43,6,37,36,11,32
Q9BQA5,41,1,40,32,10,31
Q9BS16,18,2,16,12,6,12
Q9BU20,12,0,12,10,2,10
Q9BYP8,12,0,12,12,0,12
Q9BZK7,50,5,45,39,6,44
Q9C0D7,110,14,96,60,64,46
Q9H221,56,3,53,42,15,41
Q9H3Z7,24,0,24,16,8,16
Q9H4Y5,10,0,10,7,3,7
Q9H992,163,24,139,76,101,62
Q9H9Z2,14,2,12,8,8,6
Q9HAB3,34,1,33,31,2,32
Q9HCX4,57,2,55,41,16,41
Q9NPC2,31,0,31,17,14,17
Q9NQ33,16,1,15,11,6,10
Q9NR83,39,3,36,24,16,23
Q9P1G2,9,0,9,4,5,4
Q9P2H0,127,1,126,90,38,89
Q9UH99,105,23,82,55,49,56
Q9Y224,4,1,3,2,3,1
Q9Y5P2,7,0,7,3,4,3
Q9Y5V0,1,0,1,1,0,1
Q9Y624,41,9,32,26,18,23
A0A0X1KG70,23,0,23,20,3,20
A0A1B0GX95,12,0,12,5,7,5
A0PJY2,31,0,31,18,13,18
A0PK11,13,0,13,11,2,11
A4QPB2,10,0,10,7,3,7
A5PLN7,91,0,91,51,40,51
A6NFN9,42,0,42,30,12,30
A6NIN4,8,0,8,2,6,2
B8ZZ34,20,0,20,6,14,6
E9PJI5,26,0,26,19,7,19
O00391,50,3,47,28,25,25
O14813,29,4,25,21,12,17
O14979,42,11,31,24,23,19
O43488,29,9,20,18,16,13
O60806,46,0,46,36,10,36
O95199,40,1,39,30,11,29
P04118,10,0,10,9,1,9
P04150,105,22,83,66,41,64
P04732,7,2,5,4,5,2
P07311,4,1,3,3,2,2
P08922,207,1,206,154,54,153
P0C024,7,1,6,4,4,3
P0DPF4,12,0,12,8,4,8
P17021,52,1,51,42,9,43
P24158,14,0,14,11,3,11
P28676,14,0,14,10,4,10
P29279,21,2,19,17,4,17
P46952,18,0,18,11,7,11
P51864,13,0,13,6,7,6
P54829,43,3,40,27,19,24
P57103,57,0,57,45,12,45
P59646,5,0,5,4,1,4
P61160,16,2,14,11,3,13
P62380,8,0,8,3,5,3
P84022,32,6,26,22,12,20
Q04864,74,8,66,54,20,54
Q06547,27,0,27,24,3,24
Q12815,107,29,78,60,56,51
Q13362,28,4,24,20,10,18
Q14011,36,14,22,17,29,7
Q14031,96,0,96,56,40,56
Q14562,94,19,75,50,55,39
Q14C87,103,2,101,51,52,51
Q15067,44,5,39,27,18,26
Q30KR1,3,0,3,2,1,2
Q32NC0,36,9,27,22,17,19
Q3MJ40,58,0,58,35,23,35
Q3SXP7,8,0,8,7,1,7
Q3ZCN5,177,0,177,144,33,144
Q49A88,129,23,106,79,63,66
Q4G0G2,10,0,10,8,2,8
Q4VCS5,108,18,90,57,53,55
Q502W6,110,1,109,75,36,74
Q5T1S8,6,0,6,4,2,4
Q5T2D2,36,2,34,22,14,22
Q6EBC2,12,0,12,8,4,8
Q6GQQ9,95,17,78,51,57,38
Q6KCM7,29,0,29,21,8,21
Q6NXG1,43,3,40,26,20,23
Q6UW49,35,0,35,26,9,26
Q6ZSJ8,2,0,2,1,1,1
Q75MW2,9,0,9,1,8,1
Q86TH1,79,0,79,59,20,59
Q86TN4,16,2,14,9,7,9
Q86Y91,88,20,68,43,59,29
Q86YR7,82,1,81,52,29,53
Q8IWZ3,298,42,256,212,92,206
Q8N1M1,71,3,68,39,35,36
Q8NCV1,43,0,43,28,15,28
Q8NEY1,381,114,267,213,216,165
Q8NFA2,32,4,28,12,24,8
Q8NGG8,29,0,29,28,1,28
Q8NHP8,50,2,48,29,21,29
Q8TCG2,36,5,31,16,25,11
Q8WWM7,171,54,117,98,97,74
Q8WWR9,13,0,13,7,6,7
Q96DE9,3,0,3,3,0,3
Q96EZ8,58,13,45,32,37,21
Q96FJ2,3,1,2,2,0,3
Q96LW7,25,2,23,16,9,16
Q96M61,22,1,21,13,10,12
Q96NS8,11,0,11,8,3,8
Q9BST9,57,17,40,32,40,17
Q9BYG5,38,5,33,24,15,23
Q9BYP9,16,0,16,16,0,16
Q9H106,12,0,12,9,3,9
Q9H2H0,19,0,19,17,2,17
Q9H400,35,12,23,20,19,16
Q9H5J0,63,6,57,44,25,38
Q9HCB6,71,4,67,47,28,43
Q9HCJ5,89,2,87,73,18,71
Q9HD43,95,0,95,77,18,77
Q9NNX6,33,3,30,26,4,29
Q9NS85,31,0,31,22,9,22
Q9NV58,127,17,110,85,53,74
Q9NX31,56,7,49,31,30,26
Q9UBM7,22,2,20,15,9,13
Q9Y5Q6,12,0,12,10,2,10
A0A075B6H5,13,0,13,12,1,12
A0A0B4J2B6,14,0,14,14,0,14
A0PK00,17,0,17,15,2,15
A5D8T8,28,0,28,22,6,22
A6NIE9,24,0,24,15,9,15
A8K5M9,19,0,19,9,10,9
O15091,46,3,43,31,18,28
O60248,27,3,24,18,12,15
O75096,146,3,143,94,53,93
O75426,36,0,36,23,13,23
O94760,18,2,16,13,5,13
O95302,37,3,34,29,5,32
O95807,8,0,8,6,2,6
P02675,40,8,32,27,13,27
P02689,8,1,7,4,5,3
P04808,14,0,14,6,8,6
P08034,25,4,21,16,13,12
P09758,16,2,14,8,8,8
P0C7N5,25,0,25,23,2,23
P10163,20,0,20,7,13,7
P14621,12,3,9,7,4,8
P16157,155,26,129,86,79,76
P19022,56,4,52,33,23,33
P20700,79,30,49,41,64,15
P30968,24,0,24,22,2,22
P32971,14,0,14,10,4,10
P35218,22,0,22,18,4,18
P36382,27,4,23,19,10,17
P42261,74,6,68,41,35,39
P49721,11,3,8,7,5,6
P56381,4,0,4,1,3,1
P62714,14,2,12,10,6,8
P78380,24,0,24,15,9,15
P84101,6,2,4,2,6,0
Q00604,19,0,19,16,3,16
Q02779,88,11,77,45,52,36
Q14554,27,1,26,18,10,17
Q14764,44,6,38,28,20,24
Q14916,41,0,41,36,5,36
Q2M218,48,0,48,37,11,37
Q3LHN0,19,0,19,18,1,18
Q53EL6,64,22,42,38,32,32
Q5JSL3,189,29,160,123,71,118
Q5MJ10,29,0,29,6,23,6
Q6IEY1,26,0,26,22,4,22
Q6P1R4,19,1,18,9,11,8
Q6P2C0,45,1,44,35,9,36
Q6PI97,21,0,21,6,15,6
Q86SZ2,9,1,8,6,2,7
Q8IZ13,41,1,40,29,11,30
Q8N2G6,24,4,20,16,12,12
Q8N5N4,11,0,11,7,4,7
Q8N5R6,84,2,82,60,26,58
Q8NAP1,21,0,21,16,5,16
Q8NBV8,20,2,18,9,11,9
Q8NGI8,35,0,35,33,2,33
Q8TAI1,7,0,7,1,6,1
Q8TCW7,43,0,43,33,10,33
Q8WUD4,3,1,2,1,3,0
Q8WWY8,33,2,31,23,12,21
Q8WY98,8,0,8,7,1,7
Q8WZA8,3,0,3,3,0,3
Q96CV9,62,18,44,27,39,23
Q96HG1,6,0,6,4,2,4
Q96LW4,48,3,45,32,19,29
Q96MB7,32,0,32,25,7,25
Q96R09,30,0,30,30,0,30
Q96RK1,8,0,8,7,1,7
Q96RT8,91,10,81,60,31,60
Q99418,14,2,12,7,7,7
Q99584,11,5,6,6,10,1
Q99715,247,8,239,153,96,151
Q99972,42,2,40,23,21,21
Q9BR09,14,0,14,10,4,10
Q9BVQ7,55,4,51,33,26,29
Q9BXJ3,25,2,23,13,14,11
Q9BXL6,105,20,85,64,51,54
Q9C091,210,0,210,151,59,151
Q9GZZ0,27,0,27,19,8,19
Q9H255,20,0,20,17,3,17
Q9H7M6,59,1,58,40,18,41
Q9H7T3,28,1,27,17,12,16
Q9H8M2,70,15,55,38,33,37
Q9HCJ2,42,0,42,34,8,34
Q9NS84,23,1,22,8,16,7
Q9NX18,14,2,12,6,8,6
Q9NX45,43,1,42,28,16,27
Q9P0V9,33,5,28,23,15,18
Q9UGM1,34,2,32,24,12,22
Q9UGQ2,10,0,10,9,1,9
Q9UIL4,34,0,34,25,9,25
Q9UIX4,34,1,33,24,11,23
Q9UPZ6,127,3,124,101,27,100
Q9Y2A9,19,1,18,11,7,12
Q9Y2H6,127,13,114,88,44,83
Q9Y3S2,36,11,25,25,12,24
Q9Y4G8,197,40,157,122,87,110
Q9Y577,34,2,32,24,12,22
Q9Y5K6,73,26,47,38,49,24
Q9Y6K1,70,13,57,39,38,32
A0A1B0GUV1,5,0,5,1,4,1
A0A286YEX9,1,0,1,1,0,1
A2RRP1,195,16,179,131,64,131
A4FU28,72,4,68,30,44,28
A6NGU7,3,0,3,0,3,0
A6NNM8,56,1,55,33,24,32
O15409,78,4,74,51,31,47
O43819,12,1,11,7,6,6
O60331,71,8,63,43,34,37
O60759,54,7,47,30,31,23
O75015,25,0,25,19,6,19
O75052,50,10,40,24,28,22
O76075,29,0,29,15,14,15
O94766,13,0,13,9,4,9
O94972,107,9,98,73,41,66
O95201,47,3,44,35,15,32
O95822,34,1,33,23,10,24
O95833,16,2,14,10,8,8
P01848,19,0,19,16,3,16
P02144,7,2,5,4,3,4
P04156,14,0,14,8,6,8
P04271,3,0,3,2,1,2
P04632,20,5,15,14,9,11
P08582,56,2,54,40,18,38
P0CW21,3,0,3,1,2,1
P21917,24,2,22,19,7,17
P26038,35,16,19,17,18,17
P29376,72,1,71,45,28,44
P37275,159,42,117,98,79,80
P40199,31,1,30,25,7,24
P41218,31,1,30,23,9,22
P45974,71,12,59,46,29,42
P47736,76,13,63,44,43,33
P57088,20,1,19,15,4,16
P58876,22,11,11,11,22,0
P59796,10,0,10,10,0,10
P61247,15,5,10,7,9,6
P62841,8,3,5,5,4,4
Q07617,66,11,55,40,31,35
Q08554,59,1,58,40,18,41
Q0P6H9,51,0,51,38,13,38
Q13882,32,4,28,22,14,18
Q14694,102,28,74,60,44,58
Q15287,84,20,64,33,65,19
Q2M2H8,215,0,215,189,26,189
Q494W8,27,0,27,23,4,23
Q5CZC0,807,23,784,538,274,533
Q5T197,43,0,43,30,13,30
Q5T6X5,71,2,69,56,15,56
Q6EMB2,144,8,136,84,68,76
Q6NT89,17,1,16,4,14,3
Q6NTF9,44,3,41,34,11,33
Q6NUQ1,60,0,60,40,20,40
Q6NX45,44,0,44,37,7,37
Q70EL4,148,22,126,81,81,67
Q75QN2,74,4,70,55,19,55
Q7Z6L1,128,15,113,84,49,79
Q86YJ6,33,0,33,26,7,26
Q8IXF9,18,0,18,13,5,13
Q8IYJ1,40,1,39,27,12,28
Q8NFP9,282,23,259,195,94,188
Q8TEA8,23,6,17,13,16,7
Q8WW36,9,1,8,7,3,6
Q92772,32,1,31,18,15,17
Q92917,37,11,26,17,25,12
Q969T7,14,0,14,10,4,10
Q96A33,27,1,26,22,6,21
Q96BH3,21,0,21,20,1,20
Q96BP3,41,2,39,26,17,24
Q96DR8,3,0,3,3,0,3
Q96I51,36,2,34,26,12,24
Q96RK0,250,67,183,155,124,126
Q96RQ9,36,0,36,21,15,21
Q96T23,218,73,145,105,138,80
Q99572,39,2,37,27,14,25
Q99708,113,27,86,69,49,64
Q9BPX7,34,3,31,21,14,20
Q9BSJ5,64,4,60,37,29,35
Q9BY12,113,12,101,76,49,64
Q9H1V8,58,5,53,45,18,40
Q9H3Q1,73,28,45,39,44,29
Q9H4I8,29,0,29,23,6,23
Q9H4S2,28,0,28,19,9,19
Q9H693,14,0,14,11,3,11
Q9H6Q3,33,2,31,20,15,18
Q9H875,16,7,9,8,13,3
Q9HB66,4,0,4,2,2,2
Q9NQ69,30,1,29,24,7,23
Q9P2X7,3,0,3,2,1,2
Q9UHD8,73,27,46,39,45,28
Q9UIG0,145,41,104,77,97,48
Q9UKT4,57,10,47,39,28,29
Q9Y4C2,53,0,53,41,12,41
Q9Y4D2,105,14,91,65,50,55
Q9Y5G7,82,0,82,59,23,59
Q9Y5I3,85,1,84,58,28,57
Q9Y693,12,0,12,9,3,9
Q9Y6I7,36,3,33,28,9,27
A0A075B6K0,13,0,13,10,3,10
A0A1B0GTE1,47,0,47,34,13,34
A0A6Q8PHS2,4,0,4,3,1,3
A0PK05,21,0,21,16,5,16
A6NML5,11,0,11,11,0,11
B6SEH9,50,0,50,33,17,33
B7Z8K6,12,0,12,9,3,9
O00303,29,3,26,22,6,23
O15350,64,4,60,46,16,48
O15382,17,0,17,11,6,11
O15492,17,0,17,11,6,11
O60284,107,4,103,62,49,58
O60841,107,37,70,55,75,32
O75368,7,2,5,3,6,1
O75437,49,4,45,35,12,37
O94761,93,11,82,44,58,35
O94880,122,36,86,66,60,62
O96013,70,22,48,33,41,29
O96020,31,6,25,21,14,17
P01189,23,3,20,9,17,6
P02655,10,2,8,6,2,8
P02814,1,0,1,1,0,1
P06312,16,0,16,14,2,14
P07510,28,0,28,20,8,20
P0CH98,22,0,22,20,2,20
P0DTE0,26,0,26,22,4,22
P13646,45,8,37,24,23,22
P15169,23,1,22,15,7,16
P21796,34,16,18,18,10,24
P22087,18,3,15,13,4,14
P24530,32,5,27,22,15,17
P33176,78,16,62,43,43,35
P40259,14,0,14,10,4,10
P42575,26,3,23,18,9,17
P48651,35,8,27,24,17,18
P50583,2,0,2,2,0,2
P51575,17,2,15,13,6,11
P51843,32,2,30,23,11,21
P58753,28,0,28,21,7,21
P62263,15,6,9,8,13,2
P84074,15,2,13,8,9,6
P98172,30,5,25,15,18,12
Q04446,51,2,49,36,15,36
Q13202,64,1,63,33,32,32
Q13322,64,11,53,40,35,29
Q13360,47,2,45,40,5,42
Q15049,42,4,38,31,13,29
Q16695,9,3,6,5,7,2
Q16821,139,10,129,91,54,85
Q59EK9,54,5,49,32,21,33
Q5H9M0,76,3,73,57,22,54
Q5MJ09,16,0,16,8,8,8
Q5T4F7,15,0,15,12,3,12
Q5T750,24,0,24,20,4,20
Q5VTQ0,64,3,61,44,23,41
Q5VY43,93,6,87,66,31,62
Q641Q3,18,2,16,10,10,8
Q6N022,230,8,222,145,87,143
Q6NT46,4,1,3,2,3,1
Q6PD74,31,4,27,25,4,27
Q6ZN03,46,5,41,22,29,17
Q6ZW61,69,0,69,57,12,57
Q7Z494,99,0,99,57,42,57
Q7Z4H7,132,36,96,78,64,68
Q86SE9,13,0,13,10,3,10
Q86WT6,28,0,28,19,9,19
Q8IUY3,38,1,37,20,19,19
Q8IWF2,45,0,45,28,17,28
Q8IXJ9,185,6,179,114,75,110
Q8IY92,260,54,206,142,146,114
Q8N1C3,31,0,31,23,8,23
Q8N1T3,56,4,52,40,14,42
Q8N257,22,11,11,11,22,0
Q8N344,55,7,48,36,26,29
Q8N3S3,81,5,76,53,31,50
Q8NAP3,137,16,121,92,57,80
Q8TF30,59,10,49,27,38,21
Q8WVM7,103,18,85,64,45,58
Q92786,91,14,77,59,38,53
Q92988,25,1,24,13,13,12
Q96RU7,20,3,17,14,7,13
Q99759,96,28,68,47,59,37
Q9BQD1,4,0,4,1,3,1
Q9BTC8,66,12,54,41,33,33
Q9BYB0,155,0,155,67,88,67
Q9GZZ8,12,0,12,11,1,11
Q9H040,58,5,53,32,29,29
Q9H252,89,1,88,51,39,50
Q9H841,27,0,27,23,4,23
Q9HB19,50,12,38,30,26,24
Q9HCK5,47,2,45,27,18,29
Q9NR00,7,0,7,4,3,4
Q9NYG8,25,0,25,17,8,17
Q9UIG5,12,0,12,9,3,9
Q9ULS5,46,6,40,26,24,22
Q9UNA1,88,5,83,49,42,46
Q9Y239,65,1,64,48,16,49
Q9Y312,27,3,24,19,9,18
Q9Y5J9,4,0,4,3,1,3
A0A1B0GVT2,6,0,6,4,2,4
A2A3N6,72,0,72,45,27,45
A6NFT4,6,0,6,4,2,4
A6NGA9,27,0,27,19,8,19
A8MYA2,50,0,50,20,30,20
C9JR72,19,0,19,10,9,10
O00526,18,0,18,8,10,8
O00750,132,10,122,77,59,73
O14613,23,4,19,12,13,10
O95258,19,0,19,16,3,16
O95397,30,0,30,18,12,18
P02549,142,14,128,80,72,70
P04179,8,0,8,6,2,6
P07711,21,0,21,16,5,16
P08172,47,12,35,30,13,34
P0DPD6,61,0,61,36,25,36
P18621,13,4,9,6,7,6
P29466,37,4,33,30,11,26
P35250,17,2,15,12,5,12
P49715,23,4,19,14,11,12
P50452,23,2,21,15,10,13
P51530,84,0,84,59,25,59
P55899,30,1,29,23,6,24
P61088,5,0,5,3,2,3
P62987,8,4,4,4,8,0
P78562,48,0,48,30,18,30
Q12952,30,0,30,8,22,8
Q13286,50,3,47,41,10,40
Q13425,66,21,45,36,35,31
Q13610,55,7,48,33,25,30
Q15058,193,31,162,125,75,118
Q15760,42,1,41,34,9,33
Q2KJY2,357,50,307,180,217,140
Q3MIW9,52,0,52,39,13,39
Q3YEC7,80,22,58,41,51,29
Q401N2,32,0,32,25,7,25
Q4AE62,34,0,34,24,10,24
Q4G0X4,24,1,23,22,3,21
Q5T9G4,28,3,25,17,14,14
Q5TH74,43,4,39,27,16,27
Q5VZ03,4,0,4,3,1,3
Q6ICG6,53,15,38,24,44,9
Q6P444,56,13,43,34,29,27
Q6UWB4,26,0,26,18,8,18
Q6UWF5,9,0,9,7,2,7
Q6UWQ5,7,0,7,7,0,7
Q6UX04,44,11,33,22,29,15
Q6UXB3,8,0,8,8,0,8
Q6ZS30,252,21,231,177,76,176
Q6ZSK4,13,0,13,7,6,7
Q86WK7,39,4,35,30,11,28
Q86WQ0,10,0,10,7,3,7
Q8IU80,61,0,61,45,16,45
Q8IY81,78,28,50,40,36,42
Q8IYX4,21,0,21,13,8,13
Q8N5C1,28,0,28,23,5,23
Q8NG98,33,0,33,33,0,33
Q8NHW5,21,3,18,14,10,11
Q8TCT0,46,3,43,35,14,32
Q8WU03,18,1,17,13,6,12
Q8WU49,15,0,15,8,7,8
Q8WYB5,257,20,237,165,106,151
Q96CS3,31,7,24,18,16,15
Q96HJ5,23,0,23,20,3,20
Q96HP0,189,28,161,111,98,91
Q96IU2,12,2,10,5,9,3
Q96JA3,42,4,38,27,17,25
Q96LD8,19,1,18,12,6,13
Q96MZ4,18,1,17,7,10,8
Q99665,81,1,80,65,17,64
Q99958,51,11,40,35,25,26
Q99959,125,42,83,74,69,56
Q9BRQ4,24,0,24,17,7,17
Q9BVC5,36,13,23,19,22,14
Q9BW62,33,2,31,20,15,18
Q9BXS5,41,7,34,28,18,23
Q9BY76,31,1,30,19,11,20
Q9BZW5,15,0,15,15,0,15
Q9H0U6,14,1,13,7,6,8
Q9H1A3,23,0,23,16,7,16
Q9H6S1,54,18,36,28,36,18
Q9HCN3,72,0,72,52,20,52
Q9HD20,93,11,82,62,32,61
Q9NP86,2,0,2,1,1,1
Q9NR48,381,46,335,221,176,205
Q9NR77,6,0,6,4,2,4
Q9NVX0,10,0,10,10,0,10
Q9P0X4,182,4,178,91,91,91
Q9P2H5,89,7,82,61,33,56
Q9UGQ3,39,3,36,28,14,25
Q9UHG2,7,0,7,0,7,0
Q9UHX1,41,8,33,24,17,24
Q9UN42,21,0,21,10,11,10
Q9UPW5,98,2,96,66,32,66
Q9Y2P5,31,2,29,21,10,21
Q9Y2T4,43,2,41,32,13,30
Q9Y2X8,10,1,9,7,2,8
Q9Y3B6,5,0,5,4,1,4
X6R8R1,37,0,37,22,15,22
A0A075B6I3,19,0,19,9,10,9
A0A2R8YEV3,24,0,24,23,1,23
A6NGK3,3,0,3,1,2,1
A8K554,5,0,5,4,1,4
A8MUU1,4,0,4,4,0,4
B6SEH8,45,0,45,32,13,32
O00468,156,8,148,116,40,116
O00629,34,4,30,28,4,30
O15247,12,2,10,7,5,7
O43502,23,1,22,17,7,16
O60304,34,3,31,15,20,14
O60895,5,0,5,4,1,4
O75077,66,2,64,53,15,51
O75570,21,1,20,11,11,10
O75909,35,5,30,27,13,22
O95219,31,5,26,20,14,17
O95696,98,26,72,48,72,26
O95947,30,0,30,22,8,22
P00414,18,0,18,15,3,15
P05423,21,5,16,11,11,10
P06241,39,9,30,23,19,20
P06727,19,1,18,8,12,7
P07900,75,34,41,41,30,45
P0C091,154,3,151,95,62,92
P0DPF3,95,0,95,75,20,75
P0DX02,16,0,16,11,5,11
P10243,63,5,58,40,26,37
P13612,84,2,82,62,24,60
P16219,23,1,22,16,6,17
P18615,68,30,38,37,47,21
P27037,25,2,23,19,6,19
P41238,17,2,15,10,5,12
P48449,38,1,37,28,11,27
P50897,19,0,19,15,4,15
P52823,22,0,22,14,8,14
P52895,21,4,17,13,12,9
P56181,15,6,9,10,11,4
P56589,35,5,30,24,12,23
P57796,15,0,15,6,9,6
P60008,18,0,18,9,9,9
P62081,15,5,10,8,6,9
P78356,33,6,27,19,16,17
Q00722,92,12,80,53,43,49
Q06187,69,17,52,40,36,33
Q13002,72,5,67,48,25,47
Q13952,31,0,31,24,7,24
Q14202,144,27,117,89,60,84
Q14571,178,11,167,120,63,115
Q147U7,9,0,9,4,5,4
Q15847,6,3,3,3,4,2
Q502X0,2,0,2,2,0,2
Q53LP3,58,13,45,26,43,15
Q56UN5,142,2,140,90,54,88
Q5EBL8,5,0,5,4,1,4
Q5T2R2,32,1,31,16,17,15
Q6P9B9,86,3,83,61,24,62
Q6ZR62,20,0,20,17,3,17
Q6ZRC1,19,0,19,15,4,15
Q6ZTI6,22,0,22,10,12,10
Q7Z5M5,106,3,103,68,41,65
Q7Z6G8,136,15,121,80,67,69
Q86XN6,59,0,59,44,15,44
Q86XX4,335,2,333,252,83,252
Q8IVJ8,7,0,7,6,1,6
Q8IZ21,108,38,70,58,66,42
Q8IZN7,1,0,1,0,1,0
Q8N3J5,28,1,27,18,11,17
Q8N697,44,4,40,35,7,37
Q8NDV2,25,0,25,18,7,18
Q8NGK4,14,0,14,14,0,14
Q8WVD5,23,1,22,17,5,18
Q96E17,17,1,16,13,5,12
Q96I23,6,0,6,1,5,1
Q96K58,57,7,50,35,27,30
Q96MF2,13,1,12,6,8,5
Q96MS0,150,3,147,94,59,91
Q96NG8,35,0,35,31,4,31
Q96NI8,38,0,38,33,5,33
Q96QG7,38,0,38,31,7,31
Q9BVG4,16,3,13,12,5,11
Q9BZX2,16,1,15,11,4,12
Q9GZM6,30,0,30,30,0,30
Q9GZT4,20,0,20,13,7,13
Q9H0A8,22,1,21,17,6,16
Q9H3E2,58,4,54,29,29,29
Q9H6S0,145,27,118,83,73,72
Q9H6U8,44,2,42,33,13,31
Q9NPC4,20,2,18,14,4,16
Q9NQ36,63,0,63,46,17,46
Q9NX52,17,0,17,11,6,11
Q9NZC2,17,0,17,15,2,15
Q9P1P4,32,0,32,29,3,29
Q9UBR2,19,1,18,13,7,12
Q9UBS0,39,9,30,21,23,16
Q9UEU0,24,9,15,13,20,4
Q9UGJ1,50,2,48,41,11,39
Q9UGY1,22,7,15,9,16,6
Q9UL16,21,1,20,9,13,8
Q9UPV9,106,12,94,65,51,55
Q9Y2H5,171,58,113,87,124,47
A0A075B6S5,15,0,15,11,4,11
A0A087WSX0,20,0,20,13,7,13
A0A0A0MS04,7,0,7,5,2,5
A0A0B4J275,12,0,12,6,6,6
A0A0G2JN01,33,0,33,25,8,25
A0A2R8YD15,3,0,3,1,2,1
A0A2Z4LIS9,29,0,29,14,15,14
A2RUS2,90,8,82,63,33,57
A6NDN3,41,0,41,23,18,23
A6NHJ4,44,0,44,30,14,30
E9PAV3,278,19,259,147,146,132
O43396,19,4,15,11,10,9
O60669,47,4,43,33,16,31
O75165,147,5,142,99,51,96
O75956,14,0,14,10,4,10
O95484,10,1,9,7,4,6
P08519,167,0,167,143,24,143
P0DMU2,33,0,33,31,2,31
P14174,13,4,9,8,9,4
P20396,10,0,10,4,6,4
P21452,24,1,23,18,5,19
P23415,32,0,32,24,8,24
P23677,37,5,32,21,17,20
P27105,24,6,18,15,13,11
P28072,21,5,16,12,12,9
P30048,28,5,23,20,11,17
P36404,13,2,11,11,2,11
P43304,52,5,47,29,26,26
P43626,35,0,35,24,11,24
P46977,54,0,54,44,10,44
P48595,36,2,34,26,8,28
P49908,33,1,32,26,8,25
P53539,44,3,41,31,10,34
P54725,46,16,30,27,23,23
P57740,77,16,61,50,29,48
P62699,9,1,8,7,3,6
Q03692,25,0,25,16,9,16
Q03924,30,0,30,24,6,24
Q0VDE8,6,0,6,5,1,5
Q12770,118,14,104,72,58,60
Q13217,29,1,28,13,17,12
Q13489,57,4,53,44,13,44
Q13936,162,6,156,101,65,97
Q14CW9,57,11,46,32,28,29
Q16820,67,1,66,44,24,43
Q53TQ3,115,6,109,80,37,78
Q5HY64,102,3,99,50,53,49
Q5MNZ9,53,1,52,39,15,38
Q5T160,41,0,41,30,11,30
Q5VWP3,184,7,177,126,65,119
Q6FHJ7,23,1,22,14,10,13
Q6ICC9,23,3,20,13,13,10
Q6WRI0,258,4,254,186,74,184
Q6ZNK6,13,0,13,6,7,6
Q6ZW76,73,13,60,41,41,32
Q70CQ1,49,0,49,29,20,29
Q75WM6,19,0,19,6,13,6
Q7Z2H8,36,0,36,26,10,26
Q86SI9,7,0,7,3,4,3
Q86TB9,69,13,56,46,34,35
Q86XK7,32,0,32,27,5,27
Q86XQ3,27,0,27,19,8,19
Q86YA3,222,0,222,151,71,151
Q8IVV7,25,1,24,17,9,16
Q8N556,107,37,70,65,69,38
Q8N584,38,0,38,22,16,22
Q8NCA5,38,1,37,21,18,20
Q8NFF5,41,4,37,23,18,23
Q8NGR8,28,0,28,27,1,27
Q8NH18,30,0,30,25,5,25
Q8TAD2,11,0,11,5,6,5
Q8TCJ2,65,8,57,47,16,49
Q8TD19,105,33,72,63,35,70
Q8WU79,49,15,34,27,23,26
Q8WW32,11,0,11,4,7,4
Q8WWW8,93,9,84,53,47,46
Q96C28,20,0,20,11,9,11
Q96LT7,34,0,34,26,8,26
Q99504,82,12,70,61,25,57
Q99871,34,4,30,24,8,26
Q9BQG1,42,0,42,28,14,28
Q9BV57,3,1,2,1,3,0
Q9BXY0,30,11,19,17,18,12
Q9BYR9,8,0,8,8,0,8
Q9H3R5,18,3,15,9,12,6
Q9H936,16,0,16,9,7,9
Q9H9B1,141,28,113,81,64,77
Q9NQ94,24,2,22,13,11,13
Q9NRP7,129,7,122,88,46,83
Q9NRW4,11,0,11,5,6,5
Q9NS18,13,1,12,11,3,10
Q9NYR8,22,0,22,17,5,17
Q9UBQ7,18,3,15,15,4,14
Q9UHG3,37,1,36,31,7,30
Q9UI12,34,2,32,23,13,21
Q9UN37,35,5,30,24,16,19
Q9UQ03,26,0,26,16,10,16
Q9Y2M5,41,2,39,24,15,26
Q9Y5G2,79,3,76,60,20,59
A0A1B0GTQ1,19,0,19,12,7,12
A0A1B0GUZ9,2,0,2,2,0,2
A0A1W2PQF6,22,0,22,17,5,17
A8MXZ1,42,0,42,20,22,20
A9Z1Z3,89,0,89,55,34,55
O00311,56,6,50,40,18,38
O15041,47,0,47,28,19,28
O15090,148,4,144,96,52,96
O15444,13,0,13,8,5,8
O60220,5,2,3,3,2,3
O60306,74,4,70,53,25,49
O60347,66,6,60,39,29,37
O75791,30,6,24,18,16,14
O75952,70,17,53,47,22,48
O94805,28,1,27,18,11,17
O94952,37,3,34,19,21,16
O95319,40,2,38,31,11,29
O95336,17,3,14,12,8,9
O95665,35,0,35,23,12,23
O95803,64,0,64,48,16,48
O96008,30,4,26,20,10,20
P0C0L5,149,3,146,98,52,97
P0C5Y9,9,0,9,1,8,1
P0C7M4,17,0,17,11,6,11
P0DMW4,5,0,5,2,3,2
P10746,25,2,23,17,8,17
P13645,100,19,81,54,55,45
P14384,26,0,26,24,2,24
P17707,34,3,31,22,11,23
P20933,21,0,21,17,4,17
P24539,11,2,9,8,1,10
P40238,63,1,62,44,18,45
P42898,50,7,43,28,19,31
P46093,26,0,26,18,8,18
P47898,32,0,32,21,11,21
P55774,4,0,4,3,1,3
P80192,121,14,107,67,62,59
Q01523,8,0,8,6,2,6
Q02548,47,2,45,39,8,39
Q03989,55,9,46,27,35,20
Q04756,54,0,54,40,14,40
Q05901,39,0,39,27,12,27
Q12947,72,2,70,53,21,51
Q13797,75,1,74,58,18,57
Q14135,50,15,35,31,30,20
Q14236,8,0,8,5,3,5
Q14773,24,0,24,11,13,11
Q15005,24,3,21,18,9,15
Q15828,8,0,8,6,2,6
Q5JPB2,187,8,179,84,107,80
Q5XKP0,9,0,9,6,3,6
Q6AI12,26,2,24,15,11,15
Q6IMI6,15,0,15,11,4,11
Q6IMN6,144,11,133,83,58,86
Q6P1K1,13,0,13,11,2,11
Q6PIF6,139,5,134,96,48,91
Q6RI45,197,18,179,111,100,97
Q76NI1,161,6,155,86,81,80
Q7Z6P3,75,0,75,39,36,39
Q86U06,49,7,42,21,33,16
Q86V25,41,12,29,20,33,8
Q86Y78,11,0,11,9,2,9
Q8IWX7,46,4,42,28,16,30
Q8N123,23,0,23,11,12,11
Q8N2U9,17,1,16,12,6,11
Q8N412,48,3,45,28,23,25
Q8N9A8,6,0,6,6,0,6
Q8NEM1,31,0,31,26,5,26
Q8NFY4,121,15,106,76,48,73
Q8NG75,26,0,26,22,4,22
Q8NHS9,32,0,32,26,6,26
Q8WXA3,41,6,35,29,10,31
Q969X2,29,0,29,15,14,15
Q96A08,22,8,14,9,19,3
Q96FM1,22,0,22,20,2,20
Q96JC1,45,2,43,32,13,32
Q96RG2,151,25,126,91,63,88
Q99466,131,4,127,95,36,95
Q99538,25,0,25,15,10,15
Q9BQI0,10,2,8,6,6,4
Q9BRV3,13,0,13,10,3,10
Q9BUX1,10,0,10,4,6,4
Q9BVK2,41,4,37,33,6,35
Q9H0X6,21,3,18,13,9,12
Q9H3T2,77,1,76,49,29,48
Q9H5P4,113,2,111,45,70,43
Q9H869,69,9,60,41,29,40
Q9NPB8,57,6,51,41,16,41
Q9NQV8,71,1,70,43,29,42
Q9NRA8,177,62,115,90,113,64
Q9NRG1,11,0,11,3,8,3
Q9NWB6,31,10,21,11,30,1
Q9NZ38,16,1,15,8,9,7
Q9P0T7,10,2,8,7,3,7
Q9P289,38,9,29,27,12,26
Q9P2K3,37,5,32,21,19,18
Q9UJV3,65,2,63,47,20,45
Q9UP65,32,1,31,19,14,18
Q9UQ49,38,6,32,25,13,25
Q9Y676,23,5,18,12,14,9
A0A0B4J234,12,0,12,8,4,8
A0A286YF58,40,0,40,24,16,24
A0A3B3IRV3,7,0,7,6,1,6
A0A3B3IT45,31,0,31,28,3,28
A0A8V8TPP0,6,0,6,0,6,0
A6NJ78,28,3,25,19,12,16
A6NJL1,45,3,42,21,27,18
A8MQ11,8,0,8,6,2,6
D6REC4,34,0,34,18,16,18
O00487,20,4,16,16,2,18
O14530,12,2,10,8,4,8
O43657,13,1,12,11,3,10
O43680,15,0,15,5,10,5
O60239,59,10,49,32,27,32
O75116,97,15,82,53,45,52
O75146,93,13,80,53,47,46
O76090,38,1,37,19,20,18
O95206,79,3,76,39,41,38
P05060,85,29,56,43,57,28
P05154,40,2,38,29,11,29
P08581,135,18,117,98,37,98
P15822,438,75,363,289,192,246
P17020,75,6,69,57,22,53
P17482,23,1,22,16,8,15
P20930,1004,30,974,347,681,323
P22492,29,4,25,10,21,8
P25024,17,0,17,13,4,13
P28289,19,1,18,14,6,13
P29377,4,1,3,1,4,0
P33261,28,2,26,15,13,15
P41970,73,15,58,47,33,40
P48066,37,2,35,29,10,27
P48735,25,5,20,18,6,19
P57059,76,12,64,50,34,42
P58012,26,7,19,16,17,9
P61457,3,0,3,2,1,2
P83105,31,0,31,23,8,23
Q12959,113,31,82,65,69,44
Q12999,13,0,13,12,1,12
Q14671,147,31,116,98,64,83
Q15012,14,0,14,13,1,13
Q15569,55,10,45,24,37,18
Q53G59,42,0,42,28,14,28
Q5R372,86,11,75,55,36,50
Q5T0N5,41,5,36,23,23,18
Q5T4T6,83,1,82,46,38,45
Q6PFW1,144,13,131,91,64,80
Q6PIZ9,16,0,16,11,5,11
Q6UB35,57,3,54,31,29,28
Q6UWN8,5,0,5,4,1,4
Q6UX07,24,0,24,17,7,17
Q6ZQQ2,210,5,205,132,75,135
Q6ZWB6,51,0,51,35,16,35
Q71RC2,102,28,74,64,46,56
Q75VX8,89,0,89,50,39,50
Q8IV77,31,0,31,19,12,19
Q8IVF5,204,9,195,116,95,109
Q8IYM0,77,4,73,39,40,37
Q8N0W4,42,0,42,31,11,31
Q8N2A0,26,0,26,21,5,21
Q8N4T0,32,0,32,23,9,23
Q8NDM7,122,2,120,88,32,90
Q8NFJ9,36,2,34,25,9,27
Q8NGC5,33,0,33,24,9,24
Q8NGQ2,22,0,22,21,1,21
Q8TBR7,16,0,16,13,3,13
Q8TDN4,74,20,54,45,45,29
Q8WUA8,36,0,36,29,7,29
Q8WVD3,24,4,20,17,3,21
Q96AP7,51,9,42,35,17,34
Q96L93,103,21,82,57,57,46
Q96N06,19,3,16,9,13,6
Q96PX8,51,1,50,36,16,35
Q96QD8,60,11,49,44,13,47
Q99567,77,21,56,44,34,43
Q9BXX2,103,7,96,62,48,55
Q9BZW2,40,0,40,34,6,34
Q9GZQ4,35,0,35,32,3,32
Q9H0A9,35,1,34,15,21,14
Q9H3G5,27,0,27,17,10,17
Q9H6U6,129,27,102,81,57,72
Q9HB20,46,9,37,25,30,16
Q9HB31,22,0,22,12,10,12
Q9NPH9,14,0,14,12,2,12
Q9NSI6,305,44,261,153,184,121
Q9NTW7,61,3,58,44,20,41
Q9NVE7,58,5,53,39,20,38
Q9NVV0,30,5,25,25,8,22
Q9NVX7,39,0,39,31,8,31
Q9NWQ9,12,0,12,8,4,8
Q9NY93,34,4,30,18,18,16
Q9P2G9,45,0,45,28,17,28
Q9P2T0,37,3,34,14,26,11
Q9UFC0,62,12,50,39,31,31
Q9UJT1,45,0,45,39,6,39
Q9UKK6,13,1,12,10,4,9
Q9ULG1,174,20,154,113,65,109
Q9Y5H5,86,1,85,57,30,56
Q9Y5M1,10,0,10,5,5,5
A0A2R8Y556,1,0,1,0,1,0
A6NIR3,86,0,86,60,26,60
A6NJW4,16,1,15,11,6,10
B9A064,28,5,23,15,16,12
O00459,47,8,39,23,30,17
O14579,25,7,18,12,18,7
O14628,51,3,48,44,10,41
O15169,86,11,75,49,46,40
O15428,8,0,8,2,6,2
O43639,46,12,34,29,21,25
O60224,9,0,9,5,4,5
O75037,156,17,139,84,85,71
O75521,40,10,30,19,23,17
P06028,11,0,11,11,0,11
P17568,3,1,2,1,3,0
P28324,67,9,58,50,22,45
P31483,34,5,29,19,14,20
P48380,75,6,69,58,21,54
P52429,26,0,26,17,9,17
P52569,63,9,54,47,25,38
P55160,95,5,90,76,22,73
P55209,17,5,12,10,10,7
P55808,11,0,11,8,3,8
P56134,9,1,8,6,4,5
Q05086,59,6,53,34,27,32
Q06210,46,7,39,28,25,21
Q08830,19,0,19,14,5,14
Q08AN1,62,4,58,44,20,42
Q12772,133,16,117,85,58,75
Q12906,124,45,79,70,59,65
Q14BN4,72,10,62,40,38,34
Q14CZ8,51,8,43,24,35,16
Q15040,11,2,9,8,3,8
Q15735,133,13,120,71,75,58
Q16584,98,31,67,47,78,20
Q16585,27,0,27,16,11,16
Q16864,4,1,3,2,3,1
Q3MHD2,19,2,17,15,4,15
Q3SXZ7,21,1,20,11,11,10
Q53FD0,49,0,49,20,29,20
Q5JX69,14,2,12,10,6,8
Q5JY77,145,0,145,89,56,89
Q5NE16,17,0,17,10,7,10
Q5TBB1,26,4,22,15,13,13
Q5TZK3,10,0,10,0,10,0
Q5VXU1,10,0,10,10,0,10
Q5W0B1,142,34,108,85,67,75
Q6P0N0,145,54,91,76,85,60
Q6P9G4,12,0,12,7,5,7
Q6UXP7,20,0,20,18,2,18
Q6ZMB0,19,0,19,10,9,10
Q6ZTQ3,29,0,29,18,11,18
Q8IUI8,33,1,32,24,8,25
Q8IUK8,21,0,21,15,6,15
Q8N144,12,0,12,8,4,8
Q8N157,113,14,99,73,50,63
Q8N1A0,15,0,15,9,6,9
Q8N841,89,2,87,56,35,54
Q8NG35,4,0,4,4,0,4
Q8TAT6,43,4,39,32,13,30
Q8WW12,32,11,21,14,19,13
Q92597,49,18,31,30,23,26
Q92925,28,5,23,16,15,13
Q92934,38,15,23,20,25,13
Q969L4,4,0,4,1,3,1
Q96GD3,65,3,62,38,26,39
Q96HJ9,6,1,5,2,5,1
Q96HN2,58,17,41,35,30,28
Q96IF1,66,21,45,34,49,17
Q96N96,70,28,42,50,42,28
Q96PE6,33,0,33,27,6,27
Q96SZ6,54,2,52,33,21,33
Q96T37,187,70,117,93,142,45
Q9BQ65,18,1,17,9,10,8
Q9BQC6,3,0,3,2,1,2
Q9BVS5,43,0,43,26,17,26
Q9BXK5,76,21,55,48,27,49
Q9BY89,311,106,205,155,226,85
Q9BYN8,3,0,3,1,2,1
Q9GZK3,29,0,29,26,3,26
Q9H0K4,44,0,44,27,17,27
Q9H3L0,21,0,21,13,8,13
Q9H6X5,95,6,89,54,45,50
Q9H972,55,10,45,29,36,19
Q9HAH7,35,7,28,18,24,11
Q9HAT8,31,4,27,19,14,17
Q9HCE5,24,2,22,14,12,12
Q9NPG3,173,29,144,113,69,104
Q9NR30,84,27,57,44,49,35
Q9NSC5,30,7,23,19,18,12
Q9NWB1,23,0,23,21,2,21
Q9NXR5,39,0,39,28,11,28
Q9NZ09,61,8,53,40,25,36
Q9UIY3,13,0,13,11,2,11
Q9UN67,61,0,61,49,12,49
Q9UNA4,79,4,75,53,30,49
Q9UPP2,106,4,102,69,41,65
Q9Y5J5,3,0,3,0,3,0
Q9Y6Y1,215,3,212,154,64,151
A0A1B0GVY4,5,0,5,2,3,2
A6NC62,6,0,6,4,2,4
A8MYZ5,4,0,4,3,1,3
H3BQJ8,11,0,11,8,3,8
O14756,18,0,18,12,6,12
O15318,7,1,6,3,5,2
O15539,15,2,13,7,8,7
O60232,16,4,12,11,3,13
O60755,18,0,18,12,6,12
O60763,94,16,78,59,35,59
O60828,26,5,21,14,15,11
P00746,14,0,14,8,6,8
P04746,32,1,31,26,7,25
P0CG39,80,3,77,54,29,51
P10242,58,5,53,39,24,34
P13674,30,2,28,20,10,20
P15954,6,1,5,4,3,3
P21757,37,4,33,21,16,21
P22307,41,8,33,28,13,28
P28062,32,5,27,14,21,11
P31323,23,5,18,11,11,12
P31943,52,18,34,31,33,19
P34931,37,9,28,20,18,19
P47972,23,2,21,14,9,14
P48304,25,0,25,20,5,20
P48552,173,14,159,113,74,99
P49221,54,3,51,44,11,43
P50876,10,0,10,8,2,8
P61981,29,11,18,13,19,10
P62166,6,0,6,6,0,6
Q00266,21,1,20,15,7,14
Q01814,90,16,74,58,34,56
Q03591,31,0,31,19,12,19
Q07343,90,14,76,56,44,46
Q07699,14,0,14,11,3,11
Q12864,56,2,54,38,16,40
Q13155,27,4,23,18,9,18
Q13467,37,0,37,30,7,30
Q14164,54,5,49,40,15,39
Q14749,19,2,17,15,4,15
Q15011,32,2,30,20,14,18
Q29980,27,1,26,24,2,25
Q3KP31,44,1,43,40,5,39
Q53GI3,54,5,49,32,21,33
Q5M7Z0,50,5,45,34,17,33
Q5R3I4,31,1,30,24,8,23
Q5SY80,70,1,69,51,20,50
Q5TCX8,131,26,105,77,76,55
Q641Q2,229,88,141,123,162,67
Q6AI08,150,24,126,100,60,90
Q6IQ23,159,50,109,75,116,43
Q6IS14,10,2,8,5,3,7
Q6NXT2,8,2,6,4,6,2
Q71F78,15,0,15,1,14,1
Q7L945,36,0,36,31,5,31
Q7RTS5,32,2,30,18,16,16
Q7Z412,21,0,21,15,6,15
Q86U28,19,5,14,10,12,7
Q86UG4,53,0,53,38,15,38
Q8IX18,48,2,46,30,20,28
Q8IY17,125,17,108,74,58,67
Q8IYI8,49,3,46,31,21,28
Q8N614,25,0,25,18,7,18
Q8N6M9,4,0,4,3,1,3
Q8NEM0,118,19,99,64,59,59
Q8NHA6,18,0,18,17,1,17
Q8TDQ7,10,0,10,8,2,8
Q8TDY2,162,36,126,93,75,87
Q8TE69,3,0,3,3,0,3
Q8WUJ1,17,0,17,10,7,10
Q8WVE7,11,1,10,7,3,8
Q8WYK1,130,1,129,100,31,99
Q93038,23,0,23,17,6,17
Q96DM3,55,6,49,38,19,36
Q96DR7,113,19,94,55,75,38
Q96JN2,103,4,99,60,45,58
Q96LB8,26,1,25,21,6,20
Q96N11,32,0,32,22,10,22
Q96QZ7,152,25,127,86,85,67
Q9BRL6,95,29,66,29,91,4
Q9BX97,29,1,28,16,14,15
Q9BXJ0,17,0,17,10,7,10
Q9C0H6,45,1,44,28,18,27
Q9H0J4,126,1,125,63,64,62
Q9H0S4,26,3,23,19,8,18
Q9H4G4,15,3,12,8,8,7
Q9H707,47,6,41,36,15,32
Q9H8T0,22,2,20,14,10,12
Q9HD90,36,0,36,29,7,29
Q9NPD3,13,3,10,9,7,6
Q9NS28,22,3,19,13,12,10
Q9NVH0,51,5,46,30,24,27
Q9NXH8,26,5,21,11,20,6
Q9NZ94,53,2,51,31,24,29
Q9P0M6,42,5,37,25,18,24
Q9UBB5,39,5,34,20,22,17
Q9ULK4,92,2,90,65,27,65
Q9Y2Q3,16,4,12,8,10,6
Q9Y3Q0,52,0,52,38,14,38
Q9Y535,13,0,13,7,6,7
A0A126GWI2,20,0,20,19,1,19
A0A1B0GTU1,85,0,85,39,46,39
H0YKK7,27,0,27,17,10,17
O15480,27,0,27,14,13,14
O43602,52,10,42,25,35,17
O43617,10,0,10,7,3,7
O60290,85,3,82,61,27,58
O75995,68,30,38,35,53,15
O95613,338,78,260,178,184,154
P00709,8,0,8,8,0,8
P01857,46,4,42,38,8,38
P02771,44,8,36,31,21,23
P04183,15,5,10,7,7,8
P05019,15,0,15,8,7,8
P07197,121,35,86,59,91,30
P08590,4,1,3,2,3,1
P0DJD0,220,52,168,144,112,108
P0DP75,10,0,10,0,10,0
P11172,36,5,31,24,13,23
P11684,8,0,8,6,2,6
P12544,16,0,16,10,6,10
P19438,37,3,34,29,11,26
P27930,27,1,26,20,8,19
P28908,65,8,57,43,28,37
P30203,75,2,73,57,16,59
P31273,24,0,24,17,7,17
P34820,24,1,23,17,8,16
P41240,25,3,22,16,6,19
P47900,32,2,30,23,11,21
P48668,67,14,53,37,40,27
P60413,43,0,43,42,1,42
P61218,2,0,2,0,2,0
P78537,8,3,5,5,6,2
P82933,23,3,20,15,7,16
Q01813,46,5,41,33,14,32
Q12766,123,2,121,76,49,74
Q12840,86,6,80,53,37,49
Q13394,26,1,25,17,10,16
Q14126,118,30,88,75,43,75
Q14593,35,1,34,25,11,24
Q15223,34,5,29,22,15,19
Q15382,16,3,13,13,4,12
Q2NKJ3,116,2,114,71,45,71
Q30201,20,0,20,13,7,13
Q32MQ0,84,8,76,49,39,45
Q658P3,48,8,40,33,13,35
Q6NXR0,32,0,32,13,19,13
Q6PIV7,11,0,11,8,3,8
Q6UX52,25,0,25,18,7,18
Q6ZN17,34,9,25,19,22,12
Q6ZVK8,17,0,17,10,7,10
Q7Z340,77,2,75,55,24,53
Q7Z4V0,81,3,78,44,40,41
Q7Z5L7,40,0,40,28,12,28
Q8IUC8,32,0,32,24,8,24
Q8IV03,43,0,43,27,16,27
Q8IV53,94,11,83,62,39,55
Q8IX95,8,0,8,6,2,6
Q8N0X4,21,0,21,9,12,9
Q8N1E2,18,0,18,15,3,15
Q8N6L1,11,0,11,11,0,11
Q8NBP5,45,1,44,37,9,36
Q8NGN6,22,0,22,20,2,20
Q8NH05,20,0,20,19,1,19
Q8TAU0,33,0,33,23,10,23
Q8TAX9,32,1,31,18,15,17
Q8WWB5,19,0,19,12,7,12
Q93100,75,9,66,49,29,46
Q96B49,3,1,2,1,3,0
Q96EQ0,27,2,25,19,10,17
Q96H72,25,0,25,18,7,18
Q96IK1,11,1,10,7,5,6
Q96LM5,17,0,17,10,7,10
Q96LQ0,18,1,17,7,10,8
Q96LR9,22,0,22,15,7,15
Q96N58,49,0,49,33,16,33
Q96PX9,139,8,131,88,57,82
Q9BX10,37,3,34,24,16,21
Q9BXC0,27,0,27,22,5,22
Q9BZ76,117,1,116,90,28,89
Q9H0E2,9,0,9,5,4,5
Q9H293,16,0,16,8,8,8
Q9HAW4,190,54,136,100,100,90
Q9NQU5,84,18,66,45,47,37
Q9NR28,21,3,18,14,10,11
Q9NR56,20,2,18,17,3,17
Q9NRR1,7,0,7,5,2,5
Q9NTK1,20,0,20,5,15,5
Q9NUJ7,21,0,21,16,5,16
Q9NVL1,21,2,19,12,9,12
Q9NWV8,39,10,29,26,19,20
Q9NWZ5,42,8,34,25,19,23
Q9P1Z2,58,6,52,31,33,25
Q9UGM3,289,0,289,237,52,237
Q9UGN5,43,9,34,26,26,17
Q9UJA5,40,7,33,23,22,18
Q9UN73,91,7,84,64,28,63
Q9UQ07,35,4,31,23,16,19
Q9Y2I8,61,10,51,39,30,31
Q9Y3D3,5,1,4,3,3,2
A0A087X179,35,0,35,23,12,23
A0A096LPI5,14,0,14,11,3,11
A0A8V8TPW5,1,0,1,0,1,0
B2RUY7,9,0,9,8,1,8
B4DS77,23,0,23,13,10,13
E5RHQ5,109,0,109,74,35,74
O00358,19,0,19,9,10,9
O14561,10,3,7,5,4,6
O15212,6,0,6,2,4,2
O15357,136,26,110,84,60,76
O43242,38,9,29,21,26,12
O43299,77,4,73,49,32,45
O43462,59,2,57,52,5,54
O60563,100,10,90,69,35,65
O60741,76,1,75,48,27,49
O76001,24,0,24,23,1,23
O95452,14,0,14,13,1,13
O95870,43,3,40,28,16,27
O96011,23,2,21,13,10,13
P00742,27,0,27,18,9,18
P04424,35,1,34,24,10,25
P0C7V0,32,0,32,12,20,12
P10523,28,3,25,21,4,24
P22314,93,27,66,56,36,57
P23276,58,0,58,37,21,37
P49418,64,17,47,36,35,29
P49441,28,2,26,20,8,20
P53634,30,0,30,22,8,22
P53677,30,1,29,20,9,21
P57768,52,15,37,29,28,24
P60014,44,0,44,44,0,44
P62273,4,1,3,2,3,1
P79522,16,5,11,7,14,2
P82930,8,0,8,3,5,3
Q12796,26,0,26,9,17,9
Q12904,25,8,17,16,9,16
Q13438,41,4,37,29,16,25
Q13635,102,1,101,76,27,75
Q14147,95,7,88,59,41,54
Q14669,270,56,214,166,146,124
Q15329,33,2,31,28,5,28
Q495X7,33,0,33,24,9,24
Q53RD9,36,0,36,26,10,26
Q5SRR4,17,0,17,14,3,14
Q5VT03,59,0,59,35,24,35
Q5VVQ6,21,3,18,16,6,15
Q68CJ6,52,1,51,33,18,34
Q6NSJ5,48,2,46,29,21,27
Q6NT16,42,2,40,37,7,35
Q6NZY4,86,23,63,52,39,47
Q6P0Q8,327,90,237,183,200,127
Q6QHC5,11,0,11,11,0,11
Q6UXB4,20,0,20,18,2,18
Q6UXP9,16,0,16,10,6,10
Q6UXU0,11,0,11,5,6,5
Q6ZUL3,24,0,24,15,9,15
Q7Z5A8,9,0,9,9,0,9
Q7Z5S9,25,0,25,22,3,22
Q86T90,91,28,63,49,56,35
Q86UF4,27,0,27,20,7,20
Q86UQ4,465,14,451,370,89,376
Q86X29,95,38,57,50,61,34
Q8IYG6,49,3,46,22,30,19
Q8IZP0,69,24,45,36,51,18
Q8N0V1,18,0,18,9,9,9
Q8N0W7,24,0,24,18,6,18
Q8N2Y8,209,22,187,124,99,110
Q8N2Z9,11,2,9,4,9,2
Q8N394,65,0,65,53,12,53
Q8N4C9,24,0,24,14,10,14
Q8NEG2,36,5,31,20,21,15
Q8NGJ2,18,0,18,17,1,17
Q8TAL5,38,2,36,25,15,23
Q8TAP4,2,0,2,2,0,2
Q96BY9,38,5,33,29,8,30
Q96DA0,10,0,10,8,2,8
Q96MG2,27,4,23,11,18,9
Q96PU4,66,6,60,39,33,33
Q96QP1,131,9,122,90,44,87
Q96S82,55,5,50,40,18,37
Q99801,26,5,21,15,12,14
Q9BW71,111,44,67,46,99,12
Q9BY78,30,0,30,22,8,22
Q9H790,24,1,23,16,7,17
Q9HBM1,16,2,14,8,10,6
Q9HD15,29,8,21,17,16,13
Q9NPA8,2,1,1,1,2,0
Q9NQC8,30,2,28,20,10,20
Q9NSE4,83,6,77,58,25,58
Q9NUA8,114,15,99,81,36,78
Q9NXC2,19,0,19,14,5,14
Q9NYA1,23,1,22,16,8,15
Q9NYF3,78,17,61,46,41,37
Q9P2K5,54,5,49,28,29,25
Q9UJX2,39,7,32,25,11,28
Q9Y3E5,15,4,11,10,9,6
Q9Y493,243,0,243,185,58,185
Q9Y6F7,42,2,40,24,20,22
Q9Y6R9,62,5,57,23,42,20
A0A075B6R0,13,0,13,5,8,5
A0A804HJP8,2,0,2,0,2,0
A6NEC2,27,0,27,21,6,21
A6NHT5,34,5,29,15,24,10
O00231,41,11,30,23,25,16
O14771,42,5,37,27,18,24
O14802,83,6,77,53,34,49
O43653,6,0,6,6,0,6
O75629,16,0,16,9,7,9
O75718,19,0,19,10,9,10
O95528,51,4,47,42,13,38
P02810,10,3,7,6,3,7
P04217,35,0,35,24,11,24
P08514,75,0,75,55,20,55
P0DN26,9,0,9,2,7,2
P13693,11,4,7,5,4,7
P17643,36,0,36,24,12,24
P18847,13,1,12,9,5,8
P19338,65,29,36,33,49,16
P22352,12,0,12,11,1,11
P23510,13,0,13,8,5,8
P30533,33,10,23,18,25,8
P40763,56,7,49,35,18,38
P41161,40,5,35,22,21,19
P43308,17,1,16,13,5,12
P51674,11,2,9,9,2,9
P56746,21,3,18,17,1,20
P63096,20,3,17,12,9,11
Q06418,66,6,60,48,22,44
Q0P6D2,28,0,28,21,7,21
Q13442,11,5,6,5,11,0
Q13868,28,8,20,18,14,14
Q14435,38,0,38,21,17,21
Q14683,79,18,61,44,43,36
Q14774,69,3,66,45,27,42
Q15004,16,5,11,9,10,6
Q15270,29,0,29,10,19,10
Q15465,31,0,31,22,9,22
Q16851,48,13,35,31,22,26
Q569K4,67,4,63,37,34,33
Q5FWF7,16,0,16,9,7,9
Q5H9S7,40,0,40,25,15,25
Q5JW98,27,0,27,21,6,21
Q5M8T2,36,0,36,25,11,25
Q5TZA2,174,27,147,67,130,44
Q5VV42,48,9,39,30,13,35
Q5XG99,21,1,20,13,9,12
Q6P2I7,34,1,33,24,9,25
Q6PJ69,28,0,28,20,8,20
Q6ZNF0,24,0,24,16,8,16
Q6ZUM4,89,14,75,42,57,32
Q6ZYL4,1,0,1,1,0,1
Q7L523,24,0,24,17,7,17
Q7LBR1,12,0,12,8,4,8
Q86TI0,144,33,111,83,72,72
Q86U42,26,7,19,10,15,11
Q8IVM8,31,0,31,24,7,24
Q8IX12,94,18,76,53,51,43
Q8IYT8,133,13,120,78,68,65
Q8NCG7,69,12,57,51,16,53
Q8NET5,24,1,23,14,11,13
Q8NFU3,9,2,7,4,7,2
Q8NGI1,28,0,28,24,4,24
Q8NGP3,23,0,23,18,5,18
Q8NGR5,31,1,30,27,3,28
Q8NH02,26,0,26,23,3,23
Q8TAM6,25,2,23,14,13,12
Q8TDM6,255,65,190,146,136,119
Q8WTS6,26,3,23,19,10,16
Q8WUI4,104,17,87,54,59,45
Q96G42,50,3,47,21,32,18
Q96GA3,56,20,36,32,26,30
Q96I45,5,0,5,3,2,3
Q96IT6,1,0,1,1,0,1
Q96J42,27,0,27,22,5,22
Q96LL3,8,0,8,4,4,4
Q96N76,38,0,38,23,15,23
Q96P16,33,7,26,17,17,16
Q96PE3,82,6,76,55,31,51
Q99426,28,8,20,15,17,11
Q9BQ08,14,0,14,9,5,9
Q9BZG2,20,0,20,13,7,13
Q9GZX5,41,2,39,31,12,29
Q9H0C2,23,3,20,15,9,14
Q9H379,4,0,4,3,1,3
Q9H672,17,0,17,12,5,12
Q9H6H4,29,8,21,13,22,7
Q9NRF9,16,6,10,7,11,5
Q9NVF7,38,10,28,22,22,16
Q9NXX6,37,10,27,17,30,7
Q9NZB8,51,1,50,29,21,30
Q9NZI6,40,3,37,22,21,19
Q9P2E7,90,2,88,65,27,63
Q9UBF9,55,4,51,39,20,35
Q9UGT4,68,0,68,52,16,52
Q9UHL4,22,0,22,14,8,14
Q9UJ96,34,0,34,23,11,23
Q9Y5M8,28,5,23,17,14,14
Q9Y6N7,175,20,155,105,86,89
A0A075B7B8,14,0,14,14,0,14
A0A087WUV0,48,0,48,33,15,33
A0A0B4J2F2,64,0,64,40,24,40
A0A1B0GU29,10,0,10,8,2,8
A0A1B0GW15,2,0,2,0,2,0
A6NDY2,44,2,42,21,25,19
A6NJW9,16,0,16,11,5,11
A8MUU9,89,7,82,9,87,2
A8MVJ9,14,0,14,7,7,7
O14638,54,0,54,48,6,48
O14926,32,0,32,19,13,19
O75844,36,4,32,30,8,28
O94762,86,6,80,40,52,34
O95239,127,38,89,79,46,81
P01880,42,0,42,28,14,28
P07902,22,1,21,16,7,15
P0C6S8,27,0,27,20,7,20
P0C879,15,0,15,5,10,5
P0DKL9,6,0,6,2,4,2
P0DMU3,18,0,18,8,10,8
P10092,14,0,14,9,5,9
P11498,61,6,55,42,25,36
P12314,33,2,31,18,17,16
P12956,63,21,42,38,22,41
P15248,11,0,11,10,1,10
P16144,204,55,149,122,79,125
P19484,66,21,45,40,29,37
P42356,183,11,172,129,61,122
P48448,25,0,25,14,11,14
P49662,31,5,26,22,14,17
P51148,14,5,9,9,4,10
P51168,44,1,43,33,12,32
P60323,12,0,12,5,7,5
P60410,51,2,49,47,2,49
P60981,12,4,8,6,8,4
P62277,15,7,8,8,12,3
P78509,319,1,318,266,54,265
P98173,17,0,17,9,8,9
Q13477,32,0,32,18,14,18
Q14242,24,2,22,19,7,17
Q15003,86,30,56,53,45,41
Q15048,33,0,33,17,16,17
Q15843,3,1,2,2,2,1
Q16777,3,0,3,0,3,0
Q4G0P3,367,8,359,258,113,254
Q5GJ75,20,0,20,11,9,11
Q5JSS6,3,0,3,2,1,2
Q5PRF9,99,28,71,60,53,46
Q6H9L7,36,0,36,24,12,24
Q6NWY9,72,9,63,37,44,28
Q6UWL6,57,0,57,35,22,35
Q6ZRP5,18,0,18,13,5,13
Q6ZSN1,15,0,15,2,13,2
Q6ZUG5,35,0,35,22,13,22
Q7L0L9,18,1,17,6,11,7
Q7L2R6,41,0,41,35,6,35
Q86WI0,18,0,18,14,4,14
Q8N0Z8,24,4,20,15,13,11
Q8N114,16,0,16,16,0,16
Q8N163,80,19,61,46,31,49
Q8N442,39,0,39,29,10,29
Q8N4K4,7,0,7,6,1,6
Q8NBZ9,15,0,15,6,9,6
Q8NFK1,22,0,22,12,10,12
Q8NH61,36,2,34,30,6,30
Q8NHZ8,7,3,4,4,4,3
Q8TAB3,127,10,117,87,50,77
Q92565,44,1,43,27,18,26
Q93077,3,0,3,0,3,0
Q969Z3,15,0,15,11,4,11
Q96A25,27,1,26,25,3,24
Q96CE8,19,0,19,19,0,19
Q96GG9,15,2,13,9,4,11
Q96I99,15,1,14,8,6,9
Q96JM7,66,14,52,40,36,30
Q96LX8,43,3,40,28,16,27
Q96M85,14,0,14,8,6,8
Q96NJ1,20,1,19,9,12,8
Q99707,60,1,59,45,16,44
Q9BRS2,47,11,36,28,22,25
Q9BZB8,74,4,70,45,33,41
Q9H3N8,47,0,47,27,20,27
Q9H4A3,373,48,325,271,114,259
Q9H583,185,20,165,138,51,134
Q9H7F0,91,8,83,74,21,70
Q9H9V4,9,0,9,6,3,6
Q9HCS5,87,20,67,38,63,24
Q9N2K0,66,0,66,48,18,48
Q9NRB3,28,0,28,14,14,14
Q9P127,41,1,40,17,25,16
Q9P2K2,47,0,47,36,11,36
Q9UBB4,33,5,28,24,10,23
Q9UIM3,19,1,18,13,5,14
Q9UNN5,62,8,54,46,22,40
Q9Y2B4,25,0,25,8,17,8
Q9Y4F9,130,18,112,76,70,60
Q9Y4P1,30,4,26,20,12,18
Q9Y5E8,70,0,70,51,19,51
Q9Y603,13,0,13,7,6,7
A0A075B759,9,0,9,2,7,2
A0A0A6YYK4,9,0,9,4,5,4
A0A0J9YXQ4,25,0,25,14,11,14
A6NKX1,10,0,10,8,2,8
B4DX44,30,2,28,23,7,23
C9JXX5,8,0,8,4,4,4
O00574,25,0,25,23,2,23
O14894,10,0,10,9,1,9
O15213,38,4,34,21,21,17
O15504,83,12,71,60,23,60
O43543,35,2,33,23,12,23
O60318,230,20,210,165,79,151
O60565,15,4,11,8,9,6
O75157,101,10,91,75,34,67
O75173,62,4,58,41,25,37
O75475,58,25,33,30,33,25
O94813,106,2,104,85,23,83
O94906,51,7,44,28,24,27
P01008,36,2,34,22,16,20
P01215,8,0,8,8,0,8
P14920,13,0,13,9,4,9
P18146,100,6,94,72,30,70
P21728,46,0,46,35,11,35
P24311,4,0,4,1,3,1
P29558,47,6,41,33,18,29
P30876,74,9,65,46,33,41
P54315,30,0,30,23,7,23
P55199,82,20,62,44,54,28
P56159,44,0,44,37,7,37
P60953,9,0,9,6,3,6
P61158,26,6,20,19,11,15
P78413,45,3,42,32,14,31
P80108,77,0,77,56,21,56
P86496,8,0,8,4,4,4
Q05823,45,3,42,27,19,26
Q11203,25,1,24,17,7,18
Q13523,184,68,116,76,144,40
Q14654,22,0,22,14,8,14
Q15528,17,0,17,10,7,10
Q15819,12,3,9,8,5,7
Q3LI63,1,0,1,1,0,1
Q3ZCW2,13,3,10,7,5,8
Q4VC05,36,8,28,21,17,19
Q4VXA5,20,0,20,13,7,13
Q5SQH8,25,2,23,16,11,14
Q5T4D3,49,1,48,40,8,41
Q6ZRP7,60,7,53,43,20,40
Q6ZUF6,26,0,26,15,11,15
Q7L311,45,4,41,29,20,25
Q7Z2D5,92,0,92,51,41,51
Q86UE8,86,26,60,49,31,55
Q86XF7,20,0,20,15,5,15
Q8IUC2,4,0,4,3,1,3
Q8IY50,29,1,28,26,4,25
Q8IYS4,54,2,52,28,26,28
Q8IZR5,26,6,20,18,12,14
Q8N0U2,23,0,23,18,5,18
Q8N8M0,22,0,22,8,14,8
Q8NB14,111,2,109,90,23,88
Q8NBS9,22,3,19,14,11,11
Q8NC44,66,15,51,41,32,34
Q8NF64,93,7,86,69,27,66
Q8TAK6,26,1,25,14,11,15
Q8TF74,56,14,42,25,35,21
Q8WVZ1,21,0,21,20,1,20
Q8WVZ7,21,0,21,17,4,17
Q969Y2,34,0,34,20,14,20
Q96EH8,8,0,8,4,4,4
Q96EQ8,16,0,16,12,4,12
Q96F44,26,3,23,17,12,14
Q96JJ3,52,5,47,34,23,29
Q96K31,34,1,33,27,8,26
Q96KA5,33,1,32,26,8,25
Q96KJ9,6,0,6,0,6,0
Q96KR7,59,3,56,27,33,26
Q96RD6,32,2,30,15,19,13
Q9BVX2,20,0,20,17,3,17
Q9BW11,15,0,15,2,13,2
Q9BXI2,19,0,19,15,4,15
Q9BYC9,4,1,3,2,3,1
Q9GZS3,30,0,30,21,9,21
Q9H0C5,31,2,29,21,12,19
Q9H2F3,10,0,10,5,5,5
Q9HA92,19,0,19,9,10,9
Q9HC07,13,1,12,9,3,10
Q9NP94,23,0,23,15,8,15
Q9NRJ1,7,0,7,4,3,4
Q9NXG0,129,11,118,65,71,58
Q9NZL6,84,2,82,62,24,60
Q9P121,28,0,28,22,6,22
Q9P1U0,8,0,8,6,2,6
Q9UBT3,11,0,11,5,6,5
Q9UBX2,23,0,23,12,11,12
Q9UGU5,98,17,81,45,68,30
Q9UIU6,112,7,105,85,28,84
Q9ULX7,27,2,25,19,10,17
Q9Y3D0,9,0,9,5,4,5
Q9Y3D2,16,1,15,10,5,11
Q9Y4P8,42,5,37,29,12,30
A0A0J9YXX1,16,0,16,14,2,14
A0A590UK24,13,0,13,2,11,2
A0ZSE6,6,0,6,6,0,6
A1A4G5,25,2,23,9,18,7
A4UGR9,331,14,317,190,155,176
A8K8P3,64,3,61,38,29,35
C9J302,21,0,21,11,10,11
O00182,29,2,27,24,7,22
O14625,3,0,3,3,0,3
O15550,146,11,135,101,50,96
O60285,89,15,74,33,67,22
O75467,58,7,51,37,28,30
O75828,17,5,12,11,11,6
O94808,47,4,43,32,15,32
O95866,21,3,18,10,10,11
P11055,120,15,105,66,63,57
P14649,9,2,7,5,6,3
P16403,25,11,14,12,18,7
P20160,20,0,20,11,9,11
P31629,399,64,335,240,185,214
P38570,98,3,95,68,33,65
P41219,58,17,41,27,38,20
P42704,101,22,79,66,41,60
P43356,25,0,25,16,9,16
P48052,35,0,35,26,9,26
P49771,17,0,17,14,3,14
P52701,147,33,114,91,75,72
P53609,35,2,33,26,11,24
P55735,40,8,32,31,7,33
P58658,39,0,39,29,10,29
P59090,3,0,3,2,1,2
P78412,41,2,39,24,19,22
P78539,27,0,27,13,14,13
Q04743,24,0,24,9,15,9
Q06546,28,3,25,22,9,19
Q08170,153,40,113,40,145,8
Q10570,105,8,97,69,42,63
Q12794,23,0,23,18,5,18
Q13332,128,5,123,73,56,72
Q13427,161,45,116,67,131,30
Q14149,90,17,73,66,31,59
Q14568,30,10,20,18,14,16
Q14789,331,60,271,185,170,161
Q15648,378,101,277,219,170,208
Q5JUK2,42,0,42,31,11,31
Q5T752,20,0,20,17,3,17
Q5VYV7,59,10,49,35,34,25
Q658L1,29,0,29,19,10,19
Q6UXT9,34,0,34,22,12,22
Q6W2J9,226,45,181,145,112,114
Q7LC44,20,0,20,12,8,12
Q7Z5B4,24,0,24,15,9,15
Q7Z5J8,102,2,100,80,20,82
Q7Z628,73,18,55,35,50,23
Q86VG3,15,0,15,9,6,9
Q86WW8,4,0,4,2,2,2
Q86WX3,6,0,6,0,6,0
Q86Y27,3,0,3,2,1,2
Q8N109,43,0,43,26,17,26
Q8N5U6,105,9,96,56,56,49
Q8N8C0,19,0,19,10,9,10
Q8NFW9,111,16,95,63,54,57
Q8NG27,95,17,78,48,60,35
Q8NGF1,23,0,23,21,2,21
Q8NGZ0,32,0,32,27,5,27
Q8NHJ6,49,4,45,26,27,22
Q8TC94,28,0,28,13,15,13
Q8WVF2,10,0,10,5,5,5
Q8WVV5,39,2,37,21,20,19
Q8WY64,41,2,39,30,9,32
Q92499,46,9,37,32,11,35
Q92841,61,17,44,32,34,27
Q92968,43,2,41,23,22,21
Q93034,43,3,40,23,21,22
Q96BR9,61,6,55,33,28,33
Q96NY7,44,3,41,18,29,15
Q96S95,4,0,4,3,1,3
Q99687,29,0,29,25,4,25
Q9BT76,17,0,17,12,5,12
Q9BV19,11,2,9,8,5,6
Q9BZQ2,42,1,41,26,17,25
Q9C0F0,312,6,306,218,100,212
Q9H967,72,1,71,45,28,44
Q9H9S5,14,0,14,6,8,6
Q9HC24,18,0,18,13,5,13
Q9NPD5,74,3,71,59,16,58
Q9NT99,51,2,49,33,18,33
Q9P0B6,10,2,8,3,9,1
Q9P0J7,60,17,43,34,29,31
Q9P0N8,19,0,19,13,6,13
Q9UIA0,24,2,22,11,15,9
Q9UJZ1,38,10,28,20,20,18
Q9ULE6,60,5,55,38,25,35
Q9UPY5,37,3,34,28,10,27
Q9Y267,45,0,45,36,9,36
Q9Y287,7,0,7,5,2,5
Q9Y5B9,91,23,68,49,55,36
Q9Y6X8,85,11,74,52,34,51
A0A075B6T6,15,0,15,9,6,9
A0A3B3IS91,6,0,6,2,4,2
A1A5D9,56,12,44,25,43,13
A6NNA5,21,0,21,11,10,11
H7BZ55,102,0,102,28,74,28
O00398,24,0,24,19,5,19
O15164,130,26,104,83,59,71
O43295,135,33,102,66,88,47
O60313,76,10,66,41,35,41
O75385,164,42,122,98,88,76
O75436,15,3,12,12,2,13
O75864,64,12,52,28,44,20
O76064,35,2,33,23,12,23
O94768,35,1,34,28,8,27
O95071,362,74,288,219,165,197
P09105,14,2,12,10,6,8
P0C7X3,30,0,30,24,6,24
P0DSO2,7,0,7,7,0,7
P0DTL4,16,0,16,13,3,13
P10266,51,0,51,32,19,32
P12829,4,0,4,3,1,3
P13762,17,0,17,12,5,12
P25713,6,1,5,4,3,3
P26885,7,0,7,6,1,6
P26951,23,1,22,16,8,15
P29590,113,33,80,68,66,47
P32248,34,6,28,23,13,21
P41162,64,11,53,32,41,23
P48553,135,15,120,95,51,84
P49910,49,5,44,27,25,24
P54756,85,4,81,58,25,60
P56279,5,0,5,2,3,2
P57739,28,3,25,23,8,20
P61236,7,0,7,5,2,5
P78317,20,5,15,11,10,10
Q08E93,2,0,2,0,2,0
Q13501,86,39,47,43,34,52
Q13554,69,23,46,34,46,23
Q13867,19,0,19,16,3,16
Q15390,35,8,27,19,20,15
Q15404,17,1,16,12,6,11
Q15691,13,3,10,8,8,5
Q16637,37,11,26,24,16,21
Q16799,86,10,76,54,42,44
Q495N2,39,0,39,36,3,36
Q4G176,35,0,35,21,14,21
Q5TB80,136,19,117,77,76,60
Q5U3C3,16,2,14,13,5,11
Q693B1,11,0,11,3,8,3
Q6NTE8,43,6,37,24,25,18
Q6UVK1,164,1,163,105,60,104
Q6ZN84,47,7,40,20,34,13
Q6ZRI6,115,21,94,68,60,55
Q6ZUX3,90,3,87,46,47,43
Q7Z3J2,84,7,77,63,24,60
Q7Z3Z3,49,0,49,28,21,28
Q7Z6M4,25,0,25,11,14,11
Q7Z7J5,18,0,18,10,8,10
Q8IXH6,22,2,20,10,14,8
Q8IZQ1,340,31,309,236,109,231
Q8N4G2,9,1,8,6,2,7
Q8N6C5,114,1,113,84,31,83
Q8N7M2,61,1,60,51,9,52
Q8N8D7,11,0,11,9,2,9
Q8N8H1,14,0,14,10,4,10
Q8NAA6,25,3,22,9,17,8
Q8NBI6,20,1,19,11,10,10
Q8NEV4,114,2,112,71,43,71
Q8NGN8,25,0,25,20,5,20
Q8NHU2,83,0,83,60,23,60
Q8NI77,84,13,71,54,33,51
Q8TBF4,23,5,18,14,10,13
Q8WUM4,66,12,54,40,26,40
Q8WWX9,2,0,2,1,1,1
Q92896,72,2,70,52,20,52
Q92989,30,4,26,24,10,20
Q96KN2,32,0,32,15,17,15
Q96LU7,83,0,83,52,31,52
Q99497,11,3,8,8,2,9
Q9BT67,21,6,15,13,12,9
Q9BYK8,163,8,155,97,72,91
Q9BYR3,16,0,16,16,0,16
Q9H0H9,6,0,6,4,2,4
Q9H2G4,56,8,48,31,33,23
Q9H7D0,166,29,137,105,76,90
Q9H7P6,35,8,27,24,13,22
Q9HCH5,135,23,112,73,83,52
Q9NRW7,47,7,40,28,24,23
Q9NW81,11,0,11,7,4,7
Q9NWH2,15,0,15,11,4,11
Q9P2D8,244,0,244,155,89,155
Q9UBF2,77,10,67,50,29,48
Q9UHN1,38,3,35,23,16,22
Q9UNL4,26,6,20,13,19,7
Q9Y2G5,28,0,28,19,9,19
Q9Y5S1,51,4,47,35,20,31
Q9Y5S9,10,4,6,6,8,2
Q9Y672,41,0,41,39,2,39
Q9Y6K0,32,4,28,22,12,20
Q9Y6Z4,13,0,13,8,5,8
A0A0A0MS06,7,0,7,5,2,5
A0A1W2PRG0,14,0,14,12,2,12
A8MQT2,50,2,48,25,27,23
B1APH4,31,0,31,18,13,18
B3SHH9,17,0,17,13,4,13
O14795,136,17,119,83,60,76
O60391,62,1,61,37,26,36
O75023,53,2,51,37,18,35
O75064,144,14,130,87,69,75
O75352,15,0,15,14,1,14
O95171,81,21,60,46,50,31
O95238,34,1,33,23,12,22
P05090,6,0,6,6,0,6
P07225,53,0,53,43,10,43
P0CG04,13,0,13,7,6,7
P0CG24,28,0,28,27,1,27
P0DP09,17,0,17,11,6,11
P0DP71,6,0,6,5,1,5
P0DPA3,17,0,17,10,7,10
P10415,18,3,15,12,7,11
P11168,46,3,43,37,10,36
P18065,12,1,11,8,5,7
P18545,2,0,2,1,1,1
P19793,53,8,45,30,21,32
P25101,35,7,28,27,5,30
P28332,26,2,24,21,5,21
P30281,26,6,20,10,18,8
P35225,11,0,11,8,3,8
P36543,5,0,5,2,3,2
P40198,16,0,16,9,7,9
P40337,18,7,11,8,17,1
P48728,27,4,23,17,12,15
P49005,42,7,35,28,21,21
P49257,28,1,27,18,11,17
P51841,87,3,84,57,31,56
P55201,129,23,106,51,97,32
P62308,4,1,3,2,3,1
P63000,8,1,7,6,3,5
P82987,130,7,123,97,38,92
Q02763,65,1,64,52,14,51
Q06643,10,0,10,4,6,4
Q07001,38,0,38,26,12,26
Q0P651,42,1,41,30,11,31
Q0VG99,44,1,43,31,14,30
Q13127,111,19,92,60,68,43
Q14680,57,19,38,34,24,33
Q14696,21,3,18,7,17,4
Q15831,28,5,23,20,11,17
Q16548,8,0,8,6,2,6
Q5T8I9,27,1,26,18,10,17
Q6EIG7,23,0,23,20,3,20
Q6NVV0,2,0,2,1,1,1
Q6P9A2,42,1,41,23,18,24
Q6XE24,38,0,38,29,9,29
Q6ZVT0,43,0,43,23,20,23
Q712K3,16,1,15,9,6,10
Q7L4P6,31,4,27,16,19,12
Q7Z2G1,17,0,17,14,3,14
Q7Z3Q1,42,0,42,39,3,39
Q86YV9,42,0,42,22,20,22
Q8IYQ7,61,0,61,47,14,47
Q8N8Q9,29,1,28,26,4,25
Q8N9X5,15,0,15,15,0,15
Q8NCN2,69,3,66,42,30,39
Q8NDF8,70,8,62,44,34,36
Q8NGU9,20,0,20,10,10,10
Q8NHB8,20,0,20,17,3,17
Q8TC36,24,0,24,14,10,14
Q8TDG2,27,0,27,24,3,24
Q92560,97,29,68,58,48,49
Q92765,24,0,24,15,9,15
Q92930,18,5,13,11,12,6
Q93088,18,1,17,10,9,9
Q96EU7,18,1,17,14,3,15
Q96GE9,6,0,6,3,3,3
Q96PY0,42,0,42,6,36,6
Q96QH2,68,13,55,25,54,14
Q96T25,52,4,48,37,17,35
Q99944,17,0,17,12,5,12
Q9BQE6,26,1,25,17,10,16
Q9BRR3,29,1,28,18,12,17
Q9BWD1,28,1,27,18,11,17
Q9BX59,43,1,42,31,11,32
Q9BXJ9,40,7,33,28,17,23
Q9BXM7,34,2,32,23,11,23
Q9BYC8,10,0,10,6,4,6
Q9GZY6,42,16,26,23,25,17
Q9H0W5,38,9,29,17,30,8
Q9H6R4,82,10,72,53,31,51
Q9HAD4,33,0,33,22,11,22
Q9HC56,112,4,108,77,37,75
Q9NQC7,95,23,72,50,50,45
Q9P2X0,4,0,4,4,0,4
Q9UBL0,119,17,102,74,60,59
Q9UJ42,21,0,21,21,0,21
Q9ULD5,84,11,73,53,42,42
Q9UPU3,102,3,99,68,33,69
Q9Y2D2,27,0,27,24,3,24
Q9Y2Q9,20,6,14,9,17,3
Q9Y5T5,65,11,54,40,28,37
A0MZ66,71,22,49,39,44,27
A2A2V5,21,0,21,17,4,17
A4D1S0,52,17,35,28,37,15
A6NGY5,30,0,30,27,3,27
A6NKH3,8,0,8,6,2,6
B1ANS9,85,4,81,54,35,50
B4E2M5,6,1,5,3,4,2
G3V211,11,0,11,8,3,8
I0J062,19,0,19,8,11,8
O00463,34,1,33,21,14,20
O15084,75,5,70,61,13,62
O60291,76,16,60,40,46,30
O75161,134,13,121,72,73,61
O75351,38,8,30,24,18,20
O75569,36,11,25,23,14,22
O75582,82,23,59,48,37,45
O76013,40,1,39,26,13,27
O95164,8,1,7,3,4,4
O95475,19,6,13,13,6,13
P01040,1,0,1,1,0,1
P08123,53,2,51,25,28,25
P08218,29,0,29,25,4,25
P09913,23,2,21,15,10,13
P0C7V8,54,0,54,34,20,34
P0DQW0,85,0,85,39,46,39
P10072,65,4,61,40,29,36
P10144,15,0,15,13,2,13
P11216,38,7,31,22,19,19
P14373,35,4,31,24,9,26
P21439,86,1,85,59,26,60
P23193,35,12,23,17,28,7
P26439,27,0,27,19,8,19
P29803,27,6,21,13,12,15
P37231,40,2,38,33,9,31
P43146,150,4,146,96,54,96
P43355,30,5,25,21,14,16
P48643,28,7,21,20,11,17
P55075,11,0,11,2,9,2
P61266,18,1,17,8,11,7
P61601,16,2,14,8,10,6
P62805,2,1,1,1,2,0
P84103,33,15,18,16,32,1
Q00978,35,0,35,20,15,20
Q01546,96,4,92,53,45,51
Q06413,84,17,67,58,39,45
Q12860,75,2,73,47,30,45
Q14587,82,2,80,67,13,69
Q15393,81,7,74,63,25,56
Q15744,20,4,16,7,17,3
Q2TBF2,29,0,29,16,13,16
Q2WEN9,33,0,33,24,9,24
Q496A3,32,0,32,11,21,11
Q53H82,9,0,9,5,4,5
Q56P03,37,14,23,17,32,5
Q5SY13,3,0,3,1,2,1
Q64LD2,55,2,53,37,20,35
Q6P3V2,61,1,60,50,12,49
Q6P587,18,4,14,13,7,11
Q6UXT8,8,0,8,1,7,1
Q6ZWK4,18,0,18,10,8,10
Q7Z449,36,1,35,25,12,24
Q86V42,66,1,65,38,27,39
Q8IYA7,36,4,32,17,23,13
Q8IYW5,77,15,62,36,54,23
Q8N2Q7,49,2,47,31,18,31
Q8N4L2,19,5,14,11,11,8
Q8N661,12,0,12,9,3,9
Q8NCN5,62,3,59,44,19,43
Q8ND71,48,2,46,33,17,31
Q8NH54,21,0,21,17,4,17
Q8TAV0,26,3,23,12,15,11
Q8TDT2,37,0,37,28,9,28
Q8WWZ8,39,0,39,31,8,31
Q92496,64,0,64,55,9,55
Q92519,42,3,39,24,21,21
Q99543,38,5,33,22,21,17
Q9BSY4,5,0,5,4,1,4
Q9BU76,35,11,24,14,32,3
Q9BY21,33,0,33,15,18,15
Q9BYD6,20,0,20,13,7,13
Q9BYR7,5,0,5,5,0,5
Q9BZM1,9,0,9,7,2,7
Q9GZR2,37,9,28,16,28,9
Q9GZX3,31,2,29,19,12,19
Q9H0J9,71,8,63,49,26,45
Q9H160,25,2,23,12,15,10
Q9H295,37,1,36,28,10,27
Q9H579,40,0,40,26,14,26
Q9HAT1,38,0,38,19,19,19
Q9HBA9,39,0,39,22,17,22
Q9NRA2,39,2,37,34,7,32
Q9NRI5,93,5,88,57,39,54
Q9NS61,19,1,18,12,6,13
Q9NZJ9,10,2,8,7,3,7
Q9P1C3,1,0,1,0,1,0
Q9UKC9,31,0,31,28,3,28
Q9ULC6,49,4,45,32,19,30
Q9UNW8,28,3,25,17,10,18
Q9Y2C3,19,0,19,18,1,18
A0A0C4DH31,12,0,12,11,1,11
A0A1B0GTW7,76,0,76,53,23,53
A0A5A6,5,0,5,2,3,2
A0M8Q6,13,0,13,6,7,6
A2NJV5,18,0,18,14,4,14
A2VDF0,6,0,6,3,3,3
A6NH21,45,1,44,41,5,40
A6NN73,43,0,43,19,24,19
A6NNF4,46,0,46,39,7,39
C9J1S8,27,0,27,17,10,17
O43474,64,10,54,45,17,47
O60449,150,2,148,121,31,119
O75604,66,6,60,35,37,29
P09565,3,0,3,3,0,3
P0C7M7,37,1,36,24,12,25
P15941,158,7,151,141,16,142
P17677,25,11,14,11,21,4
P24394,91,4,87,65,30,61
P46783,7,2,5,4,5,2
P47928,5,0,5,5,0,5
P48730,44,12,32,22,30,14
P51654,37,1,36,29,7,30
P57771,14,0,14,10,4,10
P61006,14,4,10,8,10,4
P61764,51,7,44,33,17,34
P67936,9,3,6,4,6,3
Q05639,33,6,27,17,16,17
Q14566,78,19,59,40,47,31
Q14934,115,20,95,62,71,44
Q14980,243,81,162,128,144,99
Q15109,27,1,26,14,14,13
Q16829,49,3,46,31,19,30
Q2NKX9,12,0,12,8,4,8
Q58A45,84,4,80,62,26,58
Q5BKX6,75,10,65,46,33,42
Q5H8C1,161,3,158,105,57,104
Q5JT25,17,0,17,11,6,11
Q5SWH9,27,0,27,15,12,15
Q5T440,19,1,18,14,4,15
Q5T953,29,0,29,20,9,20
Q5TAP6,70,13,57,32,41,29
Q5VWM4,34,0,34,28,6,28
Q6DCA0,29,3,26,22,8,21
Q6P1X6,12,0,12,7,5,7
Q6PGN9,67,20,47,27,52,15
Q6PK04,18,4,14,6,14,4
Q6SA08,23,1,22,19,3,20
Q6UWE3,6,0,6,6,0,6
Q6UWV2,22,0,22,13,9,13
Q6ZMS4,51,0,51,40,11,40
Q70Z35,131,5,126,89,47,84
Q7Z3B0,2,0,2,2,0,2
Q8IV31,18,3,15,11,10,8
Q8IYS2,37,0,37,27,10,27
Q8IZS8,72,1,71,55,18,54
Q8N9C0,66,2,64,39,29,37
Q8NGD2,28,0,28,25,3,25
Q8NGP6,24,1,23,21,2,22
Q8WYN0,25,2,23,16,7,18
Q92546,38,0,38,28,10,28
Q92913,25,3,22,16,12,13
Q969V1,21,0,21,20,1,20
Q96BA8,52,3,49,31,22,30
Q96CP2,15,6,9,7,12,3
Q96F45,101,13,88,65,41,60
Q96GP6,78,17,61,46,47,31
Q96GR2,44,5,39,26,19,25
Q96KX1,7,0,7,6,1,6
Q96P69,27,2,25,18,9,18
Q96PY6,132,26,106,71,65,67
Q96QK1,53,8,45,37,16,37
Q96RM1,3,0,3,2,1,2
Q96S15,69,7,62,46,26,43
Q96S53,57,9,48,34,32,25
Q99576,15,2,13,11,6,9
Q99674,11,0,11,5,6,5
Q99828,20,2,18,12,10,10
Q99969,5,0,5,3,2,3
Q9BT09,25,5,20,10,20,5
Q9BTE3,58,12,46,37,27,31
Q9BVL4,40,1,39,21,20,20
Q9BW30,13,2,11,8,5,8
Q9BXY5,37,0,37,21,16,21
Q9BYT9,66,1,65,47,20,46
Q9GZL7,51,4,47,36,17,34
Q9H061,10,0,10,9,1,9
Q9H3U7,33,0,33,24,9,24
Q9H4I0,49,1,48,28,22,27
Q9H6D7,19,0,19,14,5,14
Q9HB90,43,9,34,28,14,29
Q9NVV9,8,0,8,5,3,5
Q9P2E2,85,3,82,47,41,44
Q9P2G3,43,0,43,31,12,31
Q9P2J3,36,1,35,25,12,24
Q9UGL1,117,12,105,71,54,63
Q9UKA8,20,3,17,14,9,11
Q9UKU0,36,2,34,22,16,20
Q9Y2T5,34,0,34,26,8,26
A0A024RCN7,8,0,8,7,1,7
A0A6Q8PFC9,5,0,5,1,4,1
A0A994J3T1,6,0,6,3,3,3
A6NMS3,19,0,19,18,1,18
A6NN92,8,0,8,8,0,8
A6NNZ2,27,0,27,19,8,19
A7E2V4,203,20,183,120,87,116
B2RU33,44,0,44,28,16,28
O43196,62,0,62,36,26,36
O43747,64,5,59,47,20,44
O60575,4,0,4,3,1,3
O75394,3,0,3,2,1,2
O75815,98,29,69,53,62,36
O76082,42,0,42,35,7,35
O95837,21,0,21,12,9,12
P02774,43,1,42,34,10,33
P05156,34,0,34,27,7,27
P08493,8,3,5,3,2,6
P0DP58,5,0,5,5,0,5
P24928,270,47,223,124,179,91
P26998,21,2,19,12,11,10
P30520,14,0,14,11,3,11
P30622,166,44,122,87,85,81
P31358,9,0,9,8,1,8
P35398,47,0,47,33,14,33
P35575,29,0,29,26,3,26
P35659,68,29,39,34,49,19
P38398,297,75,222,179,121,176
P47712,79,18,61,46,29,50
P57105,9,2,7,5,4,5
P59538,23,0,23,16,7,16
P60520,8,1,7,4,5,3
P61619,35,1,34,27,9,26
P61970,9,1,8,6,2,7
Q01524,8,0,8,7,1,7
Q07092,80,5,75,50,35,45
Q07960,33,8,25,23,16,17
Q10981,15,0,15,10,5,10
Q13478,39,0,39,27,12,27
Q14246,85,1,84,75,9,76
Q15072,25,2,23,23,4,21
Q15722,35,5,30,25,11,24
Q15835,32,2,30,18,16,16
Q2M389,76,4,72,53,27,49
Q32M88,58,3,55,32,29,29
Q5BKU9,7,0,7,1,6,1
Q5FWE3,102,18,84,56,52,50
Q5GAN3,12,0,12,11,1,11
Q5JWF8,15,0,15,13,2,13
Q5T442,22,1,21,12,11,11
Q5W0A0,41,0,41,21,20,21
Q5XX13,87,1,86,54,32,55
Q687X5,30,1,29,25,6,24
Q68G74,34,0,34,20,14,20
Q6B0K9,5,0,5,4,1,4
Q6IC98,44,6,38,24,24,20
Q6N043,141,14,127,90,55,86
Q6PIJ6,116,19,97,68,49,67
Q6XQN6,37,4,33,26,13,24
Q6ZMV9,68,0,68,40,28,40
Q7KYR7,37,0,37,17,20,17
Q7L273,28,2,26,22,8,20
Q7Z6Z6,29,0,29,18,11,18
Q86SH4,8,0,8,8,0,8
Q86U90,27,6,21,16,17,10
Q86WA8,46,3,43,27,18,28
Q8N0Z2,29,3,26,14,18,11
Q8N292,11,1,10,6,6,5
Q8N8J6,46,3,43,37,10,36
Q8N8R7,14,1,13,10,5,9
Q8NAV2,32,1,31,11,22,10
Q8NEG0,16,0,16,10,6,10
Q8TAF3,51,8,43,35,22,29
Q8WU39,11,0,11,6,5,6
Q8WUA7,55,15,40,33,25,30
Q8WVM0,17,1,16,10,8,9
Q8WW38,128,12,116,84,54,74
Q8WXC6,1,0,1,1,0,1
Q92618,117,10,107,64,57,60
Q969W0,3,0,3,3,0,3
Q9BSJ1,30,0,30,18,12,18
Q9BWT7,87,10,77,52,43,44
Q9BXY4,22,4,18,14,12,10
Q9H3M7,41,8,33,19,22,19
Q9H8G2,59,15,44,36,26,33
Q9H9L7,17,2,15,12,7,10
Q9HBJ0,23,0,23,18,5,18
Q9HBT7,54,0,54,38,16,38
Q9NP81,26,1,25,16,11,15
Q9NSB2,55,2,53,37,18,37
Q9NXB9,20,0,20,19,1,19
Q9NY35,21,1,20,16,6,15
Q9NYP7,21,3,18,17,5,16
Q9NZI7,57,6,51,36,21,36
Q9UBX5,26,0,26,21,5,21
Q9UNL2,22,4,18,16,8,14
Q9Y2K9,128,9,119,80,55,73
Q9Y6C7,5,0,5,3,2,3
Q9Y6Q5,40,3,37,26,13,27
A0A1B0GUS0,16,0,16,13,3,13
A0A1W2PR95,23,0,23,12,11,12
A6NEY8,4,0,4,2,2,2
A8MTY7,19,0,19,19,0,19
A8MX76,45,0,45,26,19,26
A8MZH6,5,0,5,2,3,2
O00268,84,14,70,60,30,54
O60829,3,0,3,1,2,1
O75106,56,0,56,37,19,37
O75360,21,0,21,13,8,13
O75461,20,1,19,9,12,8
O75628,35,6,29,17,24,11
O75888,22,2,20,17,7,15
O95007,22,0,22,21,1,21
O95243,71,14,57,36,41,30
O95461,49,0,49,29,20,29
P01767,14,0,14,13,1,13
P03951,53,2,51,34,19,34
P12111,229,13,216,144,96,133
P12270,265,67,198,147,121,144
P15259,14,5,9,8,11,3
P19113,59,2,57,41,18,41
P22415,27,3,24,21,7,20
P23297,3,0,3,2,1,2
P30679,26,2,24,15,9,17
P31431,17,1,16,10,8,9
P41567,1,0,1,1,0,1
P47813,5,2,3,2,5,0
P48051,32,1,31,21,10,22
P48960,74,3,71,56,15,59
P51617,79,11,68,53,31,48
P51671,5,0,5,2,3,2
P57058,62,2,60,28,36,26
P62899,5,2,3,2,5,0
P62906,9,0,9,5,4,5
P84098,12,5,7,6,11,1
Q04900,21,0,21,19,2,19
Q13619,50,8,42,31,23,27
Q15427,22,1,21,15,8,14
Q2Q1W2,69,2,67,51,20,49
Q5MAI5,19,0,19,13,6,13
Q5SY85,7,0,7,3,4,3
Q5T2S8,72,0,72,42,30,42
Q6P3S6,95,15,80,50,58,37
Q6UXD7,45,0,45,36,9,36
Q6UXI9,30,0,30,22,8,22
Q6ZMD2,39,0,39,29,10,29
Q7RTU1,18,0,18,8,10,8
Q7Z4W2,7,0,7,7,0,7
Q8IX05,17,1,16,14,2,15
Q8IZT8,14,0,14,7,7,7
Q8N196,51,0,51,31,20,31
Q8N568,101,18,83,50,63,38
Q8N6Q1,15,1,14,9,7,8
Q8N8Q3,20,2,18,10,12,8
Q8NA66,36,1,35,28,9,27
Q8NH56,21,0,21,17,4,17
Q8NI17,60,0,60,48,12,48
Q8TC20,66,1,65,42,25,41
Q8WVK7,9,1,8,3,7,2
Q8WWX8,54,0,54,51,3,51
Q96AH8,13,0,13,9,4,9
Q96AX1,31,0,31,20,11,20
Q96EY1,39,2,37,23,16,23
Q96RJ3,10,0,10,4,6,4
Q99728,105,19,86,61,53,52
Q9BPX6,27,0,27,21,6,21
Q9BRP1,25,2,23,18,9,16
Q9BSM1,18,3,15,10,9,9
Q9BT56,8,0,8,3,5,3
Q9BTP6,7,0,7,3,4,3
Q9BU23,48,5,43,27,24,24
Q9BZ67,49,12,37,25,30,19
Q9BZA7,117,2,115,89,30,87
Q9C026,54,3,51,41,14,40
Q9C0J8,79,14,65,45,40,39
Q9H1N7,31,1,30,26,6,25
Q9H4B7,33,2,31,18,15,18
Q9H598,33,1,32,26,6,27
Q9HAR2,128,4,124,84,44,84
Q9NQV7,67,2,65,32,35,32
Q9NRL3,78,13,65,53,28,50
Q9NVG8,28,7,21,16,11,17
Q9NZP2,23,0,23,20,3,20
Q9P0S2,7,1,6,4,4,3
Q9P2K8,144,16,128,98,52,92
Q9P2N6,130,21,109,86,51,79
Q9UBH0,11,0,11,7,4,7
Q9UBY0,71,8,63,38,41,30
Q9UJP4,36,0,36,25,11,25
Q9ULC3,20,5,15,12,5,15
Q9UN88,57,0,57,42,15,42
Q9UQQ1,63,0,63,39,24,39
Q9Y2Y1,3,0,3,2,1,2
Q9Y5G5,78,0,78,52,26,52
Q9Y5J3,41,6,35,24,23,18
Q9Y689,10,0,10,7,3,7
Q9Y6V7,19,1,18,10,10,9
A0A0A0MRZ7,17,0,17,13,4,13
A0A0B4J263,9,0,9,4,5,4
A2RRL7,11,0,11,11,0,11
A6NHA9,14,0,14,11,3,11
C0HLZ6,4,0,4,1,3,1
H0Y354,10,0,10,8,2,8
O00214,22,0,22,12,10,12
O14896,40,10,30,26,16,24
O43298,50,4,46,36,16,34
O95157,21,1,20,14,8,13
O95295,7,3,4,4,6,1
O95568,38,6,32,24,14,24
O95832,11,0,11,10,1,10
P02654,7,0,7,5,2,5
P02760,19,1,18,17,3,16
P04440,12,0,12,6,6,6
P08651,86,31,55,49,54,32
P09919,16,0,16,15,1,15
P0CL80,3,0,3,1,2,1
P0DKV0,141,1,140,105,37,104
P11597,47,2,45,37,10,37
P12109,58,5,53,34,27,31
P22362,7,0,7,6,1,6
P25874,20,1,19,12,7,13
P26447,10,3,7,6,7,3
P27539,19,1,18,11,9,10
P29374,166,40,126,95,87,79
P32243,40,1,39,31,8,32
P43115,35,0,35,25,10,25
P54646,65,18,47,40,33,32
P55795,50,13,37,29,30,20
P60903,2,0,2,2,0,2
Q02742,30,0,30,23,7,23
Q08495,85,36,49,43,64,21
Q14210,15,0,15,14,1,14
Q14CN2,78,0,78,56,22,56
Q15629,26,4,22,19,7,19
Q16518,27,1,26,22,6,21
Q2M3D2,25,1,24,9,17,8
Q4LEZ3,7,0,7,3,4,3
Q587J8,14,0,14,3,11,3
Q5JQC4,13,0,13,6,7,6
Q5JTB6,5,0,5,2,3,2
Q5SQN1,49,3,46,30,22,27
Q5U4N7,42,4,38,12,32,10
Q5VT97,139,20,119,74,81,58
Q5VT98,25,0,25,21,4,21
Q68D42,23,0,23,15,8,15
Q6IF99,30,0,30,27,3,27
Q6VAB6,83,7,76,52,36,47
Q7L0Q8,16,0,16,12,4,12
Q7Z2W9,17,1,16,9,9,8
Q7Z3H4,34,0,34,24,10,24
Q7Z553,67,0,67,40,27,40
Q86TB3,253,6,247,159,98,155
Q86XS5,30,0,30,23,7,23
Q8IV35,55,0,55,43,12,43
Q8IWT0,7,0,7,4,3,4
Q8IXK0,104,9,95,69,44,60
Q8N1N4,57,3,54,34,26,31
Q8N6F1,17,0,17,14,3,14
Q8N7F7,9,0,9,3,6,3
Q8NA47,32,2,30,17,15,17
Q8NDZ0,96,0,96,72,24,72
Q8NHV4,124,37,87,77,36,88
Q8WUZ0,21,8,13,9,12,9
Q8WVK2,29,10,19,10,23,6
Q8WXA2,5,0,5,2,3,2
Q8WYR1,105,11,94,63,49,56
Q92616,225,22,203,154,73,152
Q969Z0,51,3,48,37,15,36
Q96BV0,34,1,33,18,17,17
Q96DM1,47,2,45,31,16,31
Q96DZ5,39,6,33,26,17,22
Q96JA1,110,6,104,79,33,77
Q96K76,156,28,128,102,62,94
Q96S97,32,7,25,24,9,23
Q99726,31,0,31,25,6,25
Q9BQ95,18,0,18,14,4,14
Q9BX46,5,0,5,4,1,4
Q9BYU5,8,0,8,8,0,8
Q9H1P3,37,6,31,25,16,21
Q9H237,35,2,33,26,9,26
Q9H2A2,46,3,43,31,14,32
Q9H2B2,36,2,34,15,23,13
Q9H4G1,11,2,9,9,4,7
Q9H649,29,3,26,20,12,17
Q9H6Y2,34,5,29,24,15,19
Q9H832,30,5,25,22,5,25
Q9HCR9,83,5,78,57,31,52
Q9NPH0,28,4,24,17,15,13
Q9NUG4,55,4,51,30,29,26
Q9NV12,9,0,9,7,2,7
Q9NYQ6,234,14,220,152,90,144
Q9NYU2,118,8,110,82,34,84
Q9UIF3,19,1,18,10,10,9
Q9UJK0,26,8,18,12,14,12
Q9UNE0,46,6,40,29,19,27
Q9Y3M8,123,21,102,76,60,63
Q9Y573,41,1,40,24,18,23
A0A075B7E8,14,0,14,11,3,11
A0A087WZ39,7,0,7,6,1,6
A0A0B4J262,13,0,13,10,3,10
A0A0C4DH43,12,0,12,11,1,11
A0A0C4DH59,9,0,9,6,3,6
A8MTJ3,23,2,21,17,8,15
A8MXJ8,42,1,41,21,22,20
F2Z333,8,0,8,4,4,4
H0YL14,5,0,5,3,2,3
O00571,114,41,73,61,72,42
O00635,33,1,32,24,10,23
O14746,80,6,74,38,46,34
O14770,42,0,42,32,10,32
O14843,26,0,26,19,7,19
O95671,46,11,35,27,26,20
P01611,18,0,18,13,5,13
P0DMW3,5,0,5,3,2,3
P0DTA3,18,0,18,8,10,8
P11413,27,4,23,15,14,13
P17017,65,9,56,50,16,49
P17861,22,3,19,14,11,11
P27352,40,0,40,33,7,33
P45378,10,3,7,5,6,4
P45452,29,0,29,23,6,23
P47870,33,1,32,25,9,24
P48050,26,0,26,19,7,19
P49916,95,18,77,57,54,41
P55107,27,1,26,13,15,12
P55786,66,12,54,47,27,39
P60153,5,0,5,5,0,5
P78310,50,12,38,30,22,28
P78318,26,3,23,13,12,14
P80404,30,0,30,22,8,22
Q12882,79,7,72,62,20,59
Q13530,56,3,53,48,9,47
Q14832,66,0,66,52,14,52
Q15038,7,0,7,6,1,6
Q16099,71,3,68,53,19,52
Q2HXU8,30,0,30,23,7,23
Q2M2Z5,102,19,83,56,61,41
Q2TAA8,33,0,33,21,12,21
Q3B7T3,29,0,29,17,12,17
Q5JU85,175,20,155,88,107,68
Q5T0J3,15,0,15,9,6,9
Q5T0Z8,150,40,110,75,103,47
Q5VUY2,23,0,23,15,8,15
Q5VYM1,138,4,134,80,60,78
Q6AZZ1,29,0,29,20,9,20
Q6IN84,29,0,29,20,9,20
Q6L9W6,67,2,65,45,24,43
Q6N069,47,1,46,32,16,31
Q6UXE8,35,0,35,26,9,26
Q6ZRS4,114,0,114,84,30,84
Q7Z3Z0,34,1,33,26,9,25
Q86U10,29,0,29,18,11,18
Q8N3Z3,17,1,16,9,9,8
Q8N5J2,32,3,29,22,11,21
Q8NBW4,49,7,42,36,14,35
Q8NET8,46,1,45,32,15,31
Q8NGE8,24,0,24,21,3,21
Q8NGJ9,23,0,23,21,2,21
Q8NGL3,25,0,25,24,1,24
Q8NI51,52,6,46,32,24,28
Q8TAF5,11,0,11,4,7,4
Q8TD22,23,0,23,20,3,20
Q8TD57,266,3,263,187,82,184
Q8TE04,40,4,36,25,19,21
Q92563,34,1,33,30,5,29
Q96A58,9,0,9,4,5,4
Q96BK5,29,6,23,19,14,15
Q96DA2,12,1,11,7,6,6
Q96EM0,17,0,17,11,6,11
Q96G25,24,2,22,14,12,12
Q96J77,11,0,11,8,3,8
Q96LT6,22,0,22,14,8,14
Q96P15,36,2,34,28,8,28
Q96PP4,29,4,25,13,18,11
Q99614,35,11,24,19,15,20
Q9BSN7,14,1,13,8,7,7
Q9BUN8,11,2,9,7,2,9
Q9BXA6,14,0,14,7,7,7
Q9BZV1,27,5,22,15,15,12
Q9C093,104,2,102,61,45,59
Q9H819,18,1,17,12,7,11
Q9H845,44,6,38,28,22,22
Q9HAU8,56,0,56,49,7,49
Q9NP92,17,0,17,11,6,11
Q9NS15,95,4,91,68,27,68
Q9UBX8,18,0,18,14,4,14
Q9UIL8,20,2,18,12,10,10
Q9UIW0,33,0,33,11,22,11
Q9UJ98,110,4,106,73,41,69
Q9UK45,5,1,4,2,4,1
Q9UK80,58,7,51,29,34,24
Q9UKF7,25,0,25,13,12,13
Q9ULW8,35,0,35,21,14,21
Q9Y3C7,1,0,1,1,0,1
Q9Y4K1,250,55,195,156,111,139
Q9Y6D5,172,36,136,108,84,88
A0A1B0GX68,9,0,9,8,1,8
A0A8I5KY20,13,0,13,5,8,5
A1A4Y4,14,0,14,12,2,12
A6NNT2,76,0,76,45,31,45
A8MW95,23,0,23,16,7,16
A8MXT2,33,0,33,15,18,15
O14944,11,0,11,11,0,11
O14974,180,62,118,96,112,68
O15111,65,4,61,47,16,49
O43603,27,1,26,18,10,17
O60733,47,0,47,29,18,29
O75110,73,1,72,48,26,47
O75674,42,5,37,33,8,34
O75808,97,9,88,58,48,49
O75845,19,1,18,13,7,12
O95196,48,3,45,29,20,28
O95466,83,12,71,46,41,42
P05538,14,0,14,8,6,8
P05546,29,1,28,25,3,26
P07307,26,2,24,23,5,21
P0C626,20,0,20,15,5,15
P0CF51,8,0,8,4,4,4
P11230,39,0,39,28,11,28
P19827,64,2,62,42,22,42
P21397,24,2,22,19,7,17
P31269,19,2,17,11,8,11
P33981,120,34,86,69,41,79
P46379,108,18,90,62,48,60
P49411,15,3,12,10,6,9
P51157,11,0,11,10,1,10
P61578,9,0,9,5,4,5
P82279,123,0,123,116,7,116
Q04726,121,34,87,76,63,58
Q12891,30,0,30,21,9,21
Q13207,73,16,57,39,48,25
Q13884,64,18,46,38,24,40
Q14376,16,1,15,13,4,12
Q14691,10,0,10,4,6,4
Q15124,47,7,40,28,20,27
Q15391,33,1,32,26,8,25
Q15651,10,4,6,4,8,2
Q16881,28,1,27,22,7,21
Q17R98,154,12,142,96,60,94
Q1AE95,28,3,25,13,16,12
Q49AM1,26,1,25,13,14,12
Q5SWL8,36,0,36,22,14,22
Q5VZV1,17,0,17,12,5,12
Q6DHV5,119,0,119,80,39,80
Q6MZM9,7,0,7,4,3,4
Q6NUS8,37,0,37,25,12,25
Q6NVV3,40,0,40,36,4,36
Q6P2H3,98,16,82,53,49,49
Q6TCH7,24,0,24,21,3,21
Q6VVX0,28,0,28,20,8,20
Q6ZT12,161,9,152,109,59,102
Q7RTR0,69,2,67,51,18,51
Q7Z3B4,33,5,28,21,11,22
Q86UR1,28,6,22,20,14,14
Q8IY57,35,10,25,15,26,9
Q8IZU3,13,0,13,4,9,4
Q8N6V4,1,0,1,1,0,1
Q8N766,89,2,87,59,32,57
Q8NCJ5,31,3,28,19,13,18
Q8NFQ8,65,16,49,45,26,39
Q8NFX7,16,1,15,14,1,15
Q8TCD5,7,2,5,4,5,2
Q8TEJ3,105,11,94,67,43,62
Q8WTP9,5,0,5,4,1,4
Q8WUD1,22,5,17,10,11,11
Q8WUK0,9,0,9,5,4,5
Q969G9,47,4,43,22,29,18
Q96AA8,40,1,39,22,19,21
Q96DE5,11,1,10,8,2,9
Q96GM8,42,4,38,29,17,25
Q96KC8,39,8,31,18,29,10
Q96M11,27,4,23,20,9,18
Q96NC0,6,1,5,5,2,4
Q96PH1,55,1,54,29,25,30
Q96Q40,35,0,35,23,12,23
Q96R45,17,0,17,17,0,17
Q99706,38,0,38,25,13,25
Q9BPY8,3,0,3,1,2,1
Q9BXT4,89,0,89,59,30,59
Q9H0U3,21,1,20,16,6,15
Q9H2A9,29,0,29,14,15,14
Q9H7R0,48,0,48,37,11,37
Q9H8G1,36,1,35,29,8,28
Q9HAW8,36,1,35,31,6,30
Q9HC62,56,5,51,34,27,29
Q9NPC3,31,4,27,22,13,18
Q9NRG7,14,0,14,9,5,9
Q9NT62,6,0,6,5,1,5
Q9NWU1,37,3,34,24,14,23
Q9NX01,12,2,10,9,5,7
Q9NYR9,18,2,16,13,7,11
Q9NZI8,40,5,35,29,14,26
Q9P2D1,279,43,236,156,144,135
Q9Y3A5,11,2,9,6,7,4
A0A0B4J279,14,0,14,9,5,9
A0A0K0K1A3,9,0,9,6,3,6
A0A140TA67,19,0,19,19,0,19
A0A1W2PRN6,11,0,11,5,6,5
A6NHR9,138,14,124,92,54,84
A6NIZ1,8,0,8,6,2,6
B7Z3J9,7,0,7,3,4,3
H3BQL2,43,0,43,18,25,18
O00116,47,6,41,30,17,30
O00159,85,19,66,53,35,50
O14578,170,13,157,92,89,81
O60662,39,0,39,29,10,29
O60930,18,3,15,11,10,8
O75346,28,0,28,25,3,25
O75398,44,5,39,31,18,26
O75746,41,2,39,27,14,27
O75884,8,1,7,5,4,4
O95167,5,1,4,3,1,4
O95861,18,3,15,11,8,10
O95931,19,4,15,11,10,9
P00390,32,1,31,24,7,25
P04035,78,8,70,55,29,49
P04629,52,0,52,44,8,44
P06702,4,1,3,2,1,3
P10155,30,3,27,23,6,24
P11465,32,0,32,26,6,26
P12271,14,0,14,10,4,10
P17405,43,3,40,27,17,26
P22695,43,5,38,27,19,24
P25092,70,1,69,53,18,52
P31213,12,0,12,9,3,9
P46013,443,165,278,232,282,161
P49368,47,15,32,27,27,20
P49450,15,6,9,6,11,4
P50991,57,17,40,35,25,32
P51178,64,7,57,38,29,35
P52758,11,4,7,6,1,10
P52849,60,2,58,45,17,43
P54108,18,1,17,15,4,14
P57081,41,1,40,26,16,25
P61978,52,22,30,27,35,17
P78316,70,11,59,36,41,29
Q12894,47,3,44,31,19,28
Q13163,40,8,32,26,16,24
Q13233,214,34,180,132,102,112
Q13496,58,9,49,34,21,37
Q14997,123,7,116,83,41,82
Q15649,11,4,7,7,6,5
Q16659,75,15,60,51,29,46
Q3LHN1,4,0,4,4,0,4
Q5HYW3,29,0,29,17,12,17
Q5JSZ5,360,89,271,194,209,151
Q5TAB7,7,0,7,3,4,3
Q6NYC1,45,5,40,30,18,27
Q6PJP8,121,11,110,77,51,70
Q6T423,33,0,33,26,7,26
Q6UY14,102,0,102,56,46,56
Q6ZUS6,38,0,38,15,23,15
Q7L5Y1,19,1,18,13,5,14
Q7Z7H8,13,0,13,8,5,8
Q7Z7K6,35,12,23,19,22,13
Q86XR8,58,11,47,27,40,18
Q86Y30,8,0,8,6,2,6
Q8IYA8,64,1,63,45,20,44
Q8IZT6,311,79,232,169,169,142
Q8N122,130,21,109,88,49,81
Q8NET4,222,4,218,149,71,151
Q8TBJ5,28,0,28,16,12,16
Q8TEQ0,103,22,81,63,38,65
Q8WU43,6,0,6,5,1,5
Q92731,59,5,54,38,22,37
Q92915,18,0,18,11,7,11
Q93091,9,0,9,7,2,7
Q96BU1,58,5,53,34,29,29
Q96LL9,20,3,17,6,17,3
Q96PB7,36,1,35,25,12,24
Q99447,25,9,16,13,19,6
Q9BSG0,10,0,10,8,2,8
Q9BSJ2,65,2,63,49,16,49
Q9BUR4,74,15,59,47,30,44
Q9BXT5,337,5,332,236,100,237
Q9BZ95,161,26,135,95,82,79
Q9H2J4,13,3,10,7,7,6
Q9H6E4,13,1,12,9,3,10
Q9HBW0,28,2,26,20,6,22
Q9NVC3,30,3,27,24,7,23
Q9NXA8,18,1,17,10,9,9
Q9NY56,4,0,4,1,3,1
Q9NZH7,13,0,13,6,7,6
Q9NZP6,147,0,147,121,26,121
Q9P2N4,157,0,157,110,47,110
Q9UF56,54,1,53,37,18,36
Q9UJ71,28,0,28,18,10,18
Q9UJS0,37,3,34,22,16,21
Q9UL52,30,0,30,20,10,20
Q9Y3D7,14,4,10,7,7,7
Q9Y4I5,40,3,37,29,12,28
Q9Y561,83,6,77,52,35,48
Q9Y5F1,74,1,73,57,18,56
Q9Y618,350,108,242,174,252,98
A0A075B6I7,18,0,18,12,6,12
A0A075B6V5,13,0,13,10,3,10
A0A5B0,6,0,6,6,0,6
A6NCQ9,25,0,25,16,9,16
A6NDS4,36,0,36,23,13,23
A6NIJ9,27,0,27,25,2,25
A8MYZ0,39,0,39,31,8,31
B1AL46,74,0,74,47,27,47
E7ETH6,41,0,41,29,12,29
O00481,38,1,37,30,9,29
O00570,26,0,26,18,8,18
O60784,51,15,36,31,31,20
O75840,31,0,31,19,12,19
O94910,123,15,108,79,53,70
P02649,15,3,12,7,11,4
P08047,112,20,92,81,29,83
P09382,7,3,4,4,2,5
P09430,7,2,5,2,7,0
P0CAP2,47,8,39,27,24,23
P11169,36,3,33,27,10,26
P11226,16,1,15,9,6,10
P14222,37,0,37,23,14,23
P15374,18,5,13,11,6,12
P15502,15,0,15,5,10,5
P18577,32,0,32,24,8,24
P22083,38,0,38,19,19,19
P23468,134,3,131,87,46,88
P28328,16,0,16,13,3,13
P30046,11,2,9,8,3,8
P40429,4,1,3,2,3,1
P46020,113,17,96,82,32,81
P46782,15,5,10,9,9,6
P47211,29,0,29,19,10,19
P52272,56,24,32,31,41,15
P52744,17,0,17,13,4,13
P52951,33,0,33,19,14,19
P56378,1,0,1,0,1,0
Q13162,15,2,13,11,6,9
Q13951,7,0,7,3,4,3
Q14576,29,2,27,20,11,18
Q15056,32,13,19,14,23,9
Q17RQ9,36,2,34,21,17,19
Q17RR3,31,0,31,22,9,22
Q5JTC6,133,14,119,81,58,75
Q5MY95,37,0,37,31,6,31
Q6AWC2,157,14,143,93,74,83
Q6MZZ7,55,5,50,33,27,28
Q6NUJ1,37,1,36,28,10,27
Q6PF15,33,0,33,22,11,22
Q6PIU1,45,0,45,34,11,34
Q6ZRF7,11,0,11,7,4,7
Q6ZVL6,238,16,222,159,87,151
Q7L5A3,53,0,53,24,29,24
Q7Z3H0,34,0,34,19,15,19
Q7Z3K6,53,8,45,41,16,37
Q7Z4H4,12,0,12,3,9,3
Q86UP3,384,16,368,263,125,259
Q86US8,138,26,112,71,89,49
Q86UW1,20,0,20,17,3,17
Q86WS5,21,0,21,17,4,17
Q8N6M6,60,0,60,42,18,42
Q8N888,12,0,12,8,4,8
Q8NAE3,11,0,11,11,0,11
Q8NGY3,26,0,26,24,2,24
Q8NH04,25,0,25,23,2,23
Q8TEQ8,74,1,73,59,14,60
Q8WUY9,34,6,28,19,15,19
Q93045,17,7,10,9,13,4
Q969J2,46,5,41,30,19,27
Q96D03,21,1,20,11,11,10
Q96IZ5,33,2,31,20,15,18
Q96K21,42,12,30,22,22,20
Q96KK4,21,0,21,17,4,17
Q96KK5,2,0,2,0,2,0
Q96L14,27,0,27,18,9,18
Q96L21,11,2,9,7,6,5
Q96NE9,78,19,59,45,36,42
Q9BS40,8,1,7,5,4,4
Q9BY11,29,9,20,16,16,13
Q9BZL1,1,0,1,1,0,1
Q9C010,8,1,7,5,4,4
Q9C0K3,9,0,9,8,1,8
Q9H0C1,22,0,22,17,5,17
Q9H208,23,0,23,14,9,14
Q9H3Q3,21,1,20,12,10,11
Q9NP66,31,3,28,20,12,19
Q9NQZ3,50,0,50,25,25,25
Q9NR61,52,0,52,42,10,42
Q9NUB4,10,0,10,7,3,7
Q9NWT6,14,0,14,9,5,9
Q9UBY5,33,4,29,22,15,18
Q9UER7,125,40,85,61,70,55
Q9UKT6,45,0,45,35,10,35
Q9ULF5,56,7,49,43,12,44
Q9UM00,15,1,14,10,6,9
Q9UN36,43,14,29,27,20,23
Q9Y458,67,0,67,37,30,37
Q9Y4L5,28,0,28,18,10,18
Q9Y5P1,20,0,20,17,3,17
A0A075B6N2,12,0,12,12,0,12
A0A087WT03,7,0,7,5,2,5
A0A1B0GU71,4,0,4,1,3,1
A0A1W2PRP0,17,0,17,5,12,5
A0A2R8Y7Y5,45,0,45,34,11,34
A6NET4,16,0,16,16,0,16
A6NLX3,19,0,19,8,11,8
A8MWE9,12,0,12,7,5,7
O00584,11,0,11,9,2,9
O43929,31,1,30,19,13,18
O75143,58,5,53,40,17,41
O75781,38,13,25,19,26,12
O94973,77,5,72,55,23,54
O95711,14,0,14,13,1,13
P00439,29,3,26,18,12,17
P04083,29,11,18,16,12,17
P05162,12,0,12,10,2,10
P06576,36,12,24,21,21,15
P09683,11,0,11,5,6,5
P09917,38,7,31,23,16,22
P09923,34,3,31,22,11,23
P10114,16,2,14,7,9,7
P13489,45,4,41,37,4,41
P15090,10,2,8,8,2,8
P17028,37,11,26,23,13,24
P19835,43,0,43,34,9,34
P20807,57,5,52,29,31,26
P22455,80,10,70,52,36,44
P28069,21,0,21,14,7,14
P31321,31,9,22,17,21,10
P31639,48,0,48,40,8,40
P40939,58,11,47,37,24,34
P46778,6,2,4,2,6,0
P50453,29,2,27,24,5,24
P51532,137,28,109,78,77,60
P52824,71,4,67,49,26,45
P54793,43,1,42,32,12,31
P55344,13,0,13,8,5,8
P58181,21,0,21,19,2,19
P61313,13,4,9,7,10,3
P78363,163,7,156,115,51,112
P82251,36,1,35,31,6,30
Q04759,37,7,30,23,19,18
Q05C16,39,0,39,24,15,24
Q13401,9,0,9,7,2,7
Q13410,39,1,38,23,17,22
Q14588,53,1,52,43,11,42
Q14626,36,1,35,20,17,19
Q14781,72,6,66,40,38,34
Q15311,58,20,38,28,40,18
Q1HG43,26,0,26,18,8,18
Q5QJE6,148,54,94,78,76,72
Q6A555,8,0,8,6,2,6
Q6PK57,6,0,6,5,1,5
Q7RTN6,48,6,42,30,22,26
Q7Z5U6,32,0,32,21,11,21
Q7Z7C7,37,1,36,26,10,27
Q86TD4,32,4,28,21,11,21
Q86WA9,41,1,40,34,8,33
Q86Y01,34,0,34,21,13,21
Q86Y38,63,2,61,38,27,36
Q86YV0,96,28,68,48,72,24
Q8IV16,12,0,12,10,2,10
Q8IV42,17,0,17,12,5,12
Q8N0X2,47,2,45,35,14,33
Q8NA19,39,1,38,24,16,23
Q8NB49,78,9,69,53,28,50
Q8NB59,66,0,66,45,21,45
Q8NCU1,8,0,8,4,4,4
Q8ND24,94,28,66,58,36,58
Q8NEK5,43,1,42,37,7,36
Q8NGR6,21,0,21,16,5,16
Q8NH06,28,0,28,23,5,23
Q8TDR4,16,0,16,3,13,3
Q92823,105,6,99,59,50,55
Q92932,104,12,92,53,63,41
Q96BZ9,19,1,18,15,5,14
Q96EU6,13,1,12,5,9,4
Q96GS6,25,0,25,17,8,17
Q96IW2,24,1,23,17,8,16
Q96LD4,50,6,44,28,26,24
Q96RD0,29,0,29,28,1,28
Q99218,9,0,9,9,0,9
Q99622,7,1,6,4,2,5
Q9BW27,61,7,54,40,26,35
Q9H1E1,12,0,12,10,2,10
Q9H6Q4,32,1,31,18,15,17
Q9HAP6,13,1,12,6,8,5
Q9NP84,9,0,9,6,3,6
Q9NR19,45,7,38,30,22,23
Q9NS26,10,3,7,3,10,0
Q9NXF1,81,2,79,56,25,56
Q9P0S3,9,0,9,8,1,8
Q9P212,241,10,231,150,97,144
Q9UIH9,45,0,45,26,19,26
Q9UK22,15,0,15,11,4,11
Q9Y5U4,17,0,17,14,3,14
Q9Y663,27,1,26,16,10,17
A0A087X1C1,9,0,9,8,1,8
A4D0S4,130,2,128,101,29,101
A4D161,26,4,22,18,10,16
A6NE52,124,0,124,81,43,81
H3BU10,22,0,22,18,4,18
O14646,242,44,198,108,168,74
O15143,46,11,35,31,16,30
O15540,6,0,6,4,2,4
O15544,15,0,15,11,4,11
O60256,35,6,29,22,15,20
O75439,33,1,32,24,10,23
O75608,17,2,15,11,4,13
O94992,37,13,24,20,22,15
O95231,29,0,29,20,9,20
P04439,28,6,22,18,14,14
P05937,8,1,7,5,4,4
P0DUX1,17,0,17,8,9,8
P16442,14,0,14,3,11,3
P26651,88,34,54,50,44,44
P43007,39,4,35,29,14,25
P43080,11,0,11,8,3,8
P47881,22,0,22,17,5,17
P51817,17,0,17,11,6,11
P52435,4,0,4,2,2,2
P54707,70,2,68,53,19,51
P55081,42,18,24,21,37,5
P57721,36,5,31,19,22,14
Q01581,45,7,38,32,12,33
Q03052,22,0,22,9,13,9
Q12805,37,2,35,27,10,27
Q12866,96,7,89,71,28,68
Q13084,8,1,7,7,2,6
Q13349,106,2,104,79,29,77
Q13416,85,26,59,54,33,52
Q14093,34,4,30,7,31,3
Q149M9,118,2,116,86,34,84
Q15052,102,31,71,59,42,60
Q15583,58,11,47,36,33,25
Q16798,27,3,24,21,9,18
Q3KP66,79,9,70,34,54,25
Q5DJT8,15,0,15,9,6,9
Q5H9L2,16,4,12,6,14,2
Q5JUR7,15,0,15,14,1,14
Q5K4L6,38,5,33,29,14,24
Q5QGZ9,21,0,21,17,4,17
Q5VT25,176,32,144,117,63,113
Q5VTE0,22,0,22,14,8,14
Q5VVS0,7,0,7,5,2,5
Q674R7,82,0,82,55,27,55
Q6NUN7,104,6,98,72,38,66
Q6PI25,6,0,6,6,0,6
Q6UY11,14,0,14,13,1,13
Q6UY18,44,0,44,38,6,38
Q6ZMU5,32,6,26,24,10,22
Q6ZUV0,17,0,17,15,2,15
Q76N89,186,12,174,133,65,121
Q7RTR8,29,0,29,24,5,24
Q7Z6Z7,554,118,436,390,134,420
Q7Z7G1,38,3,35,27,12,26
Q86XR2,48,1,47,37,12,36
Q86Z02,160,14,146,131,23,137
Q8N543,46,2,44,36,12,34
Q8N7Q3,58,0,58,52,6,52
Q8TDR0,67,9,58,43,27,40
Q8TF45,74,2,72,62,12,62
Q8WWG1,10,0,10,8,2,8
Q8WZ75,130,13,117,84,59,71
Q92997,130,37,93,80,51,79
Q969K3,41,6,35,30,9,32
Q969M3,21,1,20,19,1,20
Q96BW9,40,0,40,33,7,33
Q96D98,11,0,11,10,1,10
Q96ER9,32,2,30,21,13,19
Q96JC4,42,0,42,37,5,37
Q96JG9,410,22,388,244,178,232
Q96N38,37,0,37,31,6,31
Q96P26,66,3,63,36,31,35
Q9BSW2,50,4,46,27,27,23
Q9BWP8,17,0,17,13,4,13
Q9BXB7,36,1,35,32,5,31
Q9BYR8,5,0,5,5,0,5
Q9BZG8,32,4,28,24,10,22
Q9H1J1,34,9,25,18,23,11
Q9H665,31,1,30,22,10,21
Q9H7B4,24,1,23,22,3,21
Q9H8L6,61,0,61,46,15,46
Q9H9A6,60,8,52,50,8,52
Q9HA47,17,4,13,11,6,11
Q9HAH1,46,1,45,36,11,35
Q9HCM1,225,16,209,185,46,179
Q9NVM9,64,5,59,50,17,47
Q9NX40,38,11,27,26,13,25
Q9NXL2,69,0,69,54,15,54
Q9P1Z0,101,6,95,79,26,75
Q9UBE0,23,3,20,12,12,11
Q9UI40,59,3,56,54,8,51
Q9UKF5,57,0,57,51,6,51
Q9UKX3,120,10,110,73,57,63
Q9ULY5,19,0,19,19,0,19
Q9Y5L2,7,1,6,4,2,5
A0A0A6YYK7,12,0,12,9,3,9
A0A1W2PPK0,36,0,36,32,4,32
A6NDZ8,12,0,12,8,4,8
A6NG13,28,0,28,25,3,25
E9PB15,7,0,7,7,0,7
O00716,52,7,45,38,19,33
O14924,200,34,166,131,65,135
O15195,64,2,62,41,25,39
O60508,59,14,45,40,13,46
O60645,45,2,43,37,10,35
O75112,87,8,79,54,37,50
O75771,22,0,22,17,5,17
O75800,27,0,27,23,4,23
O75911,13,0,13,12,1,12
P01893,22,1,21,11,10,12
P06315,9,1,8,6,2,7
P07686,40,1,39,33,6,34
P12882,128,38,90,76,80,48
P13164,10,1,9,9,0,10
P13796,46,16,30,28,10,36
P14735,54,3,51,49,8,46
P15621,57,3,54,47,11,46
P16035,13,0,13,10,3,10
P17900,18,0,18,15,3,15
P25103,29,1,28,27,3,26
P26583,29,12,17,14,15,14
P31415,19,4,15,14,7,12
P33240,46,14,32,29,15,31
P35326,1,0,1,0,1,0
P49641,84,1,83,73,12,72
P51571,16,0,16,15,1,15
P53004,33,8,25,22,19,14
P53816,11,1,10,9,3,8
P60369,37,0,37,37,0,37
P62253,5,0,5,4,1,4
Q06330,43,4,39,33,14,29
Q13017,119,20,99,87,32,87
Q13563,100,20,80,63,51,49
Q13571,28,2,26,21,5,23
Q13671,88,18,70,57,41,47
Q14151,115,37,78,63,41,74
Q15326,48,10,38,30,16,32
Q5HYI8,20,3,17,16,5,15
Q5T200,300,109,191,149,210,90
Q5T700,15,0,15,15,0,15
Q5TZJ5,157,0,157,129,28,129
Q68D51,89,7,82,71,21,68
Q6A162,40,0,40,33,7,33
Q6UXN8,33,0,33,29,4,29
Q6ZU45,46,0,46,39,7,39
Q7Z4G1,5,0,5,5,0,5
Q86V24,26,0,26,20,6,20
Q86YS3,50,0,50,38,12,38
Q86YW5,28,0,28,23,5,23
Q8IWL1,11,0,11,9,2,9
Q8IWZ5,68,5,63,52,19,49
Q8IX30,59,3,56,50,12,47
Q8IZD9,188,6,182,146,38,150
Q8N687,11,0,11,10,1,10
Q8N6M5,18,1,17,15,2,16
Q8N8J0,23,0,23,20,3,20
Q8N8S7,69,25,44,41,25,44
Q8NEB5,15,0,15,12,3,12
Q8NI22,8,1,7,5,4,4
Q8TC71,72,11,61,37,44,28
Q8TEY5,39,5,34,28,16,23
Q8WTR7,78,1,77,63,16,62
Q8WU17,52,4,48,48,4,48
Q8WVZ9,69,4,65,57,16,53
Q92833,130,20,110,86,54,76
Q96GQ7,49,14,35,31,20,29
Q96GU1,11,4,7,6,9,2
Q96NU7,19,0,19,16,3,16
Q96Q35,28,0,28,20,8,20
Q96S16,14,1,13,11,4,10
Q9BR46,20,0,20,16,4,16
Q9BSF0,4,1,3,3,2,2
Q9BTE7,20,3,17,16,3,17
Q9BZX4,9,0,9,8,1,8
Q9H0N5,8,0,8,7,1,7
Q9H1Z8,4,0,4,2,2,2
Q9H269,51,1,50,40,12,39
Q9H341,21,0,21,18,3,18
Q9H9D4,64,7,57,44,25,39
Q9HAW7,34,1,33,31,4,30
Q9NPJ4,16,0,16,10,6,10
Q9NWU5,10,0,10,9,1,9
Q9NX76,13,0,13,12,1,12
Q9P286,104,9,95,77,30,74
Q9UBT7,57,3,54,47,11,46
Q9UHV8,7,0,7,7,0,7
Q9UJQ1,20,0,20,20,0,20
Q9UK05,45,1,44,33,13,32
Q9UKB1,52,2,50,43,11,41
Q9ULQ0,62,5,57,51,14,48
Q9ULT8,310,48,262,227,83,227
Q9Y2T7,20,5,15,13,12,8
Q9Y3A0,13,1,12,8,6,7
Q9Y508,16,3,13,13,6,10
A0A0B4J238,7,0,7,4,3,4
A0A1B0GUJ8,8,0,8,6,2,6
A0A1W2PNU3,45,0,45,30,15,30
A6ND91,21,3,18,16,6,15
A8MWX3,41,0,41,32,9,32
D6RA61,39,0,39,34,5,34
O14764,37,1,36,26,10,27
O14832,21,3,18,17,5,16
O15015,176,16,160,136,56,120
O15405,64,1,63,51,14,50
O43166,375,118,257,235,140,235
O43822,31,4,27,23,12,19
O75127,39,1,38,34,6,33
O75390,34,3,31,26,11,23
O75964,6,2,4,4,2,4
O94778,11,0,11,9,2,9
O94885,196,56,140,121,77,119
P00558,38,17,21,20,11,27
P03923,9,0,9,8,1,8
P0DW85,6,0,6,3,3,3
P13533,132,36,96,86,68,64
P16050,31,2,29,24,7,24
P17655,44,6,38,33,11,33
P23368,24,0,24,19,5,19
P26641,32,7,25,23,8,24
P32121,25,1,24,16,10,15
P32519,76,14,62,54,28,48
P52179,172,19,153,128,57,115
P53673,14,1,13,12,3,11
P61221,38,9,29,28,15,23
P62333,21,5,16,16,4,17
P62879,31,4,27,27,8,23
P63267,36,12,24,22,22,14
P68032,34,11,23,21,22,12
Q02878,23,9,14,13,15,8
Q14978,196,81,115,93,124,72
Q15125,8,0,8,8,0,8
Q15858,172,7,165,123,54,118
Q49A17,32,0,32,24,8,24
Q5BJF2,10,1,9,8,1,9
Q5JV73,205,6,199,137,74,131
Q5QGS0,192,4,188,149,45,147
Q5VT06,484,85,399,308,175,309
Q5VWJ9,40,11,29,24,13,27
Q5VZ72,11,0,11,10,1,10
Q5XUX0,27,2,25,20,7,20
Q6ICH7,23,0,23,20,3,20
Q6NT55,29,0,29,25,4,25
Q6P461,37,0,37,32,5,32
Q6UWU4,15,0,15,12,3,12
Q6UXF7,29,0,29,23,6,23
Q6ZQN5,28,0,28,18,10,18
Q6ZS72,29,0,29,21,8,21
Q7Z2Y8,187,0,187,165,22,165
Q7Z7M0,222,2,220,182,42,180
Q86X19,12,0,12,10,2,10
Q8IVY1,4,0,4,4,0,4
Q8IXQ5,34,2,32,27,9,25
Q8IY21,128,6,122,100,28,100
Q8IYL9,22,1,21,20,3,19
Q8N3C0,143,15,128,115,41,102
Q8N5U1,14,0,14,13,1,13
Q8NGC6,21,0,21,20,1,20
Q8NH87,34,1,33,33,0,34
Q8TCQ1,25,0,25,15,10,15
Q8WUW1,5,0,5,5,0,5
Q8WXI2,115,10,105,79,44,71
Q92771,66,2,64,53,15,51
Q969W8,36,0,36,33,3,33
Q96A59,21,1,20,14,8,13
Q96CB9,29,2,27,24,7,22
Q96D31,38,6,32,28,12,26
Q96HE7,35,5,30,28,12,23
Q96L50,36,2,34,32,4,32
Q96LR4,13,0,13,13,0,13
Q96NG5,39,0,39,37,2,37
Q96NT1,7,2,5,5,4,3
Q96PS6,11,0,11,10,1,10
Q99666,219,54,165,136,117,102
Q99678,21,0,21,17,4,17
Q9BRJ7,12,1,11,10,3,9
Q9BZ81,19,0,19,15,4,15
Q9BZY9,36,1,35,27,10,26
Q9GZN4,23,0,23,19,4,19
Q9GZY0,63,2,61,55,10,53
Q9H0H3,52,5,47,42,7,45
Q9H2U1,68,7,61,51,20,48
Q9HAU6,14,0,14,12,2,12
Q9HB65,36,0,36,24,12,24
Q9NQA3,37,1,36,29,9,28
Q9NRH3,40,5,35,34,9,31
Q9NYQ3,19,0,19,16,3,16
Q9P227,200,46,154,117,89,111
Q9P2W7,13,0,13,10,3,10
Q9UFW8,15,4,11,10,5,10
Q9UJT0,42,0,42,37,5,37
Q9Y303,21,0,21,20,1,20
Q9Y592,37,1,36,29,9,28
Q9Y5E3,66,1,65,55,12,54
Q9Y6W6,45,1,44,41,5,40
A0A0B4J249,10,0,10,10,0,10
A0A0B4J266,12,0,12,11,1,11
A0A2R8Y4Y8,11,0,11,8,3,8
A0A494C071,189,0,189,141,48,141
A0A6I8PU40,2,0,2,0,2,0
A6NCS6,10,0,10,7,3,7
A6NEV1,23,0,23,15,8,15
A6NLC5,30,0,30,23,7,23
A8K4G0,14,0,14,11,3,11
A8MVX0,76,0,76,49,27,49
B2RXH2,32,1,31,27,6,26
O14713,39,10,29,25,8,31
O14717,25,0,25,20,5,20
O14772,54,1,53,50,5,49
O15255,26,1,25,14,13,13
O15455,78,2,76,66,10,68
O43292,37,2,35,28,9,28
O43745,12,2,10,9,3,9
O75204,16,1,15,14,3,13
O75912,85,3,82,57,29,56
O75937,13,4,9,6,7,6
P00488,43,0,43,37,6,37
P01705,19,0,19,15,4,15
P07306,23,1,22,21,1,22
P17509,24,4,20,20,4,20
P22061,12,1,11,9,4,8
P22234,41,11,30,28,8,33
P23946,16,1,15,15,0,16
P33241,48,16,32,28,22,26
P34947,31,2,29,21,8,23
P40967,60,0,60,53,7,53
P49757,74,19,55,50,37,37
P49810,33,7,26,26,10,23
P53602,33,4,29,26,7,26
P53992,100,10,90,76,22,78
P56748,18,4,14,12,8,10
P57730,3,0,3,3,0,3
P62258,24,10,14,12,12,12
Q01459,25,0,25,18,7,18
Q02413,108,11,97,84,29,79
Q0VF96,136,26,110,86,74,62
Q13347,28,4,24,23,9,19
Q14050,21,0,21,12,9,12
Q15025,55,14,41,30,23,32
Q15436,56,3,53,50,7,49
Q15699,40,6,34,30,14,26
Q16538,55,0,55,39,16,39
Q494R0,11,0,11,8,3,8
Q567U6,49,9,40,30,24,25
Q58FF7,46,6,40,31,13,33
Q5SRE7,26,2,24,20,6,20
Q5T5A8,16,0,16,13,3,13
Q5T870,3,0,3,3,0,3
Q6PCB0,34,0,34,24,10,24
Q6QHF9,30,0,30,24,6,24
Q6S5H5,43,1,42,34,10,33
Q6ZNX1,23,0,23,17,6,17
Q6ZP80,16,0,16,14,2,14
Q6ZUT9,97,9,88,76,30,67
Q701N4,34,0,34,30,4,30
Q7L7X3,91,16,75,66,29,62
Q8IZD6,53,0,53,46,7,46
Q8N1G2,87,18,69,63,24,63
Q8N264,93,16,77,61,38,55
Q8N9B5,100,21,79,56,63,37
Q8NAN2,65,3,62,56,6,59
Q8NCU7,25,0,25,9,16,9
Q8NFM7,69,0,69,54,15,54
Q8NGN4,25,0,25,22,3,22
Q8NHP7,35,0,35,23,12,23
Q8TB52,77,5,72,64,12,65
Q8WU67,35,0,35,28,7,28
Q969P5,26,1,25,22,5,21
Q96A00,18,7,11,9,14,4
Q96H96,21,0,21,17,4,17
Q96KN8,21,0,21,16,5,16
Q96LU5,14,0,14,11,3,11
Q96MC2,47,0,47,33,14,33
Q96MV8,20,0,20,17,3,17
Q96QD9,23,6,17,13,10,13
Q96SY0,33,3,30,25,11,22
Q9BPZ7,67,12,55,48,19,48
Q9BVG8,82,15,67,54,41,41
Q9BYE9,114,2,112,101,11,103
Q9H2W2,19,0,19,10,9,10
Q9H2W6,17,2,15,11,6,11
Q9H7H0,30,0,30,23,7,23
Q9H8S9,11,2,9,9,2,9
Q9HC52,47,12,35,25,28,19
Q9NRX6,1,0,1,0,1,0
Q9NTN3,21,0,21,20,1,20
Q9NUM3,24,0,24,22,2,22
Q9UHF0,13,0,13,10,3,10
Q9UIR0,36,0,36,33,3,33
Q9UKY0,5,0,5,5,0,5
Q9UQ52,99,2,97,78,21,78
Q9Y259,31,3,28,25,9,22
Q9Y2P7,74,2,72,65,11,63
Q9Y2Y8,14,1,13,12,3,11
Q9Y6Q1,32,0,32,27,5,27
A0A075B6S2,16,0,16,13,3,13
A0A1W2PPG7,1,0,1,1,0,1
A0PJX0,14,0,14,13,1,13
A6NFR6,50,1,49,36,13,37
A6NH13,16,0,16,12,4,12
A6NIV6,34,0,34,31,3,31
A6NKD2,16,0,16,11,5,11
A8MU46,40,0,40,23,17,23
B2RC85,76,5,71,48,33,43
O14668,21,6,15,14,9,12
O15265,166,27,139,113,58,108
O43252,19,3,16,12,6,13
O43678,4,0,4,3,1,3
O75414,10,0,10,6,4,6
O75626,87,11,76,62,34,53
O76041,92,8,84,69,27,65
O94919,41,4,37,31,14,27
P01266,273,5,268,231,45,228
P03950,9,1,8,8,2,7
P04234,9,1,8,7,1,8
P05305,19,2,17,12,9,10
P07438,4,0,4,2,2,2
P08708,9,4,5,5,8,1
P14209,14,1,13,10,3,11
P15529,29,0,29,26,3,26
P23219,30,0,30,25,5,25
P25685,26,8,18,16,14,12
P28482,21,6,15,13,4,17
P31930,35,4,31,27,12,23
P35613,39,8,31,30,3,36
P41225,42,3,39,27,16,26
P51649,37,7,30,26,16,21
P57077,6,0,6,6,0,6
P61550,54,0,54,49,5,49
P61916,18,3,15,14,3,15
P62324,20,2,18,16,6,14
Q0D2K0,35,0,35,32,3,32
Q13093,27,0,27,22,5,22
Q13642,13,1,12,9,5,8
Q13702,28,0,28,26,2,26
Q14457,31,7,24,22,16,15
Q14590,75,1,74,66,8,67
Q14676,298,100,198,184,82,216
Q16527,11,2,9,9,4,7
Q3SY56,35,6,29,20,19,16
Q52M75,6,0,6,4,2,4
Q53H80,28,8,20,18,12,16
Q5GAN6,14,0,14,13,1,13
Q6IA69,55,2,53,43,12,43
Q6UWI4,30,0,30,23,7,23
Q6UX27,31,0,31,25,6,25
Q6UXL0,21,0,21,18,3,18
Q6ZSG2,39,0,39,28,11,28
Q7Z2V1,37,0,37,30,7,30
Q7Z5L4,21,4,17,12,7,14
Q86T82,133,18,115,91,40,93
Q86W42,27,0,27,21,6,21
Q86WC6,8,0,8,6,2,6
Q8N413,17,0,17,15,2,15
Q8N4N8,48,3,45,38,13,35
Q8N7C4,23,0,23,17,6,17
Q8NE71,51,17,34,31,19,32
Q8NGI7,28,0,28,23,5,23
Q8NGK9,27,0,27,26,1,26
Q8TF09,4,0,4,4,0,4
Q92600,19,1,18,16,4,15
Q96C03,28,1,27,22,7,21
Q96JL9,57,3,54,48,8,49
Q96LB9,19,0,19,15,4,15
Q96M29,27,0,27,24,3,24
Q96NK8,25,0,25,18,7,18
Q96PC5,130,0,130,98,32,98
Q96S59,80,12,68,61,23,57
Q99062,71,3,68,58,12,59
Q9BSE2,29,2,27,22,9,20
Q9BUA3,46,14,32,30,26,20
Q9C0D6,168,31,137,85,114,54
Q9C0I9,37,1,36,21,17,20
Q9H1H9,209,32,177,152,53,156
Q9HC21,22,1,21,16,7,15
Q9NQ89,46,3,43,32,17,29
Q9NRJ7,64,0,64,53,11,53
Q9NTX9,49,1,48,31,19,30
Q9NWS8,33,1,32,27,7,26
Q9NWT1,38,6,32,29,13,25
Q9NYW0,25,0,25,23,2,23
Q9NZP0,24,0,24,21,3,21
Q9NZW5,36,6,30,27,9,27
Q9P109,34,0,34,32,2,32
Q9P260,125,27,98,86,56,69
Q9UJ04,23,1,22,14,10,13
Q9UKG4,49,0,49,43,6,43
Q9ULI0,173,34,139,117,80,93
Q9ULJ8,131,21,110,92,52,79
Q9Y217,63,8,55,51,10,53
Q9Y257,19,0,19,18,1,18
Q9Y2K5,140,21,119,93,64,76
Q9Y462,54,4,50,41,13,41
Q9Y614,28,2,26,21,7,21
A0A0B4J277,11,0,11,7,4,7
A0A0J9YX94,29,0,29,18,11,18
A0A2R8YCY7,22,0,22,20,2,20
A8MV23,36,0,36,34,2,34
A8MYV0,12,0,12,8,4,8
B1ANY3,27,0,27,24,3,24
C9J069,82,12,70,45,49,33
C9JUS6,6,0,6,4,2,4
O00300,26,1,25,20,7,19
O14681,43,7,36,35,11,32
O14986,58,6,52,48,14,44
O15031,129,5,124,104,28,101
O43318,80,20,60,52,26,54
O43719,98,40,58,53,49,49
O60927,14,7,7,7,6,8
O75717,136,30,106,101,19,117
O94772,15,0,15,12,3,12
O94779,123,2,121,88,37,86
O95025,54,3,51,47,10,44
O95267,78,9,69,59,28,50
O95777,10,4,6,6,4,6
O95858,12,0,12,10,2,10
P01589,18,0,18,13,5,13
P05549,49,12,37,31,30,19
P09132,7,0,7,6,1,6
P0CG31,59,6,53,48,13,46
P0DV75,44,0,44,22,22,22
P20132,21,1,20,16,6,15
P22891,24,0,24,21,3,21
P23469,35,3,32,28,10,25
P29122,76,1,75,64,13,63
P29144,100,9,91,83,18,82
P32004,109,13,96,79,27,82
P35680,76,8,68,56,26,50
P36405,15,5,10,10,2,13
P36969,6,0,6,5,1,5
P48061,4,0,4,4,0,4
P49336,28,2,26,25,5,23
P50238,3,1,2,2,2,1
P51608,72,22,50,35,47,25
P53582,21,1,20,16,6,15
Q01432,63,10,53,40,29,34
Q02297,90,2,88,60,32,58
Q02880,161,47,114,104,68,93
Q03252,105,54,51,66,85,20
Q0D2J5,31,0,31,27,4,27
Q13296,5,0,5,5,0,5
Q13418,25,5,20,15,5,20
Q14CZ7,44,0,44,38,6,38
Q15937,58,4,54,48,10,48
Q16539,22,4,18,17,5,17
Q494R4,7,0,7,3,4,3
Q58FF6,37,0,37,32,5,32
Q5SRD1,5,0,5,5,0,5
Q5SZI1,26,1,25,19,8,18
Q5T3Y7,9,0,9,7,2,7
Q5TCH4,34,1,33,30,5,29
Q5VT99,27,0,27,21,6,21
Q66K64,61,8,53,46,23,38
Q6K0P9,50,1,49,38,11,39
Q6MZQ0,39,4,35,26,17,22
Q6NSJ2,50,7,43,34,23,27
Q6P575,14,0,14,11,3,11
Q6PG37,41,0,41,39,2,39
Q6ZMT9,72,1,71,60,13,59
Q86X53,39,6,33,30,9,30
Q8IW93,87,9,78,53,41,46
Q8N7Q2,15,0,15,11,4,11
Q8N7X2,31,0,31,18,13,18
Q8NBL1,27,1,26,22,6,21
Q8NCB2,32,1,31,28,3,29
Q8NEY4,34,3,31,28,7,27
Q8TDI7,87,4,83,61,26,61
Q8TF62,84,3,81,72,13,71
Q92733,48,14,34,33,21,27
Q96A28,33,0,33,33,0,33
Q96M15,14,0,14,14,0,14
Q96P65,21,1,20,17,5,16
Q96T52,12,0,12,10,2,10
Q9BQE4,13,1,12,9,5,8
Q9BQW3,52,0,52,40,12,40
Q9BT73,10,1,9,9,2,8
Q9BX79,53,3,50,44,12,41
Q9BXT6,97,3,94,81,19,78
Q9H161,47,5,42,32,20,27
Q9H1R2,20,0,20,16,4,16
Q9H347,53,0,53,41,12,41
Q9H7B7,4,0,4,3,1,3
Q9H9Q4,32,7,25,24,5,27
Q9HAY2,11,1,10,7,5,6
Q9NPF4,15,0,15,14,1,14
Q9NQX6,28,0,28,25,3,25
Q9NXH9,53,8,45,38,11,42
Q9UBY9,23,0,23,16,7,16
Q9UJ37,29,0,29,27,2,27
Q9UNA0,74,3,71,54,21,53
Q9UQN3,24,9,15,14,7,17
Q9Y6H6,8,1,7,5,2,6
Q9Y6N9,40,6,34,30,14,26
W6CW81,11,0,11,9,2,9
A0A096LPK9,15,0,15,13,2,13
A0A0A6YYK1,10,0,10,8,2,8
A0A1B0GUU1,41,0,41,30,11,30
A1L0T0,28,0,28,20,8,20
A6H8Z2,42,0,42,36,6,36
A6NDR6,26,0,26,23,3,23
A6NFN3,12,1,11,11,0,12
O00505,37,8,29,27,6,31
O14904,23,0,23,14,9,14
O15553,72,6,66,48,30,42
O43300,42,0,42,35,7,35
O60516,4,1,3,3,2,2
O75348,5,1,4,3,3,2
O75530,41,5,36,30,14,27
P07357,51,5,46,40,12,39
P09237,17,0,17,13,4,13
P0DMW2,3,0,3,2,1,2
P10721,89,11,78,69,19,70
P12273,4,0,4,3,1,3
P13804,33,10,23,22,17,16
P18583,440,103,337,292,141,299
P18859,9,2,7,3,6,3
P20336,18,2,16,14,6,12
P26374,63,4,59,54,9,54
P35498,159,11,148,116,52,107
P43243,133,55,78,75,83,50
P43364,46,10,36,33,21,25
P50458,33,0,33,24,9,24
P55083,20,0,20,19,1,19
P55789,12,3,9,7,6,6
P56182,28,8,20,16,16,12
P59551,23,0,23,22,1,22
P59817,62,0,62,47,15,47
P67870,9,3,6,6,0,9
P78527,399,73,326,300,74,325
Q09472,226,33,193,159,88,138
Q13011,36,10,26,22,14,22
Q14028,84,2,82,56,30,54
Q15642,70,18,52,44,28,42
Q52WX2,18,0,18,10,8,10
Q5EBM4,9,0,9,7,2,7
Q5T9Z0,16,0,16,16,0,16
Q6BCY4,11,1,10,6,4,7
Q6BDI9,16,0,16,13,3,13
Q6P531,43,0,43,36,7,36
Q6UVJ0,59,10,49,40,17,42
Q6UWM5,13,0,13,13,0,13
Q6UWR7,29,1,28,24,4,25
Q6ZN54,30,1,29,28,3,27
Q6ZQW0,26,0,26,23,3,23
Q86WA6,12,0,12,10,2,10
Q86XT2,15,1,14,9,7,8
Q8IUR6,65,2,63,57,8,57
Q8IXH8,59,0,59,51,8,51
Q8IXQ4,39,5,34,23,17,22
Q8IYM9,46,5,41,38,11,35
Q8N0V4,54,0,54,49,5,49
Q8N6K7,27,1,26,19,9,18
Q8NEG7,41,2,39,31,8,33
Q8NGG4,31,0,31,30,1,30
Q8NGK2,17,0,17,16,1,16
Q8NH50,23,0,23,23,0,23
Q8TED4,36,0,36,31,5,31
Q8WXI7,2689,45,2644,2284,416,2273
Q92922,77,17,60,53,29,48
Q96A05,9,0,9,7,2,7
Q96AE7,78,3,75,64,15,63
Q96C55,23,3,20,15,11,12
Q96CN7,19,1,18,17,1,18
Q96PC3,7,1,6,5,3,4
Q96PV6,86,10,76,53,31,55
Q96QT6,115,20,95,82,35,80
Q99942,10,2,8,8,4,6
Q9BWX1,34,0,34,28,6,28
Q9BYQ0,16,0,16,16,0,16
Q9BYQ5,28,0,28,28,0,28
Q9C004,34,5,29,25,12,22
Q9H0C3,34,0,34,31,3,31
Q9H0V1,50,0,50,47,3,47
Q9H1D0,37,0,37,27,10,27
Q9HBL0,357,128,229,211,198,159
Q9HBM0,74,9,65,54,21,53
Q9NQX4,120,7,113,96,27,93
Q9NQZ2,40,10,30,27,19,21
Q9NR11,61,2,59,48,11,50
Q9NR20,37,2,35,27,8,29
Q9NVR5,86,8,78,57,33,53
Q9NXZ2,44,1,43,35,8,36
Q9NYQ8,369,9,360,293,77,292
Q9UBD0,35,0,35,26,9,26
Q9UI25,5,0,5,4,1,4
Q9ULV4,35,5,30,28,10,25
Q9UNT1,15,0,15,12,3,12
Q9Y2G1,122,1,121,94,29,93
Q9Y2L8,72,3,69,58,13,59
Q9Y519,42,6,36,27,19,23
Q9Y5Q5,94,1,93,90,5,89
Q9Y6S9,47,1,46,33,15,32
Q9Y6Y0,66,15,51,47,28,38
A4QMS7,10,0,10,7,3,7
A6NJT0,45,4,41,32,17,28
B4DYI2,137,0,137,106,31,106
H0Y7S4,23,0,23,21,2,21
O00399,4,0,4,4,0,4
O14498,34,0,34,33,1,33
O14653,12,0,12,10,2,10
O14718,25,0,25,23,2,23
O14931,15,0,15,13,2,13
O43286,20,0,20,17,3,17
O60939,15,1,14,12,4,11
O75355,45,0,45,39,6,39
O95177,15,0,15,11,4,11
O95218,98,25,73,29,84,14
P07741,14,5,9,9,10,4
P07948,39,11,28,25,9,30
P08235,164,16,148,127,47,117
P09769,39,8,31,28,11,28
P0DPK2,4,0,4,1,3,1
P0DTE4,31,0,31,24,7,24
P13686,20,0,20,19,1,19
P20929,425,0,425,388,37,388
P21953,22,2,20,17,3,19
P33991,89,23,66,58,30,59
P35638,23,6,17,14,7,16
P35908,95,17,78,60,48,47
P47755,13,2,11,10,3,10
P61018,17,2,15,11,6,11
P61927,4,1,3,3,2,2
P78414,35,0,35,22,13,22
Q02221,5,0,5,5,0,5
Q03701,90,20,70,63,41,49
Q0P5P2,4,0,4,1,3,1
Q12950,34,0,34,25,9,25
Q13470,71,21,50,47,31,40
Q13472,65,8,57,46,21,44
Q14247,74,34,40,39,45,29
Q15198,28,1,27,23,6,22
Q15652,346,56,290,250,104,242
Q15678,125,28,97,85,38,87
Q15777,14,0,14,11,3,11
Q16663,12,0,12,12,0,12
Q29983,28,1,27,27,2,26
Q3LI70,2,0,2,2,0,2
Q3ZCQ8,22,3,19,16,7,15
Q3ZCT8,40,0,40,31,9,31
Q5VT66,21,1,20,19,1,20
Q5W188,6,0,6,6,0,6
Q6IBS0,20,1,19,16,5,15
Q6P1Q9,23,2,21,19,6,17
Q6P1X5,112,9,103,93,18,94
Q6P9G0,12,0,12,11,1,11
Q6PIW4,66,4,62,51,15,51
Q6Y1H2,19,1,18,17,1,18
Q7Z6A9,24,0,24,21,3,21
Q86SJ6,82,3,79,64,19,63
Q86UE3,41,1,40,35,5,36
Q8IU54,11,0,11,7,4,7
Q8IUH4,39,1,38,38,2,37
Q8IYK8,33,6,27,22,17,16
Q8IZP1,35,0,35,22,13,22
Q8N6Q8,54,3,51,45,12,42
Q8NE65,19,0,19,16,3,16
Q8NER1,65,8,57,45,26,39
Q8NH37,19,0,19,17,2,17
Q8NH89,24,0,24,23,1,23
Q8TAC9,15,0,15,14,1,14
Q8WUU5,29,4,25,20,9,20
Q8WXG8,3,0,3,2,1,2
Q92686,3,1,2,1,1,2
Q92959,68,0,68,59,9,59
Q96DN2,89,2,87,69,22,67
Q96E35,8,0,8,6,2,6
Q96F25,23,3,20,17,5,18
Q96GY3,32,8,24,19,13,19
Q96IT1,54,7,47,35,24,30
Q96JB1,291,5,286,242,46,245
Q96JP2,119,0,119,86,33,86
Q96K62,35,0,35,27,8,27
Q96R27,30,0,30,28,2,28
Q99489,22,0,22,18,4,18
Q9BUT9,12,5,7,6,9,3
Q9C005,6,1,5,5,0,6
Q9H8H3,15,2,13,11,4,11
Q9HBA0,60,4,56,47,15,45
Q9HBG7,76,3,73,68,7,69
Q9HC23,6,0,6,6,0,6
Q9NZ08,82,2,80,72,12,70
Q9NZC3,20,0,20,14,6,14
Q9UEW8,39,8,31,30,7,32
Q9UHB4,42,0,42,32,10,32
Q9UK33,20,5,15,13,12,8
Q9ULP0,28,4,24,20,12,16
Q9UNK0,14,3,11,10,1,13
Q9UPU5,305,51,254,222,84,221
Q9Y256,22,0,22,17,5,17
Q9Y2T2,36,2,34,31,7,29
Q9Y5U8,5,0,5,4,1,4
Q9Y675,5,2,3,2,5,0
Q9Y6I3,61,13,48,41,31,30
A0A087WUL8,368,0,368,334,34,334
A0A0B4J1V2,15,0,15,15,0,15
A0A0U1RQF7,7,0,7,5,2,5
A0A2R8YCJ5,7,0,7,4,3,4
A1L162,10,0,10,4,6,4
A6NDL7,17,0,17,17,0,17
A6NKP2,20,0,20,17,3,17
A6NL05,15,0,15,6,9,6
A8MSI8,2,0,2,0,2,0
O00204,37,5,32,26,14,23
O00410,63,8,55,52,7,56
O14983,60,10,50,43,21,39
O15460,29,2,27,22,7,22
O15481,34,3,31,27,10,24
O15482,45,4,41,32,13,32
O15524,17,0,17,10,7,10
O43541,47,4,43,29,22,25
O43614,31,0,31,27,4,27
O60883,42,3,39,34,9,33
O60884,33,9,24,23,15,18
O75342,33,1,32,27,5,28
O76027,24,0,24,22,2,22
O94915,356,49,307,268,89,267
P0CJ92,46,3,43,25,24,22
P23786,58,6,52,39,21,37
P24903,36,0,36,29,7,29
P29218,19,2,17,14,5,14
P30086,22,10,12,11,3,19
P46531,200,11,189,167,36,164
P56539,9,0,9,9,0,9
P57723,39,2,37,27,14,25
P58107,351,69,282,256,154,197
P59861,5,0,5,5,0,5
Q02040,68,12,56,40,36,32
Q02790,44,18,26,26,22,22
Q08477,28,0,28,24,4,24
Q0VGL1,8,0,8,8,0,8
Q13325,33,7,26,21,19,14
Q13443,61,10,51,43,24,37
Q14994,14,1,13,9,6,8
Q15399,83,0,83,81,2,81
Q2VIQ3,105,15,90,73,19,86
Q3ZCQ3,14,0,14,8,6,8
Q4UJ75,55,1,54,41,15,40
Q53GS9,42,8,34,27,21,21
Q53H76,35,0,35,34,1,34
Q5BKX5,25,2,23,18,9,16
Q5JSQ8,5,0,5,3,2,3
Q5S007,241,39,202,186,74,167
Q5TC82,118,16,102,86,38,80
Q5VY09,20,0,20,14,6,14
Q5W5X9,33,0,33,25,8,25
Q6GV28,23,0,23,23,0,23
Q6L8G8,34,0,34,30,4,30
Q6P2S7,132,0,132,107,25,107
Q6PJG6,75,9,66,56,16,59
Q6TCH4,24,0,24,21,3,21
Q6TFL3,95,0,95,76,19,76
Q6UWF9,18,0,18,12,6,12
Q6UWT4,5,0,5,2,3,2
Q6ZU69,131,0,131,96,35,96
Q7L590,89,21,68,59,31,58
Q8IWV2,79,0,79,60,19,60
Q8N4P6,49,2,47,27,24,25
Q8N7U7,36,0,36,25,11,25
Q8NG77,22,0,22,22,0,22
Q8NGS0,20,0,20,19,1,19
Q8NGS9,27,0,27,27,0,27
Q8TAF7,36,0,36,32,4,32
Q8TD84,201,2,199,167,36,165
Q8WVR3,61,12,49,41,26,35
Q8WXK3,17,0,17,15,2,15
Q8WZ71,14,0,14,12,2,12
Q92858,36,0,36,24,12,24
Q96FJ0,30,3,27,24,7,23
Q96JC9,39,4,35,31,10,29
Q96LZ2,22,0,22,18,4,18
Q96PI1,1,0,1,1,0,1
Q96PP8,36,4,32,30,6,30
Q96SN7,22,2,20,18,4,18
Q9BRQ5,29,2,27,22,7,22
Q9BYN0,12,2,10,9,1,11
Q9BYZ6,50,0,50,41,9,41
Q9H426,23,2,21,14,11,12
Q9H792,264,65,199,175,80,184
Q9HBE1,77,11,66,59,23,54
Q9NQ92,21,6,15,14,13,8
Q9NS39,65,9,56,40,30,35
Q9NYJ1,5,1,4,4,0,5
Q9NZT1,9,4,5,5,8,1
Q9UJD0,42,9,33,26,21,21
Q9UKI9,66,3,63,47,18,48
Q9UQ13,57,4,53,47,14,43
Q9UQB3,184,37,147,127,78,106
Q9Y250,79,17,62,56,30,49
Q9Y385,35,4,31,28,11,24
Q9Y3E2,15,4,11,10,9,6
Q9Y6R4,153,22,131,110,59,94
Q9Y6X3,42,1,41,35,6,36
A0A2R8Y619,11,0,11,7,4,7
A0PJZ3,20,1,19,16,3,17
A5PLL1,59,4,55,47,16,43
A6NHL2,30,3,27,24,9,21
A6NKL6,87,1,86,48,40,47
A8MT65,46,0,46,43,3,43
A8MV57,11,0,11,9,2,9
A8MW92,114,12,102,89,35,79
C9JDP6,15,0,15,15,0,15
O00409,72,9,63,52,27,45
O00478,43,0,43,36,7,36
O43272,31,0,31,25,6,25
O60542,8,0,8,6,2,6
O60729,38,1,37,24,15,23
O60885,139,34,105,85,54,85
O75071,63,8,55,40,29,34
O75865,7,0,7,7,0,7
O94966,110,9,101,82,29,81
O95057,14,0,14,12,2,12
O95405,152,14,138,129,29,123
P04080,8,3,5,4,1,7
P05362,33,2,31,28,3,30
P08697,41,1,40,33,7,34
P09912,13,0,13,12,1,12
P0DJD8,44,0,44,41,3,41
P13727,16,0,16,14,2,14
P23743,50,3,47,43,6,44
P26927,33,1,32,27,7,26
P27469,2,0,2,2,0,2
P35663,90,10,80,55,43,47
P39023,22,5,17,11,10,12
P41252,85,14,71,65,20,65
P41271,13,0,13,13,0,13
P42345,191,30,161,138,49,142
P42574,29,5,24,22,2,27
P48788,11,3,8,7,5,6
P63010,65,8,57,54,9,56
P83916,21,8,13,11,18,3
Q01064,42,2,40,34,10,32
Q02928,33,1,32,30,4,29
Q06033,52,0,52,39,13,39
Q12983,35,7,28,24,12,23
Q13330,75,19,56,47,31,44
Q13449,29,1,28,21,9,20
Q14145,41,2,39,29,12,29
Q14653,41,12,29,28,15,26
Q15907,19,4,15,11,12,7
Q58FF3,21,0,21,20,1,20
Q5H9T9,76,0,76,47,29,47
Q5HYL7,21,0,21,17,4,17
Q5JXX7,10,0,10,10,0,10
Q5T124,32,0,32,22,10,22
Q5TAX3,152,16,136,109,49,103
Q68EN5,31,4,27,18,13,18
Q6IQ49,42,10,32,28,10,32
Q6P2P2,61,0,61,57,4,57
Q6P4F2,10,0,10,8,2,8
Q6PEY1,6,0,6,5,1,5
Q6PML9,47,0,47,41,6,41
Q6W4X9,323,3,320,289,35,288
Q6ZP29,30,0,30,25,5,25
Q7Z388,46,0,46,38,8,38
Q86UD5,36,0,36,33,3,33
Q86XU0,40,0,40,35,5,35
Q8IY34,43,0,43,37,6,37
Q8N8L6,10,0,10,8,2,8
Q8N9U9,11,0,11,7,4,7
Q8NA75,37,0,37,34,3,34
Q8NEM8,86,2,84,63,25,61
Q8NFI3,48,2,46,39,11,37
Q8NG50,23,0,23,17,6,17
Q8NGS6,30,0,30,29,1,29
Q8NHQ9,30,5,25,23,6,24
Q8WVP7,40,1,39,35,4,36
Q92186,29,0,29,21,8,21
Q92777,60,1,59,51,10,50
Q92859,161,13,148,116,52,109
Q93063,47,0,47,43,4,43
Q96DX4,49,5,44,40,8,41
Q96KD3,34,0,34,26,8,26
Q96QU6,39,3,36,28,10,29
Q96RD7,38,2,36,34,4,34
Q9BQK8,97,13,84,68,34,63
Q9BV38,43,4,39,36,5,38
Q9BZF2,97,9,88,74,28,69
Q9C098,47,6,41,24,27,20
Q9GZZ9,31,7,24,22,8,23
Q9H3K6,5,2,3,3,0,5
Q9NPC7,61,6,55,48,19,42
Q9NPY3,61,4,57,45,16,45
Q9NSA2,59,0,59,41,18,41
Q9NW97,28,9,19,19,18,10
Q9NYU1,95,5,90,81,15,80
Q9UBP8,3,0,3,0,3,0
Q9UD71,30,12,18,16,14,16
Q9UIV8,33,0,33,27,6,27
Q9ULM2,39,1,38,35,5,34
Q9ULZ3,10,2,8,6,6,4
Q9Y2G2,49,0,49,33,16,33
A0A096LNW5,10,0,10,10,0,10
A0A0U1RRK4,9,0,9,3,6,3
A8K0S8,28,0,28,24,4,24
A8MZG2,18,0,18,8,10,8
O14863,37,0,37,30,7,30
O15131,31,1,30,25,7,24
O15389,58,2,56,47,13,45
O75593,28,0,28,17,11,17
O75935,9,1,8,7,3,6
O75951,14,0,14,13,1,13
O95136,34,5,29,28,9,25
O95347,71,6,65,59,18,53
O95817,85,32,53,49,40,45
O95983,27,8,19,17,12,15
P00915,37,9,28,27,9,28
P02671,147,41,106,92,40,107
P04280,28,6,22,9,25,3
P0CG34,2,0,2,2,0,2
P0DM35,5,0,5,2,3,2
P10075,37,1,36,27,11,26
P17030,29,2,27,25,4,25
P19367,55,8,47,38,21,34
P28329,57,2,55,43,16,41
P48444,49,15,34,31,21,28
P51648,23,2,21,14,11,12
P51911,13,2,11,10,1,12
P51956,49,9,40,36,20,29
P53384,22,1,21,18,3,19
P86434,13,0,13,12,1,12
Q01105,23,6,17,14,7,16
Q02846,70,3,67,48,23,47
Q12967,102,4,98,86,18,84
Q13352,28,7,21,20,13,15
Q13368,38,2,36,28,12,26
Q13445,12,0,12,9,3,9
Q15306,25,0,25,22,3,22
Q16740,18,3,15,14,7,11
Q4KMZ8,12,0,12,11,1,11
Q5T230,33,12,21,18,27,6
Q5VUD6,24,0,24,21,3,21
Q5VXH5,34,0,34,28,6,28
Q6IFH4,27,0,27,26,1,26
Q6ZP82,120,0,120,98,22,98
Q6ZSM3,41,0,41,36,5,36
Q6ZWT7,38,0,38,34,4,34
Q7L1W4,63,8,55,50,9,54
Q7Z4W1,19,4,15,15,0,19
Q8IU85,44,6,38,32,10,34
Q8IV36,74,14,60,55,31,43
Q8IXW5,75,10,65,55,20,55
Q8IYE0,35,1,34,27,9,26
Q8N2C3,16,0,16,14,2,14
Q8N5Q1,100,4,96,68,36,64
Q8N688,3,1,2,2,0,3
Q8N7B1,26,0,26,24,2,24
Q8N8E1,12,1,11,7,6,6
Q8NCQ7,50,5,45,28,27,23
Q8NFZ5,24,4,20,17,11,13
Q8NH72,23,0,23,21,2,21
Q8NHA8,28,0,28,26,2,26
Q8TBZ2,63,1,62,47,17,46
Q8TD47,8,1,7,3,6,2
Q8WTQ1,3,0,3,2,1,2
Q92752,129,5,124,105,21,108
Q96A26,13,1,12,11,3,10
Q96JJ6,60,0,60,27,33,27
Q96MT3,111,19,92,75,41,70
Q96MW5,31,2,29,24,7,24
Q96PE5,12,2,10,6,8,4
Q96R06,153,39,114,105,33,120
Q99570,123,19,104,91,19,104
Q99680,37,1,36,32,6,31
Q99743,105,2,103,83,24,81
Q9BS86,27,0,27,23,4,23
Q9BWC9,27,2,25,19,8,19
Q9BX82,47,0,47,42,5,42
Q9BY14,19,1,18,17,1,18
Q9GZP4,14,1,13,11,2,12
Q9GZT8,36,3,33,31,6,30
Q9H0B6,72,28,44,41,47,25
Q9H741,13,0,13,13,0,13
Q9H944,13,0,13,11,2,11
Q9HBT8,57,6,51,46,15,42
Q9NR09,529,42,487,426,121,408
Q9NUX5,54,1,53,48,7,47
Q9UEF7,58,2,56,48,12,46
Q9UL41,25,1,24,17,9,16
Q9ULU4,206,61,145,129,72,134
Q9Y261,62,10,52,40,28,34
Q9Y324,7,1,6,5,3,4
Q9Y3B9,39,16,23,21,14,25
Q9Y5J6,4,0,4,3,1,3
Q9Y5P6,22,0,22,18,4,18
