,entry_count,positive_count,negative_count,correctly_guessed,positive_guess_count,negative_guess_count
Q9UKV5,5,5,0,3,3,2
Q92918,7,7,0,4,4,3
Q96PV6,24,1,23,20,3,21
Q9NR09,114,0,114,96,18,96
Q9NQ55,2,2,0,2,2,0
Q7L590,15,0,15,12,3,12
Q9UQ35,97,97,0,81,81,16
Q9H814,4,4,0,3,3,1
Q9BY89,29,29,0,19,19,10
Q9NVT9,2,2,0,1,1,1
P07948,3,0,3,3,0,3
Q8N6H7,12,12,0,0,0,12
Q9NUX5,14,0,14,12,2,12
Q02040,18,0,18,12,6,12
O14863,10,0,10,9,1,9
Q13472,16,0,16,13,3,13
Q9Y2U8,8,8,0,3,3,5
Q99743,25,0,25,17,8,17
Q9H165,9,9,0,4,4,5
Q9Y2G1,39,0,39,34,5,34
Q8WVC0,10,10,0,9,9,1
Q9H0B6,18,7,11,6,7,11
Q9UQL6,5,5,0,1,1,4
Q9UPP1,4,4,0,2,2,2
Q03701,17,0,17,14,3,14
Q8IU85,9,0,9,9,0,9
Q9NZ08,20,0,20,17,3,17
P33991,23,0,23,13,10,13
Q9ULJ3,8,8,0,3,3,5
Q92752,29,1,28,26,2,27
Q96R06,47,14,33,25,10,37
Q8NG31,11,11,0,4,4,7
Q9P2E9,5,5,0,3,3,2
Q92560,6,6,0,1,1,5
Q8NFI3,10,0,10,9,1,9
Q9HBL0,59,0,59,36,23,36
Q99592,4,4,0,2,2,2
Q9NYZ3,12,12,0,5,5,7
Q9Y2G2,9,0,9,6,3,6
Q6W4X9,82,0,82,76,6,76
Q9BZ23,4,4,0,4,4,0
Q9H2Y7,17,17,0,6,6,11
Q96Q42,5,5,0,3,3,2
Q9BRD0,7,7,0,5,5,2
Q9NYQ8,88,0,88,75,13,75
Q9UGU0,18,18,0,11,11,7
Q9BRG2,5,5,0,2,2,3
Q9NZT2,8,8,0,5,5,3
Q9UMN6,7,7,0,5,5,2
Q6IQ49,9,0,9,5,4,5
Q9GZY8,4,4,0,2,2,2
Q9Y6X3,10,0,10,10,0,10
Q9NQZ2,7,0,7,6,1,6
Q9UNF0,8,8,0,1,1,7
O94915,92,0,92,78,14,78
Q9ULC8,5,5,0,3,3,2
O60883,15,0,15,14,1,14
Q9NYU1,24,0,24,24,0,24
Q7L1W4,14,0,14,13,1,13
Q9HBH9,5,5,0,2,2,3
P13727,3,0,3,1,2,1
Q9NS39,13,0,13,12,1,12
Q9Y2L8,21,0,21,19,2,19
Q9H422,2,2,0,1,1,1
Q9NPG3,11,11,0,5,5,6
Q96HP0,5,5,0,3,3,2
Q9NVR5,15,0,15,13,2,13
Q9Y4E1,21,21,0,4,4,17
Q6ZU69,30,0,30,22,8,22
Q9ULU4,60,15,45,26,25,35
Q13368,8,0,8,6,2,6
Q8TEW0,18,18,0,8,8,10
Q8N5C6,5,5,0,2,2,3
Q8TEY7,3,3,0,1,1,2
Q9Y4H2,16,16,0,7,7,9
Q9UQC2,9,9,0,5,5,4
Q92186,12,0,12,9,3,9
Q9Y2F5,5,5,0,2,2,3
Q9HAU0,10,10,0,6,6,4
Q9UMD9,10,10,0,2,2,8
Q9HC35,10,10,0,4,4,6
O75355,16,0,16,15,1,15
Q5TC82,16,0,16,15,1,15
Q9UHB4,8,0,8,8,0,8
Q9UIS9,3,3,0,3,3,0
O14983,14,0,14,14,0,14
Q53GS9,10,0,10,9,1,9
Q96NW4,5,5,0,2,2,3
Q8NB49,5,5,0,0,0,5
P63010,14,0,14,14,0,14
Q9NQC3,13,13,0,7,7,6
Q99570,31,5,26,22,4,27
Q15777,4,0,4,3,1,3
Q14145,11,0,11,10,1,10
Q96F25,4,0,4,4,0,4
Q8TBZ3,5,5,0,2,2,3
Q9H2D6,9,9,0,6,6,3
Q8TAQ2,6,6,0,3,3,3
Q9C0B0,7,7,0,2,2,5
Q9C0C9,8,8,0,5,5,3
Q9GZV5,8,8,0,4,4,4
Q9BXL6,5,5,0,4,4,1
Q9HD20,4,4,0,1,1,3
Q6ZP29,10,0,10,10,0,10
Q9Y383,3,3,0,2,2,1
Q99460,4,4,0,1,1,3
A0A087WUL8,97,0,97,97,0,97
Q8ND24,12,12,0,4,4,8
Q96IT1,8,0,8,6,2,6
Q9H792,62,15,47,36,13,49
Q9UN79,3,3,0,2,2,1
Q9Y388,2,2,0,2,2,0
Q5VXH5,7,0,7,6,1,6
Q8NBJ9,2,2,0,2,2,0
Q4UJ75,14,0,14,12,2,12
Q9UDY2,13,13,0,8,8,5
Q8N7B1,6,0,6,4,2,4
Q96ST2,15,15,0,12,12,3
Q9Y230,5,5,0,2,2,3
O75593,4,0,4,3,1,3
Q9GZM8,3,3,0,2,2,1
Q9NX40,4,4,0,1,1,3
Q8WWM7,12,12,0,9,9,3
Q96AE7,17,0,17,16,1,16
Q96FJ0,5,0,5,4,1,4
Q9NZJ0,9,9,0,5,5,4
Q9P275,14,14,0,6,6,8
Q9BS86,9,0,9,9,0,9
P02671,32,0,32,27,5,27
Q9NYF8,21,21,0,16,16,5
Q9H0W5,3,3,0,1,1,2
Q08477,7,0,7,7,0,7
Q8IXW5,20,0,20,19,1,19
Q9P0V3,7,7,0,5,5,2
Q8WWI1,29,29,0,17,17,12
Q15652,67,0,67,52,15,52
P35663,19,0,19,13,6,13
P51648,5,0,5,3,2,3
Q96JJ6,22,0,22,11,11,11
Q96S38,7,7,0,6,6,1
Q96FV9,1,1,0,0,0,1
Q9BXW9,6,6,0,1,1,5
Q9UHI6,8,8,0,2,2,6
Q9NZN5,6,6,0,5,5,1
Q9UBN7,5,5,0,5,5,0
O00409,12,0,12,8,4,8
Q9UQB3,44,7,37,23,18,26
Q9UKS7,3,3,0,1,1,2
Q8N201,8,8,0,6,6,2
Q9Y4P3,2,2,0,0,0,2
Q8NEY1,29,29,0,12,12,17
Q9NQ66,5,5,0,4,4,1
Q9UKI9,15,1,14,9,5,10
Q8TEJ3,4,4,0,3,3,1
Q9ULW0,11,11,0,3,3,8
Q6UWF9,5,0,5,4,1,4
Q9Y597,12,12,0,6,6,6
Q99543,4,4,0,3,3,1
Q9H0X9,3,3,0,3,3,0
Q99952,4,4,0,2,2,2
O60885,25,0,25,19,6,19
Q9NQX4,33,0,33,28,5,28
Q8TDY2,8,8,0,3,3,5
Q99575,8,8,0,6,6,2
Q99590,20,20,0,13,13,7
Q8NFW9,7,7,0,3,3,4
Q9Y250,14,0,14,10,4,10
Q9HCM1,5,5,0,4,4,1
Q8NDI1,10,10,0,2,2,8
Q15198,5,0,5,5,0,5
Q8N4C8,13,13,0,7,7,6
Q9UI25,3,0,3,3,0,3
O95136,12,0,12,11,1,11
Q6P2S7,30,0,30,28,2,28
Q9Y4K4,3,3,0,0,0,3
Q9UKE5,9,9,0,5,5,4
Q99680,7,0,7,7,0,7
Q12950,9,0,9,5,4,5
Q96CW6,4,4,0,4,4,0
Q9BQL6,4,4,0,2,2,2
P58107,76,0,76,71,5,71
Q9H257,5,5,0,3,3,2
Q96T23,21,21,0,11,11,10
Q8N3F8,8,8,0,7,7,1
Q96RT1,14,14,0,5,5,9
Q96GX5,8,8,0,3,3,5
Q8NC51,8,8,0,2,2,6
Q9HDC5,8,8,0,5,5,3
Q96CV9,4,4,0,2,2,2
Q9H981,3,3,0,1,1,2
Q8NH37,7,0,7,7,0,7
Q9BXS5,1,1,0,0,0,1
Q9Y4E6,4,4,0,3,3,1
Q8TAF7,6,0,6,6,0,6
Q96RV3,4,4,0,0,0,4
P09769,12,0,12,11,1,11
Q9H426,9,0,9,7,2,7
P05362,5,0,5,5,0,5
Q96MT3,30,0,30,27,3,27
Q9BZF2,22,0,22,19,3,19
Q9UBP8,1,0,1,0,1,0
Q9UHB6,17,17,0,6,6,11
Q8TD84,45,0,45,42,3,42
Q96S59,3,3,0,0,0,3
Q9BSQ5,3,3,0,2,2,1
Q8NEM8,22,0,22,20,2,20
Q9UDY8,1,1,0,1,1,0
Q9Y2H0,5,5,0,4,4,1
Q9H4X1,2,2,0,2,2,0
P0CJ92,19,0,19,10,9,10
Q92945,5,5,0,2,2,3
Q6ZP82,27,0,27,25,2,25
Q9P1Y5,16,16,0,9,9,7
Q92844,3,3,0,2,2,1
Q6L8G8,8,0,8,8,0,8
O43541,9,0,9,6,3,6
Q96G74,8,8,0,5,5,3
Q9P219,14,14,0,8,8,6
Q8TEK3,10,10,0,5,5,5
A8MT65,14,0,14,14,0,14
Q92538,7,7,0,4,4,3
Q92541,10,10,0,4,4,6
Q9NRY4,14,14,0,9,9,5
Q9UKL3,8,8,0,1,1,7
P46531,43,0,43,41,2,41
Q96SB4,3,3,0,2,2,1
Q8NF91,10,10,0,3,3,7
Q9UNF1,5,5,0,4,4,1
Q9H7D0,10,10,0,7,7,3
P28329,12,0,12,8,4,8
Q5W5X9,6,0,6,4,2,4
Q9Y4F1,11,11,0,8,8,3
Q6TFL3,19,0,19,15,4,15
Q9H6Z4,9,9,0,6,6,3
Q13443,14,0,14,13,1,13
Q8TEV9,6,6,0,2,2,4
Q9P2K5,2,2,0,1,1,1
Q8N6Q8,15,0,15,14,1,14
P53384,3,0,3,3,0,3
Q9Y4F5,16,16,0,12,12,4
Q92783,2,2,0,0,0,2
Q8NFZ5,7,0,7,5,2,5
Q6Y1H2,3,0,3,3,0,3
Q6IBS0,6,0,6,6,0,6
Q9BZE9,1,1,0,0,0,1
Q9ULE0,10,10,0,3,3,7
Q8NGS9,7,0,7,7,0,7
Q9UQM7,3,3,0,1,1,2
Q96AT1,3,3,0,1,1,2
Q9BTC0,22,22,0,11,11,11
Q8N573,7,7,0,4,4,3
Q8WX92,2,2,0,2,2,0
P41252,13,0,13,13,0,13
Q9NYJ8,4,4,0,2,2,2
Q8NDX5,7,7,0,5,5,2
Q96T58,21,21,0,16,16,5
Q9Y2H5,17,17,0,13,13,4
Q9NXZ2,9,0,9,8,1,8
Q96GA3,5,5,0,1,1,4
Q96NB3,2,2,0,1,1,1
Q9BY14,4,0,4,4,0,4
O00478,12,0,12,11,1,11
P56539,2,0,2,2,0,2
Q9Y2W2,6,6,0,4,4,2
Q93074,4,4,0,1,1,3
O95347,17,0,17,17,0,17
Q9HBZ2,1,1,0,1,1,0
Q9BPZ7,6,6,0,3,3,3
Q96JB1,72,3,69,61,8,64
Q96QT4,12,12,0,4,4,8
Q92614,11,11,0,5,5,6
Q9UKY1,2,2,0,0,0,2
Q99848,3,3,0,2,2,1
Q9UHR4,4,4,0,1,1,3
Q9H8H3,4,0,4,4,0,4
Q8TDC3,2,2,0,2,2,0
Q8NA75,10,0,10,10,0,10
Q9UDT6,2,2,0,1,1,1
Q9BRX2,2,2,0,1,1,1
Q9C0A0,2,2,0,0,0,2
Q6PJG6,18,0,18,12,6,12
Q86XU0,16,0,16,16,0,16
Q9BUH6,2,2,0,2,2,0
Q9UMY4,1,1,0,0,0,1
Q9HD67,8,8,0,3,3,5
Q9BQ52,2,2,0,1,1,1
Q9P2R7,1,1,0,0,0,1
Q8WUQ7,7,7,0,4,4,3
Q9BQ39,4,4,0,3,3,1
Q9BQS8,4,4,0,0,0,4
Q9H0W8,3,3,0,2,2,1
Q9ULM2,12,0,12,11,1,11
Q99708,1,1,0,1,1,0
Q9BZ29,8,8,0,3,3,5
Q96MG7,1,1,0,0,0,1
Q9Y3T9,6,6,0,4,4,2
Q8IV36,14,0,14,11,3,11
O95405,35,0,35,31,4,31
P42345,45,0,45,34,11,34
P26927,13,0,13,11,2,11
Q9BVS4,5,5,0,2,2,3
O15460,7,0,7,7,0,7
Q9NQ84,4,4,0,0,0,4
Q9H3U1,3,3,0,1,1,2
A0A0U1RQF7,2,0,2,2,0,2
Q8NGS0,8,0,8,8,0,8
Q9H6X2,2,2,0,1,1,1
Q8WVP7,11,0,11,10,1,10
Q9UPR0,6,6,0,2,2,4
Q92777,16,0,16,14,2,14
Q969R5,5,5,0,3,3,2
Q92878,3,3,0,0,0,3
Q92934,5,5,0,1,1,4
Q9BTA9,11,11,0,6,6,5
Q99501,2,2,0,1,1,1
Q9HB09,4,4,0,3,3,1
P08697,12,0,12,12,0,12
Q96L73,12,12,0,8,8,4
Q9BW71,10,10,0,9,9,1
Q9H6F5,6,6,0,5,5,1
A0PJZ3,8,0,8,8,0,8
Q9Y3B9,11,4,7,3,4,7
Q5TAX3,28,0,28,21,7,21
Q9NSA2,14,0,14,12,2,12
Q6P2P2,18,0,18,18,0,18
Q9UPT8,8,8,0,3,3,5
Q9P246,6,6,0,2,2,4
Q9UHL9,3,3,0,2,2,1
Q9BUH8,5,5,0,4,4,1
Q9HBA0,16,0,16,15,1,15
Q06033,14,0,14,11,3,11
Q9UD71,10,3,7,2,5,5
Q9HAZ1,3,3,0,3,3,0
Q9H5H4,3,3,0,2,2,1
Q9H7N4,11,11,0,8,8,3
Q99996,16,16,0,6,6,10
Q8WXG6,11,11,0,6,6,5
A8MW92,27,0,27,23,4,23
Q9H1A4,16,16,0,6,6,10
Q96HH9,5,5,0,1,1,4
Q96T37,8,8,0,3,3,5
Q8TEW8,5,5,0,3,3,2
Q8NCQ7,11,0,11,6,5,6
Q92859,40,0,40,28,12,28
Q9HAP2,2,2,0,2,2,0
Q96JP2,26,0,26,22,4,22
Q8NHM5,13,13,0,9,9,4
Q9UPU5,47,0,47,36,11,36
Q9BYW2,25,25,0,15,15,10
Q9UQ13,14,0,14,13,1,13
Q8TDD1,5,5,0,4,4,1
Q96IZ0,4,4,0,2,2,2
Q7Z388,6,0,6,6,0,6
Q9UH99,3,3,0,2,2,1
P20929,119,0,119,115,4,115
Q8N6T7,1,1,0,1,1,0
Q15907,1,0,1,1,0,1
Q96RL7,1,1,0,1,1,0
Q9Y2D8,8,8,0,5,5,3
Q92547,10,10,0,2,2,8
Q9NU22,9,9,0,6,6,3
Q9GZY6,8,8,0,4,4,4
Q9BX40,3,3,0,1,1,2
Q9GZZ9,10,1,9,4,5,5
Q9NW97,8,0,8,6,2,6
Q9HBT8,10,0,10,10,0,10
Q96H22,4,4,0,1,1,3
Q9UIV8,6,0,6,5,1,5
Q8WYP5,18,18,0,8,8,10
Q9NZM1,6,6,0,2,2,4
O15524,1,0,1,1,0,1
Q9UGV2,2,2,0,1,1,1
O14498,7,0,7,7,0,7
Q9UIW2,4,4,0,2,2,2
P35908,25,0,25,23,2,23
Q9UK33,3,1,2,1,1,2
Q92613,3,3,0,2,2,1
P08235,47,0,47,39,8,39
Q96EZ8,3,3,0,3,3,0
Q92667,8,8,0,2,2,6
Q12967,28,0,28,24,4,24
A8K0S8,7,0,7,5,2,5
Q8TDW0,4,4,0,1,1,3
Q9BUT9,4,2,2,3,3,1
Q9NR48,15,15,0,5,5,10
Q96AQ6,2,2,0,2,2,0
Q96EP5,1,1,0,0,0,1
Q9ULG1,3,3,0,2,2,1
O60884,5,0,5,5,0,5
Q9Y5B9,7,7,0,2,2,5
Q8WWN8,2,2,0,2,2,0
Q8NAV1,4,4,0,3,3,1
Q9UM73,3,3,0,1,1,2
Q99627,2,2,0,0,0,2
Q9UPN4,8,8,0,6,6,2
Q9NZN8,4,4,0,2,2,2
Q8N612,4,4,0,4,4,0
Q8NEZ4,17,17,0,8,8,9
Q15306,10,0,10,9,1,9
Q96N67,12,12,0,8,8,4
Q8TAC9,5,0,5,4,1,4
Q8NAF0,3,3,0,3,3,0
Q9BQE9,5,5,0,3,3,2
Q9H4L4,7,7,0,4,4,3
Q9BQK8,28,6,22,16,8,20
Q8WVR3,11,1,10,6,4,7
Q8IWV2,10,0,10,9,1,9
Q9HCE1,4,4,0,1,1,3
Q9GZR1,4,4,0,3,3,1
Q9Y6I3,6,0,6,4,2,4
Q9BUQ8,3,3,0,2,2,1
Q5S007,53,0,53,49,4,49
Q9BZH6,4,4,0,1,1,3
Q9UPN9,7,7,0,1,1,6
Q9Y261,9,0,9,8,1,8
P0DM35,2,0,2,2,0,2
Q9NSE4,3,3,0,0,0,3
Q9H8Y8,3,3,0,2,2,1
Q9UGJ0,7,7,0,3,3,4
Q96SB3,7,7,0,6,6,1
Q99759,8,8,0,3,3,5
Q8N7U7,10,0,10,8,2,8
Q9Y5P6,9,0,9,8,1,8
Q9H2P0,6,6,0,4,4,2
Q9NRH2,5,5,0,2,2,3
Q9P0L2,3,3,0,2,2,1
Q9UI08,11,11,0,7,7,4
Q92766,6,6,0,4,4,2
Q99613,5,5,0,2,2,3
Q9NVU0,4,4,0,3,3,1
Q14247,8,0,8,7,1,7
Q9HAF1,2,2,0,2,2,0
O43272,7,0,7,7,0,7
Q9GZV8,1,1,0,0,0,1
Q9BVW5,3,3,0,1,1,2
Q92994,2,2,0,1,1,1
Q8N5Q1,22,0,22,19,3,19
Q96RK0,6,6,0,3,3,3
B4DYI2,41,0,41,31,10,31
Q92574,8,8,0,2,2,6
Q13330,18,0,18,16,2,16
Q9BR39,7,7,0,4,4,3
Q9NR20,8,0,8,7,1,7
Q92793,11,11,0,7,7,4
Q9UBS8,2,2,0,2,2,0
Q9UPN6,5,5,0,1,1,4
Q9UHD8,7,7,0,5,5,2
Q9Y450,1,1,0,0,0,1
Q9H2G2,10,10,0,6,6,4
Q8WXI9,6,6,0,3,3,3
Q9H1H9,8,8,0,4,4,4
Q9NP74,3,3,0,1,1,2
Q9Y324,2,0,2,2,0,2
Q8WUI4,5,5,0,4,4,1
Q96KD3,7,0,7,7,0,7
Q9UK10,3,3,0,2,2,1
Q96K62,7,0,7,6,1,6
Q8N2M8,7,7,0,7,7,0
Q9H6R4,3,3,0,1,1,2
Q9H211,2,2,0,0,0,2
Q96QC0,7,7,0,6,6,1
Q92890,4,4,0,3,3,1
P04280,5,0,5,3,2,3
O95983,5,0,5,5,0,5
Q9Y6Y0,9,0,9,9,0,9
Q9Y4W2,5,5,0,1,1,4
Q68EN5,7,0,7,3,4,3
Q8ND82,4,4,0,2,2,2
H0Y7S4,7,0,7,7,0,7
Q8NFD5,5,5,0,3,3,2
Q9UHJ3,2,2,0,1,1,1
O95817,15,0,15,9,6,9
Q9BRS2,4,4,0,0,0,4
Q2VIQ3,25,0,25,22,3,22
Q86UE3,11,0,11,11,0,11
Q9BUF5,4,4,0,1,1,3
Q9H3Q1,3,3,0,2,2,1
Q9ULV3,5,5,0,2,2,3
P0DJD8,9,0,9,8,1,8
Q5T124,9,0,9,8,1,8
Q8NEJ9,4,4,0,0,0,4
Q9P2D0,7,7,0,4,4,3
Q58FF3,6,0,6,6,0,6
Q9C098,11,0,11,9,2,9
Q9UHF7,8,8,0,3,3,5
Q9P0P0,1,1,0,1,1,0
Q9ULV4,6,0,6,6,0,6
Q5VT66,5,0,5,4,1,4
Q8TDR0,3,3,0,2,2,1
Q9BY84,3,3,0,2,2,1
Q9Y2V2,1,1,0,1,1,0
P83916,3,0,3,1,2,1
Q8NHQ9,6,2,4,4,0,6
Q969V6,6,6,0,4,4,2
Q9P107,8,8,0,6,6,2
Q8TCN5,6,6,0,4,4,2
O94966,29,0,29,19,10,19
Q99741,1,1,0,0,0,1
O15389,16,0,16,15,1,15
Q9BZF1,8,8,0,3,3,5
Q9HCK8,6,6,0,3,3,3
Q8WXK3,4,0,4,4,0,4
Q9H307,10,10,0,4,4,6
Q8IYK8,8,0,8,5,3,5
Q8WWK9,5,5,0,2,2,3
Q9H093,3,3,0,1,1,2
Q5T230,5,0,5,2,3,2
Q13470,14,0,14,10,4,10
A6NKL6,23,0,23,21,2,21
Q8NEY8,11,11,0,5,5,6
Q96I34,2,2,0,2,2,0
Q9Y256,6,0,6,5,1,5
Q9NYL2,9,9,0,4,4,5
Q96QT6,34,6,28,23,7,27
Q8N4S9,3,3,0,0,0,3
Q96T88,4,4,0,3,3,1
Q9HCE3,4,4,0,2,2,2
Q6PIW4,16,0,16,13,3,13
A0A2R8YCJ5,3,0,3,3,0,3
Q9H4L5,10,10,0,2,2,8
Q9BYQ0,4,0,4,4,0,4
Q9UJD0,8,2,6,5,1,7
Q92576,18,18,0,7,7,11
Q9BX82,9,0,9,8,1,8
Q8NHV4,10,10,0,2,2,8
Q96DN2,21,0,21,18,3,18
Q86SJ6,11,0,11,10,1,10
Q8NH89,4,0,4,3,1,3
Q8N4P6,10,0,10,9,1,9
Q8IYE0,8,0,8,8,0,8
Q9HC52,5,5,0,3,3,2
Q96DX4,13,0,13,12,1,12
Q9H9C1,3,3,0,1,1,2
Q9H5J0,1,1,0,0,0,1
A5PLL1,12,0,12,10,2,10
Q9Y4K1,12,12,0,5,5,7
Q9UBU7,9,9,0,2,2,7
A6NHL2,9,0,9,8,1,8
Q9P2R6,10,10,0,7,7,3
Q9H0V1,12,0,12,12,0,12
Q9BXB5,7,7,0,3,3,4
Q96C24,7,7,0,5,5,2
Q02846,26,0,26,23,3,23
Q9BYQ5,12,0,12,12,0,12
Q9P242,9,9,0,7,7,2
Q9BZL6,3,3,0,0,0,3
Q9BTY7,1,1,0,0,0,1
P23743,14,0,14,12,2,12
Q92804,9,9,0,5,5,4
Q9UQB8,7,7,0,3,3,4
Q9BQA1,2,2,0,0,0,2
Q9HBG7,13,0,13,12,1,12
O75935,1,0,1,1,0,1
P21953,6,0,6,6,0,6
Q02928,12,0,12,11,1,11
Q9H944,3,0,3,3,0,3
Q92959,20,0,20,19,1,19
Q8IZP1,6,0,6,4,2,4
Q9UHX1,4,4,0,0,0,4
Q9BWX1,11,0,11,9,2,9
Q6P1X5,23,0,23,20,3,20
Q96EV2,6,6,0,3,3,3
Q8N4S0,4,4,0,2,2,2
Q9H6U6,6,6,0,0,0,6
Q8TF72,22,22,0,11,11,11
Q9UM11,4,4,0,1,1,3
Q96RT8,2,2,0,1,1,1
Q5H9T9,17,0,17,12,5,12
Q9BXP5,6,6,0,3,3,3
Q9HA47,1,1,0,0,0,1
Q13352,7,0,7,6,1,6
Q9UIF8,7,7,0,5,5,2
Q9P1Y6,12,12,0,7,7,5
Q8N6F7,2,2,0,2,2,0
Q92922,14,1,13,9,4,10
P23786,8,0,8,7,1,7
Q9BXI6,8,8,0,3,3,5
Q9UKV3,17,17,0,7,7,10
Q96R27,11,0,11,11,0,11
Q6GV28,7,0,7,7,0,7
Q9NRA8,12,12,0,6,6,6
Q9BRK3,2,2,0,1,1,1
Q3ZCQ8,7,0,7,6,1,6
Q9UQR1,6,6,0,3,3,3
Q9H2F5,2,2,0,1,1,1
Q9Y5Q5,20,0,20,19,1,19
Q9UPT6,4,4,0,3,3,1
Q96JI7,3,3,0,1,1,2
Q9BXF6,8,8,0,3,3,5
Q6ZSM3,12,0,12,12,0,12
Q9Y6R4,33,0,33,21,12,21
Q8WU79,5,5,0,1,1,4
Q92966,1,1,0,1,1,0
Q96BR1,3,3,0,1,1,2
Q96K37,2,2,0,0,0,2
Q15678,30,0,30,25,5,25
Q96JY6,7,7,0,2,2,5
Q8WY36,5,5,0,3,3,2
Q9NRR6,2,2,0,2,2,0
Q15399,16,0,16,16,0,16
Q9H400,4,4,0,1,1,3
Q8TEU7,8,8,0,3,3,5
O00410,20,0,20,19,1,19
A6NKP2,5,0,5,5,0,5
Q8WUU5,6,0,6,3,3,3
Q8NHA8,12,0,12,12,0,12
Q9BZC7,3,3,0,0,0,3
O75071,13,0,13,8,5,8
Q86UD5,13,0,13,13,0,13
Q8WUZ0,2,2,0,1,1,1
O14718,8,0,8,8,0,8
Q92597,6,6,0,5,5,1
Q9UPN7,4,4,0,2,2,2
Q9H4Z2,3,3,0,1,1,2
Q9BZF9,4,4,0,0,0,4
Q9BQE4,1,1,0,1,1,0
Q9NP87,1,1,0,1,1,0
Q9H3S7,7,7,0,3,3,4
Q9H583,4,4,0,0,0,4
Q9NPY3,15,1,14,15,1,14
Q9UGP4,7,7,0,2,2,5
Q8N554,4,4,0,2,2,2
Q9UKX7,5,5,0,0,0,5
Q96TC7,4,4,0,2,2,2
Q9BVC5,2,2,0,2,2,0
Q99719,1,1,0,1,1,0
Q96MU7,8,8,0,3,3,5
Q96HC4,4,4,0,2,2,2
O95057,4,0,4,3,1,3
Q92625,9,9,0,6,6,3
Q9H0D6,7,7,0,4,4,3
Q96ED9,4,4,0,1,1,3
Q9HB20,2,2,0,2,2,0
Q96PU5,10,10,0,7,7,3
Q96RL1,10,10,0,4,4,6
Q9NZM3,2,2,0,1,1,1
Q9BYZ6,12,0,12,9,3,9
Q9NPC7,14,0,14,10,4,10
Q9P0K8,4,4,0,1,1,3
Q9C0B5,11,11,0,4,4,7
Q9P2G1,3,3,0,1,1,2
Q99618,7,7,0,4,4,3
Q9UBU6,2,2,0,2,2,0
Q8TF01,9,9,0,7,7,2
Q9NUQ8,2,2,0,1,1,1
Q96JM3,18,18,0,9,9,9
Q96GM8,2,2,0,2,2,0
Q92797,5,5,0,2,2,3
Q96JN0,2,2,0,1,1,1
Q9UIF9,8,8,0,5,5,3
Q8N8S7,4,4,0,1,1,3
O95177,7,0,7,4,3,4
Q96L91,11,11,0,5,5,6
Q9Y519,6,0,6,4,2,4
Q9BST9,4,4,0,1,1,3
Q8TF30,3,3,0,3,3,0
Q96JH7,3,3,0,1,1,2
Q9NPI6,7,7,0,4,4,3
Q9UPQ3,3,3,0,2,2,1
Q9NZB2,8,8,0,3,3,5
Q9NQG5,2,2,0,1,1,1
Q96PN7,3,3,0,2,2,1
Q9UJ70,1,1,0,0,0,1
Q9UBP0,3,3,0,1,1,2
Q9UPW6,5,5,0,4,4,1
Q96DT7,1,1,0,0,0,1
Q9P2H5,4,4,0,1,1,3
Q9HCS5,4,4,0,3,3,1
Q9NR11,12,0,12,11,1,11
Q96MW5,7,0,7,6,1,6
Q9NP50,3,3,0,0,0,3
Q9H501,7,7,0,4,4,3
Q96A22,1,1,0,0,0,1
Q99700,10,10,0,6,6,4
Q9UGP5,2,2,0,0,0,2
P00915,6,0,6,5,1,5
Q9BWC9,6,0,6,5,1,5
Q9C0A6,15,15,0,9,9,6
Q92794,5,5,0,3,3,2
Q9ULH1,8,8,0,3,3,5
Q9NQS7,20,20,0,7,7,13
Q9UHR5,4,4,0,2,2,2
Q9H0B3,2,2,0,0,0,2
Q8TEQ0,6,6,0,3,3,3
Q9UIG0,14,14,0,7,7,7
Q92615,4,4,0,2,2,2
Q99623,4,4,0,1,1,3
Q9H741,5,0,5,5,0,5
Q9C0C2,31,31,0,19,19,12
Q8TAP9,3,3,0,1,1,2
Q9NX63,3,3,0,2,2,1
Q9BVI0,6,6,0,2,2,4
Q8NCN4,9,9,0,5,5,4
Q96C34,2,2,0,2,2,0
Q92997,7,7,0,4,4,3
Q9BRP8,2,2,0,2,2,0
Q8WX93,8,8,0,5,5,3
Q99614,2,2,0,1,1,1
Q8TDB6,8,8,0,4,4,4
Q9BU02,1,1,0,0,0,1
Q9BUL9,3,3,0,1,1,2
Q9P2F8,8,8,0,7,7,1
Q93075,4,4,0,2,2,2
Q9HCK5,2,2,0,1,1,1
Q8WXH0,11,11,0,8,8,3
Q9H6T3,2,2,0,0,0,2
Q9Y6S9,12,0,12,10,2,10
Q9H2G4,1,1,0,1,1,0
Q8NDD1,3,3,0,2,2,1
Q9HC23,1,0,1,1,0,1
Q8N5P1,2,2,0,0,0,2
Q9UHQ1,1,1,0,1,1,0
Q8N3J3,3,3,0,2,2,1
Q8N2Y8,6,6,0,3,3,3
Q8TDN4,3,3,0,2,2,1
Q9ULT8,6,6,0,2,2,4
Q9NR33,1,1,0,0,0,1
Q96A26,2,0,2,2,0,2
Q9UBB9,1,1,0,0,0,1
Q9BYK8,3,3,0,2,2,1
Q99607,1,1,0,0,0,1
Q93100,3,3,0,2,2,1
Q9UPQ0,14,14,0,8,8,6
Q96B23,4,4,0,1,1,3
Q8ND56,7,7,0,2,2,5
Q5HYL7,4,0,4,2,2,2
Q9NYF3,5,5,0,4,4,1
Q9NS91,5,5,0,3,3,2
Q9H0G5,6,6,0,3,3,3
Q9Y2J2,7,7,0,2,2,5
Q8WVM7,3,3,0,1,1,2
Q9Y463,2,2,0,2,2,0
Q3LI70,1,0,1,1,0,1
Q92688,1,1,0,0,0,1
Q9C0G0,7,7,0,3,3,4
Q9NPI1,5,5,0,1,1,4
Q9NXE8,3,3,0,2,2,1
Q9P2D1,14,14,0,9,9,5
Q9BTE7,1,1,0,0,0,1
P48444,6,0,6,4,2,4
Q8NER1,8,0,8,4,4,4
Q92974,9,9,0,7,7,2
Q9BRV8,4,4,0,0,0,4
P0DTE4,6,0,6,6,0,6
Q9H9E3,1,1,0,1,1,0
Q99661,6,6,0,2,2,4
O95218,17,0,17,13,4,13
Q8WWQ0,14,14,0,2,2,12
Q92598,4,4,0,1,1,3
P29218,2,0,2,2,0,2
Q9NUM4,2,2,0,0,0,2
Q9Y385,9,1,8,6,4,5
Q9Y3P9,3,3,0,2,2,1
Q9H611,1,1,0,1,1,0
Q96AP0,3,3,0,1,1,2
Q9H7P9,10,10,0,8,8,2
Q9H0K1,4,4,0,1,1,3
Q8NFF5,1,1,0,1,1,0
Q9UP95,3,3,0,2,2,1
Q96HN2,3,3,0,1,1,2
Q96RY5,4,4,0,2,2,2
Q9H582,5,5,0,2,2,3
Q6P9G0,2,0,2,2,0,2
Q8NGS6,17,0,17,17,0,17
Q9H0A0,5,5,0,0,0,5
Q96QF0,4,4,0,1,1,3
Q96Q89,5,5,0,1,1,4
Q99459,5,5,0,2,2,3
Q96JM2,12,12,0,8,8,4
A8MV57,3,0,3,2,1,2
Q9UJU2,3,3,0,2,2,1
Q16740,5,0,5,5,0,5
Q9BWU0,2,2,0,0,0,2
Q96NE9,3,3,0,1,1,2
Q96A65,6,6,0,1,1,5
Q9H2U1,2,2,0,0,0,2
Q9H2V7,2,2,0,0,0,2
Q96JC9,6,0,6,5,1,5
Q9Y2K6,4,4,0,3,3,1
Q92817,13,13,0,6,6,7
Q9HD15,1,1,0,1,1,0
Q12815,10,10,0,3,3,7
A8MZG2,4,0,4,3,1,3
O60729,5,0,5,4,1,4
Q9UKL0,5,5,0,2,2,3
Q9UJM3,5,5,0,3,3,2
Q9P2B4,10,10,0,9,9,1
Q9NS73,1,1,0,0,0,1
Q9H4A3,6,6,0,2,2,4
Q96BD0,6,6,0,3,3,3
O75951,3,0,3,3,0,3
Q96SI1,2,2,0,1,1,1
P10075,9,0,9,5,4,5
Q9BYJ9,3,3,0,1,1,2
Q8WW12,3,3,0,0,0,3
Q9NRS6,1,1,0,0,0,1
Q92785,4,4,0,3,3,1
Q8N3X1,4,4,0,3,3,1
Q92609,5,5,0,2,2,3
Q9Y2Q0,2,2,0,2,2,0
Q96D31,4,4,0,3,3,1
Q96MH2,6,6,0,5,5,1
Q9Y3Q8,7,7,0,3,3,4
Q8WXF1,2,2,0,1,1,1
Q9UEF7,18,0,18,18,0,18
Q9H8V3,7,7,0,2,2,5
Q8NDT2,8,8,0,5,5,3
Q9BUZ4,1,1,0,0,0,1
Q99567,3,3,0,1,1,2
Q9UPZ3,10,10,0,2,2,8
Q9H6S3,9,9,0,6,6,3
Q96PD2,2,2,0,0,0,2
Q96A49,1,1,0,1,1,0
Q9H1D0,5,0,5,4,1,4
Q9H0E3,3,3,0,2,2,1
Q96Q15,7,7,0,3,3,4
Q96RS0,4,4,0,1,1,3
Q9H910,4,4,0,2,2,2
Q9NUL3,3,3,0,1,1,2
Q9P2P5,7,7,0,4,4,3
Q9BZK7,2,2,0,1,1,1
Q9UJU6,3,3,0,0,0,3
Q96EI5,4,4,0,2,2,2
Q9UG63,2,2,0,1,1,1
Q96C55,6,0,6,6,0,6
Q92628,3,3,0,1,1,2
Q9Y3P8,2,2,0,1,1,1
Q29983,5,0,5,5,0,5
Q96F86,2,2,0,0,0,2
Q9BVT8,2,2,0,1,1,1
Q9BZW7,2,2,0,1,1,1
Q9BZ71,5,5,0,4,4,1
Q8N3L3,2,2,0,2,2,0
Q9H1E3,3,3,0,3,3,0
Q9H0H5,6,6,0,3,3,3
Q8WYH8,3,3,0,2,2,1
Q8TBZ0,2,2,0,1,1,1
Q9UER7,9,9,0,6,6,3
O00204,9,0,9,6,3,6
Q9H0H3,1,1,0,1,1,0
Q9NXE4,3,3,0,1,1,2
Q9ULZ3,2,0,2,1,1,1
Q8WWZ4,2,2,0,1,1,1
Q9H4Z3,5,5,0,4,4,1
Q99958,4,4,0,2,2,2
P59861,1,0,1,1,0,1
Q96MW7,2,2,0,1,1,1
Q8N3U4,5,5,0,0,0,5
Q8TAA9,2,2,0,1,1,1
Q6ZWT7,9,0,9,9,0,9
Q9C0H9,7,7,0,5,5,2
P24903,7,0,7,6,1,6
Q9Y4F3,8,8,0,5,5,3
Q93063,13,0,13,13,0,13
Q8WTT2,4,4,0,3,3,1
Q9HCU4,7,7,0,3,3,4
O15481,9,0,9,8,1,8
P42574,7,0,7,7,0,7
Q9UKS6,3,3,0,1,1,2
Q9Y2U5,5,5,0,2,2,3
Q9UI47,2,2,0,1,1,1
Q8NG77,6,0,6,6,0,6
Q9UKK3,6,6,0,1,1,5
Q9NYT0,2,2,0,0,0,2
Q9UBD0,8,0,8,5,3,5
Q9NVM9,1,1,0,0,0,1
Q9UEE9,3,3,0,1,1,2
Q96QU6,10,0,10,10,0,10
Q8NCF5,12,12,0,5,5,7
Q96PE2,14,14,0,11,11,3
Q96BY6,3,3,0,2,2,1
Q9NY61,8,8,0,6,6,2
Q92858,11,0,11,9,2,9
Q8N3R9,2,2,0,1,1,1
P17030,6,0,6,6,0,6
Q8NBN3,1,1,0,1,1,0
Q8TF76,3,3,0,1,1,2
Q8WUM4,3,3,0,0,0,3
Q3ZCT8,10,0,10,10,0,10
Q9H147,3,3,0,2,2,1
Q9NXX6,4,4,0,4,4,0
Q92736,4,4,0,2,2,2
Q8NFH5,5,5,0,2,2,3
Q9BRQ6,3,3,0,3,3,0
Q7Z6A9,5,0,5,4,1,4
Q9NQS1,1,1,0,0,0,1
Q9BZQ8,5,5,0,1,1,4
Q8TBA6,1,1,0,0,0,1
Q96NY9,2,2,0,1,1,1
Q9BX66,7,7,0,4,4,3
O43614,8,0,8,7,1,7
Q9BZE4,3,3,0,1,1,2
Q96PY6,8,8,0,5,5,3
Q9BXW6,2,2,0,1,1,1
Q9NRG9,4,4,0,2,2,2
Q9HBE1,9,0,9,9,0,9
Q9H0C3,8,0,8,6,2,6
Q99717,1,1,0,0,0,1
Q9BXS6,7,7,0,3,3,4
P86434,4,0,4,4,0,4
Q9BRQ5,6,0,6,3,3,3
Q96C36,3,3,0,2,2,1
Q9Y2D5,8,8,0,5,5,3
Q9H9J4,7,7,0,3,3,4
Q8WWY3,3,3,0,1,1,2
Q9H2U2,2,2,0,1,1,1
Q8TBZ2,12,0,12,8,4,8
Q9Y232,3,3,0,2,2,1
Q9HCH0,5,5,0,4,4,1
Q9BXB4,3,3,0,2,2,1
Q8N3A8,3,3,0,1,1,2
Q8N8E1,3,0,3,3,0,3
Q9BYG3,1,1,0,0,0,1
Q96PE5,1,0,1,1,0,1
Q6P1Q9,4,0,4,4,0,4
Q8WXA9,4,4,0,2,2,2
Q8N3D4,10,10,0,7,7,3
O15482,10,0,10,7,3,7
Q9ULD2,4,4,0,1,1,3
Q9ULJ7,8,8,0,1,1,7
Q9UPM8,2,2,0,1,1,1
O14931,6,0,6,6,0,6
Q96JQ2,4,4,0,3,3,1
Q6PML9,16,0,16,13,3,13
Q99489,5,0,5,5,0,5
Q96FS4,4,4,0,2,2,2
Q8N9U0,4,4,0,2,2,2
Q9NZZ3,3,3,0,1,1,2
Q9UJY5,3,3,0,2,2,1
Q96JP5,4,4,0,1,1,3
Q96RU2,2,2,0,2,2,0
Q9BTE3,3,3,0,3,3,0
Q8N2C3,3,0,3,3,0,3
Q96II8,3,3,0,2,2,1
Q9NPH3,2,2,0,1,1,1
Q92629,1,1,0,0,0,1
Q8NFA0,3,3,0,0,0,3
Q9H992,4,4,0,4,4,0
Q8WV28,2,2,0,1,1,1
Q9H7F0,3,3,0,0,0,3
O75475,2,2,0,1,1,1
Q9NUQ3,5,5,0,3,3,2
Q9HBM0,9,0,9,7,2,7
Q9H706,7,7,0,5,5,2
Q9HAW4,5,5,0,3,3,2
Q9H2X6,3,3,0,1,1,2
Q9NQX3,3,3,0,1,1,2
Q8IY34,10,0,10,10,0,10
Q96PY5,2,2,0,0,0,2
P48788,3,0,3,2,1,2
Q99640,5,5,0,1,1,4
Q99728,3,3,0,2,2,1
Q9UL41,4,0,4,3,1,3
Q92888,2,2,0,0,0,2
Q9NVP2,1,1,0,0,0,1
Q9H8W4,1,1,0,1,1,0
Q5VY09,6,0,6,5,1,5
Q99638,4,4,0,2,2,2
Q99442,2,2,0,2,2,0
Q8IUH4,12,0,12,12,0,12
Q5BKX5,6,0,6,4,2,4
P78414,6,0,6,4,2,4
Q96EY9,2,2,0,1,1,1
Q9P013,1,1,0,0,0,1
Q96JN8,3,3,0,1,1,2
P19367,10,0,10,9,1,9
Q99684,1,1,0,0,0,1
Q9BX63,11,11,0,4,4,7
Q9BXK1,3,3,0,3,3,0
Q9NQ92,2,0,2,0,2,0
Q9NYU2,1,1,0,0,0,1
Q9BUJ2,3,3,0,0,0,3
Q9H2I8,1,1,0,1,1,0
Q8WUM0,7,7,0,1,1,6
Q8WYL5,8,8,0,5,5,3
O00399,1,0,1,1,0,1
Q8NHJ6,2,2,0,1,1,1
Q99986,2,2,0,0,0,2
Q9Y3I0,1,1,0,1,1,0
Q8ND30,5,5,0,3,3,2
Q8NF99,3,3,0,1,1,2
Q9Y2D9,5,5,0,5,5,0
Q99871,2,2,0,1,1,1
Q8ND04,3,3,0,0,0,3
Q8NH72,7,0,7,7,0,7
Q8TDM6,13,13,0,7,7,6
Q9NZL9,2,2,0,0,0,2
Q96HE9,2,2,0,1,1,1
Q96K21,8,8,0,4,4,4
Q9Y3S2,3,3,0,2,2,1
Q14994,3,0,3,3,0,3
Q9UGK8,1,1,0,1,1,0
Q9H4G0,10,10,0,5,5,5
Q9Y3S1,4,4,0,3,3,1
Q9BXY0,3,3,0,2,2,1
Q8TDJ6,7,7,0,5,5,2
Q8NE71,5,5,0,1,1,4
Q96T60,3,3,0,3,3,0
Q9C0J8,2,2,0,1,1,1
Q96JJ3,3,3,0,1,1,2
Q9ULV8,4,4,0,3,3,1
Q9NZI8,2,2,0,2,2,0
Q9NTZ6,2,2,0,1,1,1
Q8NI27,6,6,0,6,6,0
Q9NYY8,1,1,0,0,0,1
Q96RD7,10,0,10,9,1,9
Q99747,1,1,0,0,0,1
Q9C0E8,3,3,0,2,2,1
O60939,5,0,5,5,0,5
Q96AY2,3,3,0,2,2,1
Q9P286,2,2,0,1,1,1
Q9NQ75,5,5,0,1,1,4
Q9BUB5,4,4,0,3,3,1
Q9BVJ6,5,5,0,3,3,2
Q93052,5,5,0,0,0,5
Q9H1C4,1,1,0,1,1,0
Q96G46,1,1,0,1,1,0
Q9BZZ5,3,3,0,0,0,3
Q12983,5,0,5,4,1,4
Q3ZCQ3,2,0,2,2,0,2
Q13325,5,0,5,5,0,5
Q9P2N5,8,8,0,4,4,4
Q92620,1,1,0,1,1,0
Q9HC98,3,3,0,1,1,2
Q99816,4,4,0,0,0,4
Q8NC56,2,2,0,2,2,0
Q96GD4,2,2,0,0,0,2
Q96K76,5,5,0,3,3,2
Q01064,8,0,8,6,2,6
Q8TEM1,4,4,0,0,0,4
Q9UBS0,3,3,0,2,2,1
Q14653,6,0,6,4,2,4
A0A2R8Y619,2,0,2,1,1,1
Q96DE5,1,1,0,0,0,1
Q99549,3,3,0,2,2,1
Q9GZP4,6,1,5,4,1,5
A6NDL7,8,0,8,8,0,8
Q9H9L4,4,4,0,4,4,0
Q9UIK4,1,1,0,1,1,0
Q9BZF3,3,3,0,2,2,1
Q9NVZ3,2,2,0,2,2,0
Q6UWT4,2,0,2,2,0,2
Q9BYG5,1,1,0,1,1,0
Q96T51,3,3,0,0,0,3
Q96LZ2,2,0,2,1,1,1
Q96KP1,5,5,0,3,3,2
Q8NB16,5,5,0,1,1,4
Q9UK61,7,7,0,6,6,1
Q96SN7,8,0,8,8,0,8
Q93034,2,2,0,0,0,2
Q9H1B7,2,2,0,1,1,1
A6NJT0,8,0,8,3,5,3
Q9BSC4,3,3,0,0,0,3
P0DPK2,1,0,1,0,1,0
Q9H8Y5,5,5,0,3,3,2
Q92796,1,1,0,0,0,1
Q9BW19,2,2,0,2,2,0
P57723,8,0,8,7,1,7
Q9Y4G8,9,9,0,5,5,4
Q4KMZ8,3,0,3,3,0,3
Q8NFT8,2,2,0,0,0,2
Q8TAD8,3,3,0,2,2,1
Q9H9A6,2,2,0,1,1,1
Q96EA4,3,3,0,1,1,2
Q96PK6,7,7,0,5,5,2
Q9BXJ9,2,2,0,1,1,1
Q9BU19,3,3,0,2,2,1
Q8TE77,2,2,0,0,0,2
P39023,4,0,4,4,0,4
Q9BQG0,7,7,0,4,4,3
Q9NZL4,1,1,0,0,0,1
Q92954,3,3,0,2,2,1
Q9ULT0,2,2,0,1,1,1
Q8WXE0,5,5,0,4,4,1
Q8NFY4,2,2,0,1,1,1
Q9H8G2,3,3,0,1,1,2
Q9NVV0,1,1,0,0,0,1
Q9NWZ8,1,1,0,0,0,1
Q9BZG1,1,1,0,0,0,1
Q8WUB8,4,4,0,1,1,3
Q8N3E9,2,2,0,1,1,1
Q9Y3E2,3,0,3,3,0,3
Q9H4L7,4,4,0,3,3,1
Q96AD5,3,3,0,2,2,1
Q9NP31,1,1,0,0,0,1
Q8NE65,2,0,2,2,0,2
Q9HAN9,3,3,0,1,1,2
Q9BRZ2,1,1,0,0,0,1
Q9Y3F4,2,2,0,0,0,2
Q9GZR2,3,3,0,1,1,2
P51911,4,0,4,4,0,4
Q96EQ0,1,1,0,0,0,1
Q9BY77,1,1,0,0,0,1
Q9BWT3,5,5,0,3,3,2
Q8TF74,4,4,0,2,2,2
Q96S66,3,3,0,1,1,2
Q9UQ49,2,2,0,1,1,1
Q9H4I2,4,4,0,3,3,1
Q9NVF7,5,5,0,4,4,1
Q9HCD5,3,3,0,2,2,1
O75342,8,0,8,8,0,8
Q8WUM9,3,3,0,1,1,2
Q96CN7,2,0,2,2,0,2
Q9ULH7,4,4,0,1,1,3
Q8WYQ5,4,4,0,1,1,3
Q92908,4,4,0,2,2,2
Q9BR61,1,1,0,1,1,0
Q92887,3,3,0,1,1,2
Q9H9B1,2,2,0,0,0,2
Q96NA2,2,2,0,2,2,0
Q96A19,1,1,0,0,0,1
Q8NDC0,1,1,0,1,1,0
Q9ULP0,4,0,4,4,0,4
Q96LD4,3,3,0,2,2,1
Q9Y4E8,3,3,0,1,1,2
Q9GZT8,10,0,10,10,0,10
Q9HCM4,3,3,0,1,1,2
Q9UKM9,4,4,0,0,0,4
Q9NVU7,5,5,0,4,4,1
Q9H4H8,2,2,0,2,2,0
Q9BPU6,1,1,0,1,1,0
Q9HB21,1,1,0,1,1,0
Q9UJX4,4,4,0,1,1,3
Q96B36,2,2,0,1,1,1
Q9H5J8,2,2,0,1,1,1
Q6TCH4,4,0,4,4,0,4
Q9ULX6,2,2,0,1,1,1
Q9NYD6,4,4,0,3,3,1
Q9BSJ8,3,3,0,1,1,2
P41271,3,0,3,3,0,3
Q9NVD7,2,2,0,2,2,0
Q96RT7,4,4,0,2,2,2
Q9NZJ4,2,2,0,1,1,1
Q92616,8,8,0,1,1,7
Q96Q11,1,1,0,0,0,1
P09912,2,0,2,2,0,2
Q96C57,4,4,0,2,2,2
Q96P48,10,10,0,3,3,7
Q9H0E9,4,4,0,1,1,3
Q96KB5,4,4,0,1,1,3
Q99704,1,1,0,0,0,1
Q5VUD6,9,0,9,9,0,9
P51956,9,0,9,8,1,8
Q9P227,16,16,0,5,5,11
Q9BSI4,2,2,0,1,1,1
Q9H7E2,3,3,0,0,0,3
Q8NHH9,2,2,0,0,0,2
Q9BTL3,1,1,0,0,0,1
Q96EP0,5,5,0,1,1,4
Q9NQT8,2,2,0,1,1,1
Q96B49,1,1,0,0,0,1
Q8TBB5,2,2,0,2,2,0
Q8ND76,3,3,0,1,1,2
Q9BZ67,1,1,0,0,0,1
Q96RG2,2,2,0,0,0,2
Q9Y675,1,0,1,0,1,0
Q92499,3,3,0,0,0,3
Q9NPB6,1,1,0,0,0,1
Q96CS3,4,4,0,0,0,4
Q969E4,2,2,0,1,1,1
Q9NRA0,1,1,0,1,1,0
Q9BYN0,1,0,1,1,0,1
Q9UI10,3,3,0,1,1,2
Q9NP66,1,1,0,0,0,1
Q96EV8,2,2,0,2,2,0
Q92900,4,4,0,0,0,4
Q13445,2,0,2,1,1,1
Q96S94,4,4,0,4,4,0
Q96T25,2,2,0,2,2,0
Q9UPW0,2,2,0,1,1,1
Q96I24,3,3,0,0,0,3
Q92686,2,1,1,1,0,2
O15131,5,0,5,3,2,3
Q9BQ70,2,2,0,0,0,2
Q8WZ64,4,4,0,3,3,1
Q9Y2H6,4,4,0,2,2,2
Q6IFH4,4,0,4,4,0,4
Q8TF42,2,2,0,0,0,2
Q9NPF5,2,2,0,1,1,1
Q9UN36,1,1,0,0,0,1
Q92805,3,3,0,1,1,2
Q92530,1,1,0,1,1,0
Q9H816,2,2,0,1,1,1
Q9NQL9,1,1,0,1,1,0
Q9Y2K2,5,5,0,4,4,1
Q9HCJ3,3,3,0,1,1,2
Q9H330,6,6,0,4,4,2
Q9BUR4,4,4,0,3,3,1
Q9UQ80,3,3,0,1,1,2
Q9NVW2,1,1,0,1,1,0
Q9C0B7,1,1,0,0,0,1
Q9UQE7,1,1,0,0,0,1
Q9UPY3,4,4,0,2,2,2
Q9UHN6,2,2,0,1,1,1
Q13449,4,0,4,4,0,4
Q86VX9,2,2,0,1,1,1
Q8N3P4,7,7,0,2,2,5
Q9UBB5,1,1,0,1,1,0
Q9UNZ2,2,2,0,1,1,1
Q9BPX3,4,4,0,2,2,2
Q92995,2,2,0,2,2,0
Q8N7W2,2,2,0,0,0,2
Q96SN8,10,10,0,3,3,7
Q9UKI8,3,3,0,0,0,3
Q9BTX1,4,4,0,1,1,3
Q8WZ71,3,0,3,3,0,3
Q9UHD2,1,1,0,0,0,1
Q9UQB9,1,1,0,1,1,0
Q8N4C6,2,2,0,1,1,1
O75865,2,0,2,2,0,2
Q96GE4,3,3,0,1,1,2
Q9Y5B0,1,1,0,1,1,0
Q9BWH6,3,3,0,2,2,1
Q8NDX6,1,1,0,1,1,0
Q9UKY7,5,5,0,2,2,3
Q96B01,4,4,0,1,1,3
Q9BWF3,2,2,0,2,2,0
Q9UKG1,2,2,0,1,1,1
P13686,2,0,2,2,0,2
Q96E35,2,0,2,2,0,2
Q9H3P2,3,3,0,1,1,2
Q9P289,1,1,0,1,1,0
Q9UHR6,1,1,0,1,1,0
Q99942,3,0,3,2,1,2
Q96RE7,6,6,0,1,1,5
Q9UQR0,4,4,0,4,4,0
Q9UNE7,1,1,0,0,0,1
Q9H4M9,3,3,0,1,1,2
Q8WZ73,5,5,0,4,4,1
Q9H410,7,7,0,4,4,3
Q9H7M9,2,2,0,1,1,1
Q96RN5,2,2,0,0,0,2
Q92618,5,5,0,2,2,3
Q8NG50,4,0,4,4,0,4
Q9NQB0,3,3,0,2,2,1
Q9H2M9,3,3,0,1,1,2
O76027,2,0,2,2,0,2
Q9H1K0,4,4,0,1,1,3
Q9Y2T2,5,0,5,5,0,5
A4QMS7,1,0,1,0,1,0
Q9NRX5,1,1,0,1,1,0
Q8N5Y2,2,2,0,1,1,1
Q6PEY1,1,0,1,0,1,0
Q9H254,2,2,0,1,1,1
Q96P47,2,2,0,2,2,0
Q9UPZ9,1,1,0,0,0,1
Q9BWG4,3,3,0,3,3,0
Q9BV38,7,1,6,6,0,7
Q8N5C8,1,1,0,0,0,1
Q9UJV9,3,3,0,1,1,2
Q9UBL6,2,2,0,0,0,2
P35638,5,0,5,4,1,4
Q9H6S0,3,3,0,3,3,0
Q96RU3,4,4,0,3,3,1
Q9UJZ1,2,2,0,0,0,2
Q96B45,1,1,0,1,1,0
A0A0B4J1V2,2,0,2,2,0,2
Q7Z4W1,3,0,3,3,0,3
Q9NW75,4,4,0,1,1,3
Q92539,5,5,0,2,2,3
Q9H788,1,1,0,1,1,0
Q8N5S9,2,2,0,2,2,0
Q9NYL9,2,2,0,0,0,2
Q92769,3,3,0,3,3,0
Q9GZS1,2,2,0,2,2,0
Q9BZR8,2,2,0,0,0,2
Q96S55,4,4,0,2,2,2
Q9NUA8,1,1,0,0,0,1
Q8TEQ6,3,3,0,2,2,1
Q96RR4,5,5,0,3,3,2
Q92540,4,4,0,1,1,3
Q9UNS1,2,2,0,1,1,1
Q92685,1,1,0,0,0,1
Q9BQE3,4,4,0,0,0,4
Q99733,3,3,0,1,1,2
Q96CB8,3,3,0,1,1,2
Q9HCM2,3,3,0,0,0,3
Q9NNX1,1,1,0,0,0,1
Q9H0C8,3,3,0,0,0,3
Q9UKI2,2,2,0,2,2,0
Q96PU4,2,2,0,0,0,2
Q9BSJ6,5,5,0,3,3,2
Q01105,3,0,3,1,2,1
Q9H0J9,1,1,0,0,0,1
Q96GY3,4,0,4,2,2,2
Q9H2K8,3,3,0,3,3,0
Q8IU54,2,0,2,1,1,1
Q8NBF6,2,2,0,1,1,1
Q969S3,2,2,0,0,0,2
Q9Y217,2,2,0,0,0,2
Q16663,1,0,1,1,0,1
Q96CP6,2,2,0,1,1,1
O43286,5,0,5,4,1,4
Q9BU76,2,2,0,1,1,1
Q9NZC3,6,0,6,6,0,6
Q8NI35,1,1,0,0,0,1
Q99698,7,7,0,2,2,5
Q8WYA6,2,2,0,0,0,2
Q8N5A5,2,2,0,0,0,2
Q9BRL6,6,6,0,6,6,0
Q99873,1,1,0,0,0,1
Q5W188,1,0,1,1,0,1
Q93062,1,1,0,0,0,1
Q9UEW8,9,4,5,5,2,7
Q8WVS4,2,2,0,1,1,1
Q02221,2,0,2,1,1,1
Q9Y266,2,2,0,0,0,2
Q99576,1,1,0,0,0,1
Q96NG3,1,1,0,0,0,1
Q9H6K1,1,1,0,1,1,0
Q9BY44,2,2,0,0,0,2
Q9BWW4,1,1,0,1,1,0
Q9BYT8,1,1,0,1,1,0
Q8N9U9,3,0,3,2,1,2
Q9NZV1,1,1,0,0,0,1
Q96KQ4,1,1,0,1,1,0
Q9P2I0,1,1,0,1,1,0
Q0P5P2,2,0,2,2,0,2
Q8N488,3,3,0,2,2,1
Q53H76,8,0,8,7,1,7
Q9H6W3,2,2,0,1,1,1
Q9UBZ4,1,1,0,0,0,1
Q9NP64,2,2,0,2,2,0
Q9ULR3,3,3,0,3,3,0
Q96EK9,1,1,0,1,1,0
Q96SB8,1,1,0,1,1,0
Q9UH62,3,3,0,0,0,3
Q96TA1,4,4,0,1,1,3
Q9NW13,1,1,0,1,1,0
Q9UNK0,2,0,2,2,0,2
Q9BYI3,2,2,0,0,0,2
Q99062,1,1,0,0,0,1
Q9H2J4,1,1,0,1,1,0
Q9ULD9,8,8,0,4,4,4
Q8NCP5,2,2,0,1,1,1
Q96CB9,1,1,0,1,1,0
Q8WUX9,4,4,0,2,2,2
Q96N21,1,1,0,0,0,1
O14653,3,0,3,3,0,3
Q9NVX2,2,2,0,0,0,2
Q9UQ07,1,1,0,0,0,1
Q9NV56,2,2,0,2,2,0
P61018,2,0,2,2,0,2
Q8WXF0,2,2,0,2,2,0
Q8N608,1,1,0,0,0,1
Q99758,2,2,0,1,1,1
Q96CX2,2,2,0,0,0,2
Q96QD9,2,2,0,2,2,0
Q9Y448,1,1,0,1,1,0
Q96CT7,3,3,0,2,2,1
Q02790,2,0,2,2,0,2
Q9UQ84,2,2,0,0,0,2
Q9ULV0,5,5,0,1,1,4
Q9GZT6,1,1,0,0,0,1
Q92882,1,1,0,0,0,1
Q96D42,1,1,0,1,1,0
Q9UDY4,1,1,0,1,1,0
Q9BUL5,3,3,0,2,2,1
Q9BWF2,1,1,0,1,1,0
Q96MY1,1,1,0,0,0,1
Q9C0H6,1,1,0,1,1,0
Q9UMS4,2,2,0,1,1,1
Q8N423,1,1,0,0,0,1
Q9BQ67,1,1,0,1,1,0
Q96KM6,1,1,0,0,0,1
Q9UGL1,1,1,0,0,0,1
Q9NXR1,2,2,0,2,2,0
Q9H334,3,3,0,2,2,1
Q99683,2,2,0,2,2,0
Q9NZ63,1,1,0,1,1,0
Q8NHP6,2,2,0,1,1,1
Q9H3M7,3,3,0,1,1,2
Q9Y2K7,2,2,0,1,1,1
Q9H5V8,3,3,0,1,1,2
Q9Y210,2,2,0,1,1,1
Q6P4F2,2,0,2,2,0,2
Q9NV70,1,1,0,0,0,1
Q96I25,3,3,0,2,2,1
Q8TBN0,2,2,0,2,2,0
Q9H6H4,2,2,0,1,1,1
Q9ULI4,5,5,0,2,2,3
Q96IW7,1,1,0,0,0,1
Q8TEA8,1,1,0,1,1,0
Q92917,2,2,0,0,0,2
Q9NVC6,2,2,0,0,0,2
Q9BRN9,1,1,0,0,0,1
Q9UPV7,2,2,0,1,1,1
Q8WXE1,3,3,0,0,0,3
Q9P253,1,1,0,1,1,0
Q8NC44,2,2,0,1,1,1
Q8N302,3,3,0,0,0,3
Q8N6N3,1,1,0,0,0,1
Q9HCG8,4,4,0,3,3,1
Q9HB71,1,1,0,0,0,1
Q9H223,2,2,0,1,1,1
Q9BWG6,1,1,0,1,1,0
Q9UBE0,1,1,0,1,1,0
Q9UK76,2,2,0,2,2,0
Q9NZW5,1,1,0,0,0,1
Q9UHK0,3,3,0,1,1,2
Q9HAS0,1,1,0,0,0,1
Q99626,1,1,0,1,1,0
Q96JS3,1,1,0,0,0,1
Q96AE4,2,2,0,0,0,2
Q99956,1,1,0,1,1,0
Q9H0L4,1,1,0,0,0,1
A6NL05,1,0,1,0,1,0
Q8TDY8,1,1,0,1,1,0
Q9H7L9,1,1,0,1,1,0
Q9UPV9,4,4,0,2,2,2
Q9UKT5,2,2,0,0,0,2
Q15022,3,3,0,2,2,1
Q9H3N1,1,1,0,0,0,1
Q9H0S4,1,1,0,1,1,0
Q969H4,1,1,0,1,1,0
Q9UEE5,2,2,0,1,1,1
Q8NFT2,1,1,0,1,1,0
Q9H9A7,2,2,0,0,0,2
Q8TC44,5,5,0,1,1,4
Q9H6R7,2,2,0,1,1,1
Q9H8S9,1,1,0,0,0,1
Q9Y478,2,2,0,1,1,1
Q96DM3,1,1,0,0,0,1
Q9Y5J6,1,0,1,1,0,1
Q6FIF0,2,2,0,2,2,0
Q8TAP6,1,1,0,0,0,1
Q96QE2,3,3,0,1,1,2
Q9UN30,1,1,0,1,1,0
Q9HCN4,1,1,0,0,0,1
Q9NZC9,3,3,0,2,2,1
Q9UL03,1,1,0,0,0,1
Q96EY5,1,1,0,1,1,0
Q8WVT3,4,4,0,3,3,1
Q9UBP9,2,2,0,1,1,1
Q9BYX2,4,4,0,2,2,2
Q8TB52,2,2,0,0,0,2
Q96F24,2,2,0,1,1,1
Q96AX9,2,2,0,2,2,0
Q9C004,3,0,3,2,1,2
Q9Y2R4,1,1,0,1,1,0
Q9NWZ5,1,1,0,1,1,0
Q92993,3,3,0,2,2,1
Q8NBP7,1,1,0,0,0,1
Q9Y294,3,3,0,0,0,3
Q96AV8,2,2,0,2,2,0
Q9NXH8,2,2,0,1,1,1
Q9H3F6,1,1,0,0,0,1
Q99426,1,1,0,1,1,0
Q9Y5A9,2,2,0,0,0,2
Q9BWL3,1,1,0,0,0,1
Q96G03,1,1,0,0,0,1
Q96PE3,1,1,0,0,0,1
Q96BK5,1,1,0,0,0,1
Q99961,1,1,0,0,0,1
Q96CJ1,1,1,0,1,1,0
Q9UJK0,1,1,0,1,1,0
Q9NXH9,1,1,0,0,0,1
Q99650,1,1,0,1,1,0
Q9H6Y2,1,1,0,1,1,0
P30086,2,0,2,2,0,2
Q8N2G6,2,2,0,0,0,2
Q96H12,1,1,0,1,1,0
Q8NHG8,4,4,0,2,2,2
Q9GZR7,1,1,0,0,0,1
Q9NRF9,2,2,0,0,0,2
P47755,2,0,2,2,0,2
A1L162,1,0,1,1,0,1
Q8WU17,1,1,0,0,0,1
Q96QR8,2,2,0,1,1,1
Q96IG2,1,1,0,0,0,1
Q9H4A4,1,1,0,0,0,1
Q9UJX6,2,2,0,2,2,0
Q5JXX7,3,0,3,2,1,2
P13994,1,1,0,0,0,1
Q8N8L6,1,0,1,1,0,1
Q96DF8,1,1,0,1,1,0
Q9Y467,1,1,0,0,0,1
Q8NA72,1,1,0,0,0,1
Q99615,1,1,0,0,0,1
Q8NB46,1,1,0,0,0,1
Q9HBY8,1,1,0,1,1,0
Q8TCS8,1,1,0,0,0,1
Q9NWB6,1,1,0,1,1,0
Q9BVG9,1,1,0,1,1,0
Q8WXX5,1,1,0,0,0,1
Q92551,3,3,0,2,2,1
Q96A47,1,1,0,0,0,1
Q9HBX8,1,1,0,0,0,1
O60542,1,0,1,1,0,1
Q5JSQ8,1,0,1,1,0,1
Q9UNE0,1,1,0,1,1,0
Q96PP8,3,0,3,3,0,3
Q9NR31,1,1,0,1,1,0
Q99504,1,1,0,1,1,0
Q8TF68,1,1,0,0,0,1
A0A096LNW5,2,0,2,2,0,2
Q9NWW5,1,1,0,0,0,1
Q9NQA5,1,1,0,1,1,0
Q9Y2H1,1,1,0,0,0,1
Q9H3K6,1,0,1,1,0,1
Q9UP83,1,1,0,0,0,1
Q9Y426,1,1,0,0,0,1
Q9UPY5,1,1,0,1,1,0
Q96RF0,1,1,0,1,1,0
Q92558,1,1,0,0,0,1
Q8NFJ5,1,1,0,0,0,1
Q9UGY1,1,1,0,0,0,1
Q9BXK5,3,3,0,2,2,1
Q9C005,1,0,1,1,0,1
Q8WXA3,1,1,0,0,0,1
Q9BTK6,1,1,0,1,1,0
Q9BY49,1,1,0,1,1,0
Q96ST3,1,1,0,0,0,1
Q9H5I1,1,1,0,0,0,1
Q9NZJ5,1,1,0,1,1,0
Q99808,1,1,0,1,1,0
Q9Y4P8,1,1,0,0,0,1
Q9HD26,1,1,0,0,0,1
P07741,1,0,1,1,0,1
Q9BZV1,1,1,0,1,1,0
Q8NI77,2,2,0,0,0,2
Q96EB6,1,1,0,0,0,1
Q9NZV8,2,2,0,1,1,1
Q8TD47,1,0,1,1,0,1
Q9NSC5,1,1,0,1,1,0
Q9NRR5,1,1,0,1,1,0
Q9Y4P1,1,1,0,0,0,1
Q92556,1,1,0,1,1,0
A8MSI8,1,0,1,1,0,1
Q96A05,2,0,2,1,1,1
Q9H7D7,1,1,0,0,0,1
Q96BD5,1,1,0,0,0,1
Q96MW1,1,1,0,1,1,0
Q9Y5U8,1,0,1,1,0,1
Q9H2C0,1,1,0,1,1,0
Q9NW08,1,1,0,0,0,1
Q9BPX7,1,1,0,1,1,0
Q9UQQ2,2,2,0,1,1,1
Q8NHY0,1,1,0,0,0,1
Q9NVM6,1,1,0,0,0,1
Q9NXZ1,2,2,0,1,1,1
Q92851,1,1,0,0,0,1
Q9BQ61,1,1,0,1,1,0
Q8TAP8,1,1,0,1,1,0
