,entry_count,positive_count,negative_count,correctly_guessed,positive_guess_count,negative_guess_count
Q99567,2,2,0,1,1,1
Q92804,4,4,0,2,2,2
Q9H6S0,9,9,0,2,2,7
Q9UQ35,115,115,0,88,88,27
Q8TDC3,2,2,0,0,0,2
O00409,10,0,10,9,1,9
Q96B23,4,4,0,2,2,2
P0DJD8,10,0,10,10,0,10
Q9Y6I3,11,0,11,9,2,9
Q9UPU5,69,0,69,57,12,57
Q9UPM8,5,5,0,0,0,5
O75071,14,0,14,9,5,9
Q15777,6,0,6,6,0,6
Q8WUX9,2,2,0,0,0,2
Q96F25,8,0,8,5,3,5
Q92628,3,3,0,1,1,2
Q6W4X9,82,0,82,72,10,72
Q13443,22,0,22,21,1,21
Q8TF42,1,1,0,1,1,0
Q9BRL6,6,6,0,5,5,1
Q9Y2T2,7,0,7,7,0,7
Q96BK5,2,2,0,1,1,1
Q9P2R6,15,15,0,10,10,5
Q6ZP82,35,0,35,30,5,30
Q9ULD2,4,4,0,3,3,1
Q9P242,10,10,0,8,8,2
Q15652,68,0,68,52,16,52
Q9HCS5,4,4,0,3,3,1
Q9NZC9,2,2,0,1,1,1
O43272,10,0,10,9,1,9
Q96DX4,8,0,8,6,2,6
Q5TC82,28,0,28,22,6,22
P58107,83,0,83,77,6,77
Q9BTU6,1,1,0,0,0,1
Q5W5X9,8,0,8,6,2,6
Q8N4C8,9,9,0,3,3,6
Q96PP4,1,1,0,0,0,1
Q9Y3T9,8,8,0,4,4,4
Q6PEY1,2,0,2,2,0,2
Q9C0H9,8,8,0,4,4,4
Q9H2P0,9,9,0,6,6,3
Q9C0C2,34,34,0,12,12,22
Q96IT1,15,0,15,9,6,9
Q96RD7,8,0,8,7,1,7
Q9UQB3,43,3,40,24,16,27
Q9HC52,4,4,0,3,3,1
H0Y7S4,11,0,11,10,1,10
Q96I34,3,3,0,2,2,1
Q6P1X5,19,0,19,19,0,19
Q9ULX6,3,3,0,2,2,1
Q92959,17,0,17,16,1,16
Q9BWC9,5,0,5,4,1,4
Q9NR09,125,0,125,105,20,105
Q96PV6,23,1,22,20,2,21
Q8TEM1,3,3,0,0,0,3
Q8NEM8,29,0,29,25,4,25
Q96HC4,10,10,0,1,1,9
Q03701,24,0,24,19,5,19
Q8TF72,19,19,0,6,6,13
Q6PML9,13,0,13,12,1,12
Q96S94,7,7,0,5,5,2
O94915,76,0,76,69,7,69
Q92560,5,5,0,4,4,1
Q9BZE4,4,4,0,2,2,2
Q8TD84,56,0,56,48,8,48
P21953,8,0,8,8,0,8
O00204,7,0,7,5,2,5
O76027,7,0,7,6,1,6
Q6GV28,7,0,7,6,1,6
Q15678,22,0,22,16,6,16
P42345,41,0,41,34,7,34
Q9Y4E1,18,18,0,11,11,7
Q96MW5,8,0,8,8,0,8
A6NJT0,9,0,9,8,1,8
Q9H3P2,5,5,0,3,3,2
Q99549,5,5,0,4,4,1
Q9NYF3,4,4,0,3,3,1
O95405,41,0,41,37,4,37
O43541,8,0,8,6,2,6
Q99570,32,6,26,20,6,26
Q9Y597,10,10,0,4,4,6
Q8NCQ7,13,0,13,7,6,7
Q9NZI8,3,3,0,3,3,0
Q96QC0,5,5,0,3,3,2
Q8TBZ3,4,4,0,1,1,3
P26927,9,0,9,9,0,9
Q9NQX4,37,0,37,36,1,36
Q9BRD0,14,14,0,10,10,4
Q8NDI1,12,12,0,5,5,7
B4DYI2,27,0,27,19,8,19
Q6ZU69,37,0,37,29,8,29
Q9H1E3,6,6,0,4,4,2
Q96MT3,23,0,23,15,8,15
Q9BVJ6,4,4,0,1,1,3
Q01064,5,0,5,5,0,5
Q2VIQ3,26,0,26,20,6,20
Q9P2Y5,2,2,0,1,1,1
Q8TAP6,1,1,0,0,0,1
Q96CP6,7,7,0,5,5,2
O43614,12,0,12,12,0,12
Q9ULH1,11,11,0,4,4,7
O15389,9,0,9,8,1,8
Q96JB1,78,1,77,70,7,71
Q96RT1,16,16,0,6,6,10
Q8WWI1,21,21,0,9,9,12
P23786,15,0,15,10,5,10
Q96T37,10,10,0,5,5,5
Q8WWQ0,13,13,0,6,6,7
Q9Y2G2,12,0,12,10,2,10
Q9Y3E2,3,0,3,2,1,2
Q9ULW0,12,12,0,4,4,8
Q9HCD5,6,6,0,3,3,3
Q969R5,6,6,0,3,3,3
Q96K62,11,0,11,9,2,9
P63010,20,0,20,19,1,19
O75593,8,0,8,6,2,6
Q86UE3,8,0,8,8,0,8
Q8WYQ5,4,4,0,0,0,4
Q9UBB5,3,3,0,2,2,1
Q8N302,4,4,0,3,3,1
Q99575,7,7,0,2,2,5
Q9HCK8,14,14,0,7,7,7
Q9NYQ8,88,0,88,76,12,76
Q9BYJ9,2,2,0,1,1,1
A8MW92,26,0,26,23,3,23
Q5TAX3,41,0,41,34,7,34
Q96QT4,9,9,0,3,3,6
Q9Y2G1,30,0,30,23,7,23
Q96KQ4,4,4,0,3,3,1
Q9Y4F5,18,18,0,11,11,7
P08235,34,0,34,27,7,27
O14983,8,0,8,7,1,7
Q9NZB2,12,12,0,4,4,8
Q9H251,1,1,0,0,0,1
Q9P2E9,5,5,0,3,3,2
Q9H792,57,6,51,32,19,38
Q9H7N4,10,10,0,3,3,7
Q9Y2H6,3,3,0,1,1,2
Q9H410,9,9,0,5,5,4
Q92752,38,1,37,30,7,31
Q9UQC2,3,3,0,1,1,2
Q9NYL9,4,4,0,0,0,4
Q96JM3,23,23,0,13,13,10
Q92858,6,0,6,5,1,5
Q96A22,2,2,0,1,1,1
Q9Y5J6,1,0,1,1,0,1
Q9H814,7,7,0,6,6,1
Q9UKK9,1,1,0,0,0,1
Q9HBE1,18,0,18,15,3,15
Q9UNT1,2,0,2,2,0,2
Q9HBG4,1,1,0,0,0,1
Q99650,3,3,0,0,0,3
Q9P219,13,13,0,5,5,8
Q6PIW4,17,0,17,16,1,16
Q9H4A3,8,8,0,4,4,4
Q9H706,6,6,0,4,4,2
Q8NC60,2,2,0,1,1,1
A0A087WUL8,102,0,102,100,2,100
Q8NF91,16,16,0,2,2,14
Q9NYU1,22,0,22,20,2,20
Q9H0V1,11,0,11,10,1,10
Q9P1Y6,12,12,0,7,7,5
Q96A05,3,0,3,3,0,3
Q02790,5,0,5,3,2,3
Q9Y6X3,10,0,10,9,1,9
Q9ULE0,8,8,0,3,3,5
Q9NRA0,1,1,0,0,0,1
Q9NQX3,6,6,0,3,3,3
Q8TEW0,15,15,0,6,6,9
Q96CS3,1,1,0,0,0,1
Q9Y2V2,2,2,0,1,1,1
Q6PJG6,15,0,15,13,2,13
Q9UM73,2,2,0,0,0,2
Q02846,14,0,14,11,3,11
Q9BY89,26,26,0,12,12,14
Q9HCE1,1,1,0,0,0,1
P35663,23,0,23,15,8,15
Q8NCP5,2,2,0,0,0,2
Q96JJ6,20,0,20,8,12,8
O14498,10,0,10,9,1,9
Q9Y4P3,2,2,0,1,1,1
Q9UKI8,3,3,0,2,2,1
Q92539,6,6,0,1,1,5
Q9H5H4,9,9,0,4,4,5
Q8NFY4,4,4,0,1,1,3
Q9GZT8,13,0,13,13,0,13
Q9NPY3,14,0,14,11,3,11
Q9UQ80,1,1,0,0,0,1
O15131,10,0,10,10,0,10
Q96C24,9,9,0,6,6,3
Q9Y385,8,0,8,5,3,5
Q99743,27,0,27,19,8,19
P20929,112,0,112,104,8,104
Q6L8G8,6,0,6,6,0,6
Q9BZ29,6,6,0,0,0,6
O95347,18,0,18,16,2,16
Q96JQ2,6,6,0,3,3,3
Q92859,29,0,29,24,5,24
Q9GZV8,1,1,0,1,1,0
Q9H7P9,9,9,0,6,6,3
Q9BUL9,4,4,0,2,2,2
Q9UQ13,11,0,11,11,0,11
Q5S007,46,0,46,36,10,36
Q99873,1,1,0,0,0,1
Q9UHB6,15,15,0,8,8,7
P61018,4,0,4,4,0,4
Q96DN2,21,0,21,19,2,19
Q9BZG1,2,2,0,0,0,2
Q9UJY1,2,2,0,1,1,1
O43286,6,0,6,4,2,4
Q9BWH6,5,5,0,2,2,3
Q96R06,45,9,36,23,15,30
Q92574,5,5,0,4,4,1
Q9UJX6,2,2,0,1,1,1
O14863,10,0,10,8,2,8
P46531,40,0,40,37,3,37
Q9NQ92,2,0,2,1,1,1
Q9BQG0,10,10,0,5,5,5
Q9NU22,5,5,0,3,3,2
Q99728,5,5,0,2,2,3
Q9UPQ0,16,16,0,10,10,6
P57723,10,0,10,10,0,10
Q9UIV8,9,0,9,6,3,6
Q8N5Q1,20,0,20,13,7,13
O60885,30,0,30,24,6,24
Q8N2C3,6,0,6,6,0,6
Q8TEU7,9,9,0,3,3,6
Q6IFH4,9,0,9,9,0,9
Q9UKV3,25,25,0,15,15,10
Q9H5J8,2,2,0,0,0,2
Q13470,17,0,17,14,3,14
Q9H0W8,6,6,0,4,4,2
Q9BQK8,27,2,25,14,11,16
Q8NHA8,8,0,8,8,0,8
Q9BZF1,8,8,0,0,0,8
Q9BXS6,8,8,0,4,4,4
Q8IV36,16,0,16,12,4,12
Q96FS4,7,7,0,6,6,1
Q9BX66,6,6,0,2,2,4
P41271,3,0,3,3,0,3
Q8WYP5,24,24,0,9,9,15
Q9HAU0,9,9,0,2,2,7
Q9UIG0,7,7,0,5,5,2
Q9ULU4,50,17,33,25,14,36
Q9H0D6,4,4,0,3,3,1
Q7L1W4,14,0,14,10,4,10
Q8NFH5,7,7,0,3,3,4
Q9H1A4,10,10,0,5,5,5
Q9UMS4,3,3,0,0,0,3
Q9UQR0,3,3,0,1,1,2
Q8WUM0,10,10,0,3,3,7
Q9UJ70,1,1,0,1,1,0
Q96JP2,32,0,32,28,4,28
Q9Y250,14,0,14,12,2,12
Q8NGS9,6,0,6,5,1,5
Q9Y4F3,5,5,0,3,3,2
Q9NS91,5,5,0,2,2,3
Q8WVR3,12,3,9,6,5,7
Q8IXW5,18,0,18,15,3,15
O15482,14,0,14,11,3,11
Q8WXE0,9,9,0,6,6,3
Q9NZM1,10,10,0,5,5,5
Q96S38,10,10,0,5,5,5
Q9Y5Q5,20,0,20,19,1,19
Q9Y4W2,5,5,0,1,1,4
Q93074,3,3,0,2,2,1
Q96L73,11,11,0,4,4,7
Q9Y2F5,10,10,0,2,2,8
Q9UEF7,8,0,8,6,2,6
Q5VXH5,5,0,5,5,0,5
Q8N6H7,12,12,0,3,3,9
Q9BSC4,6,6,0,3,3,3
Q9C0C9,13,13,0,7,7,6
Q9NQ55,1,1,0,1,1,0
Q9H741,3,0,3,3,0,3
Q8TF01,5,5,0,4,4,1
Q9UQL6,7,7,0,5,5,2
P09769,9,0,9,9,0,9
Q9UNF0,5,5,0,1,1,4
Q9BZ67,2,2,0,2,2,0
Q6TFL3,18,0,18,16,2,16
Q9BZF2,22,0,22,21,1,21
Q15022,5,5,0,4,4,1
Q53GS9,6,0,6,5,1,5
Q8WVT3,1,1,0,1,1,0
Q9UKG1,4,4,0,3,3,1
Q8N573,16,16,0,6,6,10
Q92844,4,4,0,1,1,3
Q9HB71,2,2,0,2,2,0
Q9UJU6,2,2,0,0,0,2
Q9Y4H2,25,25,0,11,11,14
Q8NFU5,2,2,0,1,1,1
Q9H6R4,4,4,0,2,2,2
Q96AE7,17,0,17,15,2,15
O95218,24,0,24,19,5,19
Q92918,3,3,0,2,2,1
Q96GM8,2,2,0,1,1,1
Q92922,24,4,20,14,10,14
Q8N3J3,3,3,0,1,1,2
Q9UI08,9,9,0,4,4,5
Q8N3F8,11,11,0,5,5,6
Q9UEE5,1,1,0,1,1,0
Q9H7F0,3,3,0,1,1,2
Q8WVM7,3,3,0,1,1,2
Q96RF0,2,2,0,1,1,1
Q9P2F8,9,9,0,4,4,5
Q9Y4G8,8,8,0,5,5,3
Q9UPZ3,8,8,0,3,3,5
Q9UHR6,4,4,0,4,4,0
Q14994,4,0,4,3,1,3
Q9NQZ2,4,0,4,2,2,2
Q9NZC3,7,0,7,6,1,6
Q9UK76,3,3,0,2,2,1
Q9UKX7,5,5,0,2,2,3
Q9NRR6,6,6,0,3,3,3
Q9BXP5,7,7,0,4,4,3
Q9BTC0,15,15,0,9,9,6
Q8TDN4,3,3,0,2,2,1
Q99680,7,0,7,7,0,7
Q9UMN6,8,8,0,6,6,2
Q9BX82,12,0,12,12,0,12
Q96PU5,4,4,0,2,2,2
Q9NR48,9,9,0,3,3,6
Q9H582,2,2,0,1,1,1
Q9NXE8,4,4,0,2,2,2
Q96L91,20,20,0,11,11,9
Q96MY1,2,2,0,1,1,1
Q9NVD7,3,3,0,3,3,0
Q9HBT8,10,0,10,9,1,9
Q9BXK1,4,4,0,1,1,3
Q96SN8,14,14,0,4,4,10
O95817,16,0,16,11,5,11
Q96T58,24,24,0,15,15,9
Q96G03,2,2,0,0,0,2
Q96ST2,20,20,0,18,18,2
Q93063,12,0,12,11,1,11
Q8WYA6,3,3,0,1,1,2
Q9ULM2,11,0,11,11,0,11
Q13330,15,0,15,13,2,13
P35908,17,0,17,17,0,17
Q96DT7,2,2,0,0,0,2
Q9UQE7,1,1,0,0,0,1
Q92558,1,1,0,0,0,1
Q96TA1,10,10,0,4,4,6
Q9HBM0,13,0,13,12,1,12
Q9BUH8,6,6,0,2,2,4
Q8WWM7,12,12,0,4,4,8
Q8IZP1,7,0,7,5,2,5
Q99816,3,3,0,0,0,3
Q6P2P2,16,0,16,15,1,15
P07741,2,0,2,2,0,2
Q9NS39,16,0,16,11,5,11
P07948,8,0,8,7,1,7
Q96PP8,8,0,8,7,1,7
Q9NZN5,5,5,0,3,3,2
Q9HBL0,57,0,57,42,15,42
Q9NRF8,2,2,0,2,2,0
Q92667,6,6,0,2,2,4
Q9NVR5,19,0,19,14,5,14
Q96HH9,3,3,0,1,1,2
Q8WXG6,7,7,0,1,1,6
Q92796,1,1,0,0,0,1
Q8N3U4,3,3,0,1,1,2
A5PLL1,19,0,19,15,4,15
Q9BX63,9,9,0,5,5,4
O60884,10,0,10,7,3,7
Q9H8Y5,7,7,0,5,5,2
Q9UHB4,9,0,9,9,0,9
Q15399,23,0,23,23,0,23
Q8IWV2,16,0,16,15,1,15
Q8TD47,1,0,1,1,0,1
Q9NQT4,1,1,0,1,1,0
Q9UPN6,3,3,0,2,2,1
Q9UKI9,13,0,13,6,7,6
Q8IY34,15,0,15,15,0,15
O60883,11,0,11,9,2,9
P00915,11,0,11,11,0,11
Q8WVP7,7,0,7,7,0,7
Q9UJD0,11,2,9,8,1,10
Q96C55,9,0,9,7,2,7
Q9Y2K7,3,3,0,3,3,0
Q8TDB6,4,4,0,2,2,2
Q96FJ0,15,3,12,10,4,11
Q9BPX3,8,8,0,1,1,7
Q99590,16,16,0,7,7,9
Q96TC7,4,4,0,1,1,3
Q9NRH2,6,6,0,3,3,3
P35638,5,0,5,5,0,5
Q96P48,6,6,0,2,2,4
Q8IYK8,6,0,6,5,1,5
Q92614,11,11,0,7,7,4
Q86SJ6,17,0,17,17,0,17
Q8TAQ2,9,9,0,2,2,7
Q9P2P5,5,5,0,2,2,3
Q96P47,2,2,0,1,1,1
Q8N612,3,3,0,3,3,0
A6NKL6,24,0,24,16,8,16
Q96PE2,18,18,0,11,11,7
Q8NH37,6,0,6,6,0,6
Q96EI5,3,3,0,2,2,1
Q6ZSM3,11,0,11,10,1,10
Q9H583,7,7,0,2,2,5
Q8TDR0,3,3,0,3,3,0
Q8TDY2,7,7,0,2,2,5
Q9H2X6,3,3,0,2,2,1
Q9H0W5,3,3,0,1,1,2
Q08477,10,0,10,7,3,7
Q8NEY1,28,28,0,13,13,15
Q9UHF7,7,7,0,2,2,5
Q9Y4U1,3,3,0,3,3,0
Q8NG77,6,0,6,6,0,6
O95136,7,0,7,7,0,7
P23743,10,0,10,10,0,10
Q6ZP29,11,0,11,10,1,10
Q8NE65,6,0,6,6,0,6
Q9HBA0,14,2,12,7,5,9
Q9NYZ3,13,13,0,5,5,8
Q8N4P6,11,0,11,9,2,9
Q96RY5,5,5,0,3,3,2
Q9UBP0,7,7,0,4,4,3
Q9H9B1,6,6,0,0,0,6
Q8N2M8,10,10,0,8,8,2
Q96RL1,10,10,0,4,4,6
Q92878,3,3,0,0,0,3
Q5H9T9,17,0,17,12,5,12
P29218,4,0,4,3,1,3
Q92777,15,0,15,14,1,14
Q9UER7,12,12,0,7,7,5
Q92974,8,8,0,6,6,2
Q9ULH7,6,6,0,1,1,5
P05362,5,0,5,5,0,5
Q96MH2,2,2,0,1,1,1
Q96JM2,10,10,0,4,4,6
Q9C004,9,0,9,7,2,7
Q9BZE9,2,2,0,1,1,1
Q92186,6,0,6,5,1,5
Q9UJZ1,3,3,0,2,2,1
Q99747,3,3,0,1,1,2
Q9H165,6,6,0,2,2,4
Q9BRV8,1,1,0,0,0,1
Q9BYK8,3,3,0,1,1,2
Q8ND24,6,6,0,3,3,3
Q8TBZ2,13,0,13,8,5,8
Q12983,9,0,9,5,4,5
Q86UD5,11,0,11,11,0,11
Q9BYQ0,4,0,4,4,0,4
Q9HBG7,17,0,17,16,1,16
Q9BRQ6,4,4,0,2,2,2
Q12967,31,0,31,27,4,27
Q9H0B6,22,8,14,10,6,16
Q99698,13,13,0,7,7,6
Q8TDM6,11,11,0,2,2,9
Q9H2K8,2,2,0,1,1,1
Q9ULV0,4,4,0,2,2,2
Q9NYD6,3,3,0,3,3,0
P51956,7,0,7,4,3,4
Q9NW97,2,0,2,2,0,2
Q96I25,7,7,0,5,5,2
Q8NCN4,12,12,0,6,6,6
Q8TEQ6,5,5,0,5,5,0
Q5HYL7,5,0,5,4,1,4
Q96S59,6,6,0,3,3,3
Q96AG4,2,2,0,1,1,1
Q9UPN4,8,8,0,5,5,3
Q9NVP4,1,1,0,1,1,0
Q92576,17,17,0,6,6,11
Q9NYJ8,3,3,0,2,2,1
Q9HC62,4,4,0,3,3,1
Q9UMD9,3,3,0,1,1,2
Q96T23,21,21,0,14,14,7
Q96B01,7,7,0,3,3,4
P41252,23,0,23,22,1,22
Q9NYF8,20,20,0,10,10,10
Q9UPV9,4,4,0,1,1,3
Q99501,4,4,0,3,3,1
Q9UN79,5,5,0,3,3,2
Q9NPF5,3,3,0,1,1,2
Q8NHM5,9,9,0,7,7,2
Q9NZL9,1,1,0,0,0,1
Q16663,2,0,2,2,0,2
Q9HD67,7,7,0,3,3,4
Q92887,3,3,0,1,1,2
Q9BZQ8,4,4,0,2,2,2
Q96RG2,4,4,0,1,1,3
Q96QT6,23,7,16,12,6,17
Q9Y3P9,5,5,0,3,3,2
Q96GY3,5,0,5,2,3,2
Q8NEZ4,17,17,0,8,8,9
Q9H2C0,2,2,0,2,2,0
Q96CT7,2,2,0,1,1,1
Q9BZL6,6,6,0,0,0,6
Q96CN7,4,0,4,4,0,4
Q96KD3,7,0,7,5,2,5
Q9GZV5,3,3,0,2,2,1
Q99626,1,1,0,1,1,0
Q8WUI4,4,4,0,2,2,2
Q8TEQ0,4,4,0,2,2,2
Q9H0X9,4,4,0,2,2,2
Q5VT66,5,0,5,5,0,5
Q92538,10,10,0,5,5,5
Q9H7T9,1,1,0,1,1,0
Q96MU7,8,8,0,5,5,3
P08697,8,0,8,7,1,7
Q96HN2,6,6,0,1,1,5
Q8WUQ7,7,7,0,2,2,5
Q8NF99,3,3,0,1,1,2
P02671,24,0,24,23,1,23
A8MT65,17,0,17,17,0,17
Q9BSJ6,6,6,0,3,3,3
Q8TEA8,3,3,0,2,2,1
Q9NZJ0,9,9,0,5,5,4
Q9Y3B9,7,2,5,5,0,7
P33991,17,0,17,14,3,14
Q9UIF8,5,5,0,1,1,4
Q9NR11,16,0,16,16,0,16
Q96R27,8,0,8,8,0,8
Q99640,7,7,0,3,3,4
Q9NUX5,14,0,14,14,0,14
Q9P289,5,5,0,4,4,1
Q7L590,10,0,10,5,5,5
Q8TEW8,4,4,0,3,3,1
Q8WX93,12,12,0,5,5,7
Q9UK61,13,13,0,7,7,6
Q9NXZ2,9,0,9,9,0,9
Q9HCM1,3,3,0,2,2,1
Q9HAW4,13,13,0,6,6,7
Q9Y266,6,6,0,1,1,5
Q9UPR0,5,5,0,1,1,4
Q9Y2U5,6,6,0,4,4,2
Q9NRA8,10,10,0,9,9,1
Q13325,8,0,8,7,1,7
Q14653,9,0,9,7,2,7
Q8WVM8,4,4,0,2,2,2
Q9BUB5,2,2,0,1,1,1
Q9NQR1,2,2,0,2,2,0
Q9Y426,6,6,0,4,4,2
Q96RS0,7,7,0,1,1,6
Q7Z6A9,5,0,5,5,0,5
Q8NHJ6,2,2,0,2,2,0
Q96KM6,2,2,0,2,2,0
Q9BYI3,4,4,0,0,0,4
Q92797,3,3,0,2,2,1
Q9BWU0,5,5,0,3,3,2
Q8WX92,2,2,0,1,1,1
Q9BW19,3,3,0,2,2,1
Q8N4C6,6,6,0,2,2,4
Q15198,7,0,7,7,0,7
Q9H0C3,7,0,7,6,1,6
Q9BPZ7,4,4,0,4,4,0
Q96QE2,3,3,0,0,0,3
Q9P0L2,4,4,0,2,2,2
Q8NFZ5,3,0,3,2,1,2
Q9Y261,7,0,7,5,2,5
Q9ULJ3,10,10,0,6,6,4
Q8WWY3,3,3,0,0,0,3
Q9H2G2,8,8,0,4,4,4
Q8WVC0,11,11,0,10,10,1
Q9H1K1,2,2,0,1,1,1
Q92597,3,3,0,1,1,2
Q9UQ84,6,6,0,1,1,5
Q99700,13,13,0,7,7,6
Q86VX9,3,3,0,1,1,2
Q9BYW2,17,17,0,8,8,9
Q9Y4E8,6,6,0,4,4,2
Q9P227,11,11,0,1,1,10
Q8N9U9,3,0,3,3,0,3
Q8WYL5,6,6,0,3,3,3
Q8WUM4,3,3,0,1,1,2
Q9H3S7,6,6,0,1,1,5
Q9NRX5,1,1,0,0,0,1
Q9HC35,9,9,0,4,4,5
Q96A65,6,6,0,1,1,5
A1L162,3,0,3,1,2,1
Q02040,21,0,21,15,6,15
Q92783,2,2,0,2,2,0
Q99952,2,2,0,2,2,0
Q9UGL1,3,3,0,2,2,1
Q93075,5,5,0,5,5,0
Q9Y4K1,15,15,0,4,4,11
Q8NAV1,5,5,0,4,4,1
Q92616,5,5,0,1,1,4
Q9Y6R4,29,0,29,25,4,25
Q9UP95,3,3,0,1,1,2
Q9BTX1,2,2,0,1,1,1
Q9UQ07,2,2,0,0,0,2
Q9H4G0,11,11,0,7,7,4
Q9P1Y5,17,17,0,9,9,8
Q9UL41,6,0,6,6,0,6
Q96KB5,2,2,0,1,1,1
Q7Z388,10,0,10,10,0,10
A8K0S8,8,0,8,6,2,6
Q8ND56,4,4,0,2,2,2
Q9NPC7,8,0,8,6,2,6
Q99638,4,4,0,3,3,1
P51648,8,0,8,8,0,8
Q96EA4,5,5,0,2,2,3
Q5T124,7,0,7,3,4,3
Q9NZ08,15,0,15,14,1,14
Q9NW75,6,6,0,2,2,4
Q9ULF5,3,3,0,2,2,1
Q9GZY6,5,5,0,2,2,3
Q8NA75,7,0,7,7,0,7
Q8NHQ8,2,2,0,1,1,1
Q9Y2H5,13,13,0,10,10,3
Q9BQ52,4,4,0,3,3,1
P0DPK2,1,0,1,1,0,1
Q9P275,11,11,0,4,4,7
P24903,8,0,8,8,0,8
Q9UGJ0,8,8,0,5,5,3
Q9BQE3,9,9,0,1,1,8
Q9UKE5,12,12,0,2,2,10
Q68EN5,6,0,6,4,2,4
Q96JN0,3,3,0,2,2,1
Q9NV70,3,3,0,1,1,2
Q8NA72,2,2,0,0,0,2
Q9ULR3,3,3,0,2,2,1
O14718,3,0,3,3,0,3
Q9BXB4,5,5,0,0,0,5
Q6Y1H2,4,0,4,4,0,4
Q9H0H5,9,9,0,2,2,7
Q9HCG8,7,7,0,5,5,2
Q13352,4,0,4,3,1,3
Q9H307,13,13,0,9,9,4
Q4KMZ8,4,0,4,4,0,4
Q92766,11,11,0,6,6,5
Q96K76,6,6,0,4,4,2
Q9UL03,1,1,0,0,0,1
Q9UNF1,4,4,0,2,2,2
Q8TEK3,8,8,0,4,4,4
Q8N3D4,5,5,0,1,1,4
Q9NRQ2,1,1,0,0,0,1
P0DTE4,12,0,12,12,0,12
Q9BXB5,9,9,0,4,4,5
Q9NXE4,2,2,0,0,0,2
Q99958,2,2,0,0,0,2
Q99661,6,6,0,2,2,4
Q9H7L9,4,4,0,3,3,1
Q9BYZ6,9,0,9,9,0,9
Q96CW6,3,3,0,1,1,2
Q9UGU0,18,18,0,7,7,11
Q92613,5,5,0,3,3,2
Q13368,7,0,7,6,1,6
Q9BY77,6,6,0,2,2,4
Q99708,6,6,0,4,4,2
Q96NE9,4,4,0,1,1,3
Q96AV8,3,3,0,1,1,2
Q9UNE7,2,2,0,2,2,0
Q9NSC5,2,2,0,2,2,0
Q9BWG6,4,4,0,1,1,3
Q9Y450,6,6,0,3,3,3
Q9ULG1,2,2,0,2,2,0
Q96PU4,2,2,0,0,0,2
Q9ULV3,2,2,0,1,1,1
Q8TAF7,8,0,8,8,0,8
Q9C0A6,11,11,0,8,8,3
Q9UM11,5,5,0,3,3,2
Q8WWN8,3,3,0,3,3,0
Q96JC9,12,1,11,9,2,10
Q99504,3,3,0,3,3,0
Q9H981,2,2,0,1,1,1
Q12950,12,0,12,7,5,7
A0A2R8YCJ5,3,0,3,2,1,2
Q96B36,2,2,0,2,2,0
Q9GZS1,3,3,0,2,2,1
Q96QU6,9,0,9,8,1,8
Q99618,7,7,0,5,5,2
Q8NG50,8,0,8,6,2,6
Q9BWF3,3,3,0,1,1,2
Q9BXK5,7,7,0,2,2,5
Q9NQC3,5,5,0,2,2,3
Q9UN30,3,3,0,2,2,1
Q9NYL2,7,7,0,1,1,6
A4QMS7,1,0,1,1,0,1
Q0P5P2,2,0,2,1,1,1
Q9NV56,2,2,0,1,1,1
A6NKP2,9,0,9,9,0,9
Q96BY6,7,7,0,2,2,5
Q8TDW0,2,2,0,1,1,1
Q9GZY8,3,3,0,2,2,1
Q8N201,6,6,0,5,5,1
Q9BXI6,5,5,0,2,2,3
Q9H4L5,10,10,0,7,7,3
Q9C0B7,1,1,0,0,0,1
Q9H501,7,7,0,4,4,3
Q8TC44,1,1,0,0,0,1
P10075,6,0,6,5,1,5
Q8N7B1,4,0,4,4,0,4
O75865,3,0,3,2,1,2
Q99759,7,7,0,3,3,4
O00399,1,0,1,1,0,1
Q9Y230,3,3,0,1,1,2
Q96II8,4,4,0,3,3,1
Q9BZF3,2,2,0,0,0,2
Q9UPP1,7,7,0,6,6,1
Q9UKY7,3,3,0,1,1,2
Q96A47,1,1,0,1,1,0
Q9BXF6,11,11,0,4,4,7
Q969X1,1,1,0,0,0,1
Q9BRQ5,6,0,6,4,2,4
Q9P246,10,10,0,4,4,6
Q9NZJ4,6,6,0,2,2,4
Q8NET4,3,3,0,0,0,3
Q92997,5,5,0,1,1,4
Q9H254,4,4,0,2,2,2
Q9H6W3,3,3,0,3,3,0
Q9NQ66,6,6,0,2,2,4
Q96HP0,5,5,0,5,5,0
Q99497,1,1,0,0,0,1
Q9C0B5,14,14,0,8,8,6
Q99489,5,0,5,5,0,5
Q8WY91,3,3,0,2,2,1
Q9ULV4,11,0,11,11,0,11
Q9UEW8,10,2,8,5,3,7
Q92499,2,2,0,0,0,2
Q9ULI4,6,6,0,3,3,3
Q9UDY4,1,1,0,0,0,1
Q9UQ49,2,2,0,1,1,1
Q9H2D6,13,13,0,11,11,2
P28329,13,0,13,11,2,11
Q9H8V3,11,11,0,4,4,7
Q9HCH0,9,9,0,7,7,2
Q6P1Q9,8,0,8,8,0,8
Q96G74,2,2,0,0,0,2
Q9NZT2,4,4,0,2,2,2
Q8N5P1,5,5,0,2,2,3
Q8WZ64,3,3,0,1,1,2
Q96EY5,4,4,0,2,2,2
Q8WXI9,4,4,0,0,0,4
Q9H334,4,4,0,1,1,3
Q9UQR1,6,6,0,3,3,3
Q9H2Y7,13,13,0,2,2,11
Q96GX5,10,10,0,2,2,8
Q9C098,11,0,11,6,5,6
Q96RU3,3,3,0,1,1,2
Q9H7D0,8,8,0,5,5,3
Q8IYE0,11,0,11,8,3,8
Q8NEJ9,2,2,0,1,1,1
O75355,15,0,15,14,1,14
Q9UKK3,5,5,0,3,3,2
Q8WUU5,8,0,8,8,0,8
Q9UKI2,8,8,0,3,3,5
Q9P2H5,2,2,0,2,2,0
Q8ND82,4,4,0,0,0,4
Q8NER1,18,0,18,14,4,14
Q9UEE9,1,1,0,0,0,1
Q96GD4,1,1,0,0,0,1
Q9BVI0,7,7,0,5,5,2
Q9H1B7,3,3,0,0,0,3
Q8NG31,10,10,0,5,5,5
Q9C0B0,4,4,0,2,2,2
Q96JH7,5,5,0,0,0,5
Q9NWZ8,2,2,0,1,1,1
Q9UQM7,2,2,0,1,1,1
Q9BYQ5,8,0,8,8,0,8
Q96EP0,5,5,0,1,1,4
Q92794,5,5,0,4,4,1
Q8N5S9,2,2,0,0,0,2
Q96T88,8,8,0,3,3,5
Q92764,1,1,0,0,0,1
A6NHL2,9,0,9,7,2,7
Q6P2S7,24,0,24,22,2,22
Q8N3L3,3,3,0,3,3,0
O00410,9,0,9,9,0,9
Q92615,8,8,0,7,7,1
Q9BYN0,4,0,4,3,1,3
Q9H4H8,1,1,0,0,0,1
Q9ULJ7,6,6,0,2,2,4
Q9H4L4,2,2,0,1,1,1
Q9UI25,1,0,1,1,0,1
Q5VY09,2,0,2,1,1,1
Q9UL51,1,1,0,0,0,1
Q6ZWT7,11,0,11,9,2,9
Q9Y6Y0,11,0,11,10,1,10
Q9Y3Q8,9,9,0,4,4,5
Q8NFI3,12,0,12,10,2,10
Q9H3Q1,4,4,0,1,1,3
Q8N8S7,6,6,0,3,3,3
Q9Y324,2,0,2,1,1,1
Q9P286,3,3,0,1,1,2
Q96RK0,12,12,0,6,6,6
Q969E4,3,3,0,2,2,1
Q9UBL6,3,3,0,0,0,3
Q9ULD9,5,5,0,2,2,3
Q9UBU7,6,6,0,3,3,3
Q9NP74,7,7,0,4,4,3
Q14145,8,0,8,7,1,7
Q96EZ8,3,3,0,1,1,2
O00478,9,0,9,7,2,7
Q96CX2,5,5,0,2,2,3
Q9Y3F4,2,2,0,1,1,1
Q92900,5,5,0,2,2,3
Q9Y2R4,4,4,0,1,1,3
Q9UHD8,4,4,0,3,3,1
Q9BQ39,2,2,0,2,2,0
Q9Y2D5,9,9,0,2,2,7
Q8WUB8,3,3,0,0,0,3
Q9UGK3,1,1,0,1,1,0
Q9Y4E6,4,4,0,0,0,4
Q96SB3,6,6,0,2,2,4
O94966,15,0,15,12,3,12
Q99741,4,4,0,1,1,3
Q9UN36,2,2,0,2,2,0
Q99733,3,3,0,0,0,3
Q8NHQ9,8,1,7,6,3,5
Q9GZZ9,12,2,10,9,5,7
Q9NUL3,3,3,0,0,0,3
Q96RL7,3,3,0,2,2,1
Q9UHI6,8,8,0,3,3,5
P51911,3,0,3,3,0,3
O15481,4,0,4,4,0,4
Q9BQE9,3,3,0,1,1,2
Q96RR4,2,2,0,0,0,2
Q9NYJ1,1,0,1,1,0,1
Q5BKX5,10,0,10,7,3,7
Q9H8Y8,2,2,0,1,1,1
Q9C005,1,0,1,1,0,1
Q9H4L7,8,8,0,4,4,4
Q92785,4,4,0,1,1,3
Q9BUZ4,1,1,0,0,0,1
Q8TF76,5,5,0,2,2,3
Q8N5T2,1,1,0,1,1,0
Q9UD71,11,2,9,5,6,5
Q9P2G1,3,3,0,2,2,1
Q8TCN5,3,3,0,1,1,2
Q8NFJ5,2,2,0,0,0,2
Q9BV38,15,0,15,12,3,12
Q9H426,6,2,4,3,3,3
Q9H910,8,8,0,5,5,3
Q96N67,6,6,0,5,5,1
Q9UPT8,7,7,0,3,3,4
Q9UJW8,1,1,0,0,0,1
Q96AD5,4,4,0,2,2,2
Q9P2B4,3,3,0,2,2,1
Q9P2D1,5,5,0,5,5,0
Q96DF8,3,3,0,2,2,1
Q9H3Z4,2,2,0,1,1,1
Q9UH99,2,2,0,1,1,1
Q96PY6,5,5,0,2,2,3
Q53H76,6,0,6,5,1,5
Q9UPN9,5,5,0,3,3,2
Q9GZP4,3,1,2,2,0,3
Q96SB4,4,4,0,1,1,3
Q8NH72,4,0,4,4,0,4
Q96Q42,3,3,0,3,3,0
O60729,14,0,14,11,3,11
Q9BQS8,9,9,0,2,2,7
Q9UDY2,20,20,0,10,10,10
Q9BTA9,5,5,0,0,0,5
Q8N4S0,4,4,0,4,4,0
Q9Y3S2,2,2,0,0,0,2
Q92817,8,8,0,5,5,3
Q9HCM2,3,3,0,1,1,2
Q96BD0,2,2,0,1,1,1
Q13449,6,0,6,6,0,6
Q9HC23,3,0,3,3,0,3
Q8TDJ6,4,4,0,2,2,2
Q9BQ67,4,4,0,2,2,2
Q6UWT4,2,0,2,2,0,2
P86434,4,0,4,2,2,2
Q96PD2,1,1,0,0,0,1
Q9UBS4,2,2,0,0,0,2
Q99942,1,0,1,1,0,1
Q99442,3,3,0,2,2,1
Q9P2R7,2,2,0,1,1,1
Q9Y3S1,5,5,0,1,1,4
Q9H8H3,2,0,2,2,0,2
Q9H3C7,1,1,0,0,0,1
Q9Y3P8,4,4,0,1,1,3
Q9UGY1,2,2,0,1,1,1
Q96BZ8,1,1,0,1,1,0
Q3ZCQ8,3,0,3,1,2,1
Q8N5C6,2,2,0,0,0,2
Q9P107,7,7,0,4,4,3
Q99684,2,2,0,1,1,1
Q14247,12,0,12,11,1,11
Q92598,4,4,0,0,0,4
Q9UPQ3,2,2,0,2,2,0
Q99615,1,1,0,0,0,1
Q9HCE3,7,7,0,5,5,2
Q96CV9,3,3,0,1,1,2
Q9Y2L8,9,0,9,8,1,8
Q92888,5,5,0,4,4,1
Q9Y519,8,0,8,7,1,7
Q6P9G0,4,0,4,4,0,4
Q96C36,1,1,0,1,1,0
P83916,1,0,1,0,1,0
Q9P0K8,3,3,0,2,2,1
Q969V6,3,3,0,2,2,1
Q8NFD5,9,9,0,5,5,4
Q9NTZ6,2,2,0,2,2,0
Q92793,13,13,0,7,7,6
Q9NXR1,3,3,0,3,3,0
Q8NBN3,1,1,0,1,1,0
Q96GE4,4,4,0,3,3,1
Q8NFH3,2,2,0,0,0,2
Q9BXW9,4,4,0,1,1,3
Q9UJV9,2,2,0,2,2,0
Q9Y2J2,8,8,0,6,6,2
Q9NRG9,3,3,0,0,0,3
Q96Q89,4,4,0,1,1,3
Q9BS86,7,0,7,5,2,5
Q96JP5,4,4,0,1,1,3
P0CJ92,10,0,10,7,3,7
O95057,4,0,4,3,1,3
Q8N3X1,6,6,0,3,3,3
Q96ED9,1,1,0,0,0,1
Q8WW12,4,4,0,2,2,2
Q8TAD8,3,3,0,3,3,0
Q9P2D0,8,8,0,3,3,5
Q06033,15,0,15,13,2,13
P48444,11,0,11,9,2,9
Q8WXA9,2,2,0,0,0,2
Q8NI35,3,3,0,2,2,1
Q4UJ75,9,0,9,8,1,8
Q9HCJ3,2,2,0,0,0,2
Q96RN5,3,3,0,2,2,1
P53384,8,0,8,8,0,8
Q9UPW0,5,5,0,2,2,3
Q9HCK5,1,1,0,0,0,1
Q9BUH6,1,1,0,1,1,0
Q9Y3Y2,2,2,0,1,1,1
Q9NXX6,5,5,0,5,5,0
Q9NRY4,7,7,0,1,1,6
A0PJZ3,7,0,7,5,2,5
Q92625,9,9,0,4,4,5
Q8N6Q8,15,0,15,14,1,14
Q96RE7,3,3,0,1,1,2
Q9NX40,4,4,0,1,1,3
Q8TAP8,1,1,0,1,1,0
Q86XU0,12,0,12,12,0,12
Q9H6U6,3,3,0,1,1,2
Q8WXK3,7,0,7,5,2,5
Q9UGK8,2,2,0,0,0,2
Q9Y478,3,3,0,1,1,2
Q9H1D0,7,0,7,3,4,3
Q96A19,6,6,0,1,1,5
Q9UJX2,1,1,0,0,0,1
Q9HCN4,2,2,0,0,0,2
Q9UKT9,4,4,0,1,1,3
Q8IU85,11,0,11,10,1,10
Q9BPU6,3,3,0,0,0,3
Q15907,3,0,3,3,0,3
Q15306,9,0,9,7,2,7
Q96DM3,1,1,0,0,0,1
Q9H9A7,4,4,0,2,2,2
Q02928,6,0,6,6,0,6
Q92993,2,2,0,0,0,2
Q9NQG7,1,1,0,1,1,0
Q3ZCT8,12,0,12,11,1,11
Q9NQS7,8,8,0,5,5,3
Q96AX9,4,4,0,2,2,2
Q8TAQ5,3,3,0,0,0,3
Q9NVW2,1,1,0,1,1,0
Q92805,4,4,0,1,1,3
O15524,3,0,3,3,0,3
Q9NQY0,1,1,0,1,1,0
Q9UNE0,2,2,0,0,0,2
Q9P2N5,5,5,0,2,2,3
Q9H6Z4,5,5,0,5,5,0
Q8NE71,4,4,0,3,3,1
Q9BRP8,3,3,0,1,1,2
Q9Y6S9,12,0,12,9,3,9
Q9BQ61,3,3,0,2,2,1
Q9H0E3,5,5,0,2,2,3
Q96K21,3,3,0,1,1,2
Q9NYT6,2,2,0,0,0,2
Q9H869,4,4,0,1,1,3
Q9H6R7,5,5,0,2,2,3
Q9UKL3,8,8,0,5,5,3
Q8WYH8,1,1,0,1,1,0
Q96KC8,3,3,0,2,2,1
Q99996,8,8,0,2,2,6
Q8N5A5,1,1,0,1,1,0
Q9P0V3,3,3,0,2,2,1
Q96NW4,2,2,0,0,0,2
Q8NCF5,8,8,0,2,2,6
Q9H9C1,5,5,0,1,1,4
Q9H3F6,1,1,0,0,0,1
Q9BR39,6,6,0,3,3,3
Q96A26,4,0,4,2,2,2
Q9UKS6,3,3,0,2,2,1
Q9UNS1,2,2,0,2,2,0
Q9NUQ3,2,2,0,0,0,2
Q96QF0,4,4,0,2,2,2
Q9BY44,3,3,0,1,1,2
Q8N554,2,2,0,2,2,0
Q9H2M9,3,3,0,0,0,3
Q9H093,3,3,0,2,2,1
Q9BRQ0,2,2,0,1,1,1
Q9NWW5,1,1,0,1,1,0
Q9BW71,10,10,0,9,9,1
Q5VUD6,4,0,4,4,0,4
Q96NA2,3,3,0,3,3,0
Q8N2G6,1,1,0,0,0,1
Q9NR20,5,0,5,4,1,4
Q9NW08,3,3,0,1,1,2
A8MZG2,5,0,5,4,1,4
Q13472,10,0,10,8,2,8
Q8N8L6,2,0,2,2,0,2
Q9HB09,1,1,0,0,0,1
Q9NVF7,4,4,0,4,4,0
Q9C0J8,4,4,0,2,2,2
P13994,3,3,0,2,2,1
Q9BR61,2,2,0,2,2,0
Q9H6T3,3,3,0,1,1,2
Q9UN19,2,2,0,0,0,2
A0A0U1RQF7,1,0,1,1,0,1
Q8N2Y8,5,5,0,3,3,2
Q9UGP4,5,5,0,1,1,4
Q92547,4,4,0,0,0,4
Q96PK6,10,10,0,4,4,6
Q9Y5B0,3,3,0,2,2,1
Q96I24,4,4,0,2,2,2
Q96NB3,2,2,0,2,2,0
Q96JY6,6,6,0,4,4,2
Q9H6K1,2,2,0,1,1,1
Q99460,3,3,0,1,1,2
Q8N7U7,13,0,13,10,3,10
Q8WXH0,11,11,0,10,10,1
Q8NFG4,3,3,0,1,1,2
Q9UH62,2,2,0,1,1,1
Q9BZ71,4,4,0,3,3,1
Q8NB16,1,1,0,0,0,1
Q9NQL2,1,1,0,0,0,1
Q9NSA2,10,0,10,6,4,6
Q96EY9,1,1,0,1,1,0
Q9UKS7,6,6,0,5,5,1
Q13445,4,0,4,4,0,4
Q9BUQ8,4,4,0,1,1,3
Q8TDD1,7,7,0,4,4,3
Q8IUH4,5,0,5,5,0,5
Q9UHR5,2,2,0,2,2,0
Q9UQN3,5,5,0,2,2,3
Q6IQ49,11,0,11,9,2,9
Q8N5C8,4,4,0,2,2,2
Q9BTE7,1,1,0,0,0,1
Q9H0E9,4,4,0,1,1,3
Q99576,1,1,0,1,1,0
Q8WXX5,2,2,0,0,0,2
Q92908,2,2,0,2,2,0
Q9H1K0,5,5,0,2,2,3
Q92995,2,2,0,2,2,0
Q9ULT8,8,8,0,3,3,5
Q9NUQ8,3,3,0,2,2,1
Q9Y256,3,0,3,3,0,3
Q9NW13,2,2,0,1,1,1
Q96QR8,1,1,0,0,0,1
Q8TF74,1,1,0,1,1,0
Q96L34,8,8,0,5,5,3
Q8WXF0,3,3,0,3,3,0
Q9H0K1,3,3,0,1,1,2
O75475,7,7,0,2,2,5
Q93052,5,5,0,0,0,5
Q9Y4F1,9,9,0,5,5,4
A0A096LNW5,6,0,6,6,0,6
Q96T60,1,1,0,1,1,0
Q9NXZ1,1,1,0,0,0,1
Q9BW85,2,2,0,1,1,1
Q8NC51,4,4,0,3,3,1
Q9BVG4,2,2,0,1,1,1
Q9NYU2,3,3,0,0,0,3
Q5T230,6,0,6,2,4,2
Q9H8E8,3,3,0,1,1,2
P42574,7,0,7,7,0,7
Q9UKY1,5,5,0,5,5,0
Q9UI10,3,3,0,2,2,1
Q8TAA9,1,1,0,0,0,1
Q9NQV6,1,1,0,1,1,0
Q8WWZ4,4,4,0,2,2,2
Q99547,1,1,0,1,1,0
Q9H944,2,0,2,2,0,2
Q96AG3,2,2,0,0,0,2
Q9H6F5,6,6,0,4,4,2
Q9NVU0,2,2,0,1,1,1
Q9Y5P6,3,0,3,2,1,2
P47755,4,0,4,4,0,4
Q9UBD0,9,0,9,8,1,8
Q9UIF9,7,7,0,5,5,2
Q9BU19,1,1,0,0,0,1
Q9NRF9,1,1,0,1,1,0
Q9NZM5,2,2,0,2,2,0
Q9UQQ2,3,3,0,2,2,1
Q8TF30,4,4,0,2,2,2
Q9BVG9,2,2,0,2,2,0
Q92945,5,5,0,2,2,3
Q9C0G0,2,2,0,0,0,2
Q9UHR4,10,10,0,5,5,5
Q8N3R9,2,2,0,0,0,2
Q93100,3,3,0,3,3,0
Q92609,6,6,0,3,3,3
Q6IBS0,5,0,5,5,0,5
Q8NBT2,1,1,0,0,0,1
Q9Y383,2,2,0,1,1,1
Q8NDT2,9,9,0,5,5,4
Q9H257,3,3,0,0,0,3
O75951,6,0,6,6,0,6
Q9BZ23,3,3,0,2,2,1
Q9BUR4,4,4,0,2,2,2
Q9BQL6,4,4,0,1,1,3
Q9NZZ3,2,2,0,1,1,1
A6NDL7,6,0,6,6,0,6
Q9UQB8,8,8,0,3,3,5
O60542,3,0,3,3,0,3
Q9UGV2,4,4,0,0,0,4
Q9H7E2,3,3,0,2,2,1
O95983,7,0,7,4,3,4
Q96LZ2,4,0,4,3,1,3
Q9BSQ5,4,4,0,3,3,1
Q92934,2,2,0,1,1,1
Q9Y2K6,4,4,0,2,2,2
Q9BPX7,1,1,0,1,1,0
Q9UNK0,3,0,3,3,0,3
Q9Y2H1,2,2,0,0,0,2
Q9HB21,3,3,0,0,0,3
Q9H9J4,4,4,0,3,3,1
Q9UGP5,2,2,0,1,1,1
P30086,1,0,1,1,0,1
Q9NX63,2,2,0,0,0,2
Q9BVC5,1,1,0,1,1,0
Q96CB8,2,2,0,1,1,1
Q96GA3,6,6,0,1,1,5
P04080,1,0,1,1,0,1
Q8IU54,1,0,1,1,0,1
Q9BX40,1,1,0,0,0,1
Q9BY84,2,2,0,0,0,2
Q9NPI1,2,2,0,1,1,1
Q9NPI6,9,9,0,4,4,5
Q92541,5,5,0,5,5,0
Q8NB49,1,1,0,0,0,1
Q9H1H9,7,7,0,5,5,2
Q8WTQ1,2,0,2,2,0,2
Q9UDT6,2,2,0,2,2,0
Q3LI70,1,0,1,1,0,1
Q9HD20,3,3,0,1,1,2
Q9NQT8,5,5,0,5,5,0
Q8NI77,2,2,0,2,2,0
Q6P4F2,3,0,3,3,0,3
Q8TB61,1,1,0,0,0,1
Q8TBZ0,2,2,0,0,0,2
Q96B45,1,1,0,0,0,1
Q9H4Z2,1,1,0,0,0,1
Q92890,4,4,0,2,2,2
Q9ULC8,3,3,0,1,1,2
Q9BZC7,4,4,0,1,1,3
Q9NZN8,4,4,0,1,1,3
Q99623,3,3,0,0,0,3
Q96AT1,1,1,0,0,0,1
Q8NI27,8,8,0,6,6,2
Q9HBX8,1,1,0,0,0,1
P13727,7,0,7,5,2,5
Q9Y5B9,5,5,0,2,2,3
Q96ST3,3,3,0,1,1,2
Q9HAZ1,1,1,0,1,1,0
Q9Y2D9,6,6,0,4,4,2
Q7Z4W1,7,0,7,7,0,7
P13686,5,0,5,4,1,4
Q8WWI5,1,1,0,1,1,0
Q9HCM4,3,3,0,0,0,3
Q9UG63,1,1,0,0,0,1
Q9BS34,2,2,0,1,1,1
Q9H6S3,6,6,0,5,5,1
Q8WU79,2,2,0,1,1,1
Q96JN8,2,2,0,0,0,2
Q9NP50,1,1,0,1,1,0
Q8NHV4,4,4,0,1,1,3
Q92954,2,2,0,2,2,0
Q99683,4,4,0,1,1,3
Q8NEY8,8,8,0,4,4,4
Q9NQ75,5,5,0,4,4,1
Q9Y5J1,3,3,0,0,0,3
Q8WXE1,3,3,0,1,1,2
Q9P0P0,1,1,0,0,0,1
Q99758,2,2,0,0,0,2
P19367,10,0,10,9,1,9
Q9HCU4,3,3,0,1,1,2
Q9BWT3,2,2,0,1,1,1
Q9UHN6,1,1,0,1,1,0
Q9H0C8,1,1,0,0,0,1
Q99956,3,3,0,1,1,2
Q12815,7,7,0,2,2,5
Q99704,2,2,0,0,0,2
A0A0B4J1V2,2,0,2,2,0,2
C9JDP6,1,0,1,1,0,1
P78414,11,0,11,10,1,10
Q8NH89,4,0,4,2,2,2
Q92620,3,3,0,2,2,1
Q9BXL6,2,2,0,1,1,1
Q9GZR1,3,3,0,1,1,2
Q96QD9,2,2,0,2,2,0
Q96E35,1,0,1,1,0,1
Q9H3M7,3,3,0,1,1,2
Q9H6Y2,2,2,0,1,1,1
Q8NHG8,2,2,0,1,1,1
Q96F24,1,1,0,0,0,1
Q96AE4,6,6,0,1,1,5
Q9H0B3,1,1,0,1,1,0
Q8WV28,2,2,0,1,1,1
Q9Y388,3,3,0,2,2,1
Q8N350,3,3,0,2,2,1
Q8TEV9,6,6,0,2,2,4
Q9BY14,6,0,6,6,0,6
Q96G46,1,1,0,1,1,0
Q9BZI7,4,4,0,2,2,2
Q96S55,1,1,0,1,1,0
Q8NGS6,4,0,4,4,0,4
Q9NVC6,2,2,0,1,1,1
Q8NC56,3,3,0,2,2,1
Q99613,3,3,0,0,0,3
Q9BWL3,1,1,0,0,0,1
Q92540,1,1,0,0,0,1
Q9H063,3,3,0,2,2,1
Q9H816,3,3,0,1,1,2
Q9H4I2,3,3,0,1,1,2
Q01105,4,0,4,3,1,3
Q96MG7,1,1,0,0,0,1
Q9P287,2,2,0,1,1,1
O15460,6,0,6,6,0,6
Q9BZD4,1,1,0,0,0,1
Q9BTL3,1,1,0,0,0,1
Q96BR1,2,2,0,0,0,2
Q8NEL9,2,2,0,1,1,1
Q99536,3,3,0,2,2,1
Q9UKM9,4,4,0,2,2,2
Q9P258,1,1,0,0,0,1
Q96F07,1,1,0,0,0,1
Q9H147,1,1,0,0,0,1
Q96RU2,2,2,0,2,2,0
Q9HAP2,3,3,0,2,2,1
Q96PE5,1,0,1,1,0,1
Q6TCH4,9,0,9,9,0,9
Q9NZ63,2,2,0,1,1,1
Q9BZK7,2,2,0,0,0,2
Q8NGS0,7,0,7,6,1,6
Q9BVW5,2,2,0,1,1,1
Q96FC9,1,1,0,0,0,1
Q9UET6,1,1,0,0,0,1
Q99871,1,1,0,0,0,1
Q9UIW2,2,2,0,1,1,1
Q8WTT2,4,4,0,1,1,3
Q96C57,2,2,0,0,0,2
Q8TF68,2,2,0,0,0,2
Q9H330,2,2,0,2,2,0
Q9UIU6,1,1,0,1,1,0
P09912,1,0,1,1,0,1
Q96GZ6,1,1,0,1,1,0
Q9HB20,4,4,0,2,2,2
Q9H992,4,4,0,4,4,0
Q9UK17,2,2,0,1,1,1
P39023,4,0,4,3,1,3
A0A2R8Y619,2,0,2,2,0,2
Q8NFW9,4,4,0,3,3,1
Q9NUA8,4,4,0,3,3,1
Q9UPW6,3,3,0,2,2,1
Q9UPN7,3,3,0,2,2,1
Q9BRH9,1,1,0,0,0,1
Q96RT7,4,4,0,0,0,4
Q9NZV8,1,1,0,1,1,0
Q9BYG3,2,2,0,1,1,1
Q9UHL9,2,2,0,2,2,0
Q9H8G2,3,3,0,0,0,3
Q6UWF9,4,0,4,3,1,3
Q9BUN8,1,1,0,0,0,1
Q9Y448,1,1,0,0,0,1
Q9H0L4,1,1,0,0,0,1
Q9BSJ8,2,2,0,2,2,0
Q9BXS5,3,3,0,0,0,3
Q9NPG3,5,5,0,1,1,4
Q9Y2K2,4,4,0,1,1,3
Q93034,2,2,0,0,0,2
Q9Y467,4,4,0,2,2,2
Q9HBH9,2,2,0,1,1,1
Q9P2K5,3,3,0,1,1,2
Q8WV44,2,2,0,1,1,1
Q9H8W4,2,2,0,2,2,0
Q9NSE4,1,1,0,1,1,0
Q9NPB6,2,2,0,1,1,1
Q9C0F1,2,2,0,1,1,1
Q9NZV1,1,1,0,0,0,1
Q9UBN7,3,3,0,2,2,1
Q8NFA0,5,5,0,4,4,1
Q9HBZ2,1,1,0,0,0,1
Q8TAE6,1,1,0,0,0,1
Q9Y333,1,1,0,0,0,1
Q9HAN9,1,1,0,0,0,1
Q29983,7,0,7,7,0,7
Q9BU02,1,1,0,0,0,1
Q9UPY3,3,3,0,2,2,1
Q9NQA5,2,2,0,1,1,1
Q9UBS0,1,1,0,1,1,0
Q8N688,1,0,1,1,0,1
Q8NDX5,2,2,0,0,0,2
Q92736,3,3,0,2,2,1
Q9H3U1,1,1,0,0,0,1
Q9BST9,2,2,0,2,2,0
Q92618,2,2,0,1,1,1
Q8WXG8,1,0,1,1,0,1
Q9H1C4,1,1,0,1,1,0
Q96AY2,1,1,0,0,0,1
Q9HDC5,3,3,0,2,2,1
Q96A00,4,4,0,4,4,0
Q96PN7,3,3,0,1,1,2
Q9NP31,1,1,0,1,1,0
Q9NVT9,2,2,0,1,1,1
Q9Y2W2,4,4,0,3,3,1
Q58FF3,6,0,6,6,0,6
A8MV57,2,0,2,2,0,2
Q8N3P4,1,1,0,0,0,1
Q9ULP0,6,0,6,5,1,5
Q9UJK0,1,1,0,1,1,0
Q8NC44,1,1,0,0,0,1
Q96IG2,2,2,0,0,0,2
Q8ND04,2,2,0,0,0,2
Q9BQI0,1,1,0,1,1,0
Q8N6R0,1,1,0,0,0,1
Q9UBB9,3,3,0,2,2,1
Q8TCG1,1,1,0,0,0,1
Q9H223,1,1,0,0,0,1
P17030,4,0,4,4,0,4
Q9BVS4,3,3,0,0,0,3
Q9BWX1,4,0,4,4,0,4
Q8NB46,3,3,0,1,1,2
O14653,3,0,3,3,0,3
Q9Y2U8,7,7,0,4,4,3
Q96EV2,4,4,0,3,3,1
O95177,5,0,5,4,1,4
Q3ZCQ3,2,0,2,2,0,2
Q96PY5,2,2,0,1,1,1
Q9H0F6,2,2,0,1,1,1
Q9NWB6,1,1,0,1,1,0
Q9NVZ3,1,1,0,0,0,1
Q9UKV5,5,5,0,3,3,2
Q9UNX4,2,2,0,1,1,1
Q8NDZ2,1,1,0,0,0,1
Q9Y463,4,4,0,1,1,3
Q96LC7,1,1,0,0,0,1
Q9BTT0,1,1,0,0,0,1
Q99719,3,3,0,2,2,1
Q9UPT6,1,1,0,1,1,0
A0A0U1RRK4,1,0,1,0,1,0
Q9H5V8,3,3,0,1,1,2
Q96T25,2,2,0,1,1,1
Q96LD4,1,1,0,1,1,0
Q9Y5A9,1,1,0,0,0,1
Q9HAQ2,3,3,0,1,1,2
Q96BD5,2,2,0,1,1,1
Q96NG3,1,1,0,1,1,0
Q9P2I0,2,2,0,2,2,0
A6NL05,2,0,2,0,2,0
Q9BSI4,1,1,0,1,1,0
Q96SB8,3,3,0,2,2,1
Q9NZW5,1,1,0,1,1,0
Q96A49,1,1,0,0,0,1
Q969S3,1,1,0,0,0,1
Q9H246,1,1,0,0,0,1
Q96AP0,2,2,0,1,1,1
Q8ND76,1,1,0,0,0,1
Q9HA47,1,1,0,1,1,0
Q9UBP8,2,0,2,1,1,1
Q9Y4K4,1,1,0,1,1,0
Q9UKL0,2,2,0,1,1,1
Q8ND30,1,1,0,1,1,0
Q8TAC9,1,0,1,1,0,1
Q9Y3B2,1,1,0,0,0,1
Q9BQ70,1,1,0,0,0,1
Q9NWZ3,2,2,0,0,0,2
Q96Q15,5,5,0,4,4,1
Q96AQ6,1,1,0,0,0,1
Q9NZM3,4,4,0,3,3,1
Q9BZF9,2,2,0,0,0,2
Q99848,3,3,0,0,0,3
Q9H609,1,1,0,0,0,1
Q9H4Z3,1,1,0,0,0,1
Q9UDY8,4,4,0,1,1,3
Q9BRN9,1,1,0,0,0,1
Q9P013,2,2,0,1,1,1
Q9H7M9,2,2,0,2,2,0
Q9Y4P8,1,1,0,1,1,0
Q9BUJ2,2,2,0,1,1,1
Q9UHX1,1,1,0,0,0,1
Q9BZV1,1,1,0,1,1,0
Q9UPT5,1,1,0,0,0,1
Q9BWG4,2,2,0,1,1,1
Q96SI1,1,1,0,0,0,1
Q8NAF0,3,3,0,1,1,2
Q92994,1,1,0,1,1,0
Q99614,3,3,0,0,0,3
Q9H773,1,1,0,1,1,0
Q92917,1,1,0,0,0,1
Q9NX74,1,1,0,0,0,1
Q9P253,1,1,0,0,0,1
Q9H9L4,2,2,0,1,1,1
Q16740,2,0,2,1,1,1
Q9H7D7,1,1,0,0,0,1
Q8N3Z6,1,1,0,0,0,1
O75342,2,0,2,2,0,2
Q96J02,1,1,0,1,1,0
Q9H813,1,1,0,1,1,0
Q9UBS8,2,2,0,1,1,1
Q9NZJ5,1,1,0,0,0,1
Q9Y5E3,1,1,0,0,0,1
Q8N5Y2,2,2,0,1,1,1
Q9HAF1,3,3,0,1,1,2
Q9H0A0,1,1,0,0,0,1
Q9NQ84,3,3,0,0,0,3
Q9ULV8,1,1,0,1,1,0
Q8WWK9,1,1,0,0,0,1
Q9BYT8,2,2,0,1,1,1
Q9BZZ5,1,1,0,0,0,1
Q9UBU6,5,5,0,3,3,2
Q9NY61,4,4,0,1,1,3
Q9UK33,2,0,2,1,1,1
Q92688,2,2,0,0,0,2
Q9H0G5,4,4,0,3,3,1
Q9H6X2,1,1,0,1,1,0
Q9BRG2,4,4,0,2,2,2
Q9BVT8,1,1,0,0,0,1
Q9UI47,2,2,0,1,1,1
Q99986,1,1,0,0,0,1
Q9BTK6,1,1,0,1,1,0
Q0VGL1,1,0,1,1,0,1
Q8NBF6,2,2,0,1,1,1
Q9P2K6,1,1,0,1,1,0
A8MSI8,2,0,2,1,1,1
Q9BRK3,1,1,0,0,0,1
Q92551,1,1,0,0,0,1
Q9H2U1,1,1,0,1,1,0
Q9H2F5,1,1,0,0,0,1
Q9NR33,1,1,0,1,1,0
Q9H9E3,2,2,0,0,0,2
Q9BY49,1,1,0,1,1,0
Q99717,2,2,0,0,0,2
Q96IV6,1,1,0,0,0,1
Q9Y2H0,2,2,0,1,1,1
Q9BXJ3,1,1,0,1,1,0
Q96RT8,2,2,0,1,1,1
Q9GZT6,1,1,0,0,0,1
Q8TAP9,1,1,0,1,1,0
Q9NP66,1,1,0,0,0,1
Q8N4V1,1,1,0,0,0,1
Q9H3N1,1,1,0,0,0,1
Q9GZR2,2,2,0,1,1,1
P04280,3,0,3,0,3,0
Q99459,6,6,0,1,1,5
Q9NUM4,1,1,0,1,1,0
Q9BYG5,1,1,0,0,0,1
Q99856,2,2,0,1,1,1
Q9BXW6,1,1,0,1,1,0
Q9NXH8,2,2,0,1,1,1
Q9UHK0,1,1,0,1,1,0
Q9BWF2,1,1,0,0,0,1
Q8TCS8,2,2,0,0,0,2
Q8TB52,1,1,0,0,0,1
Q9H2U2,1,1,0,0,0,1
Q9BUF5,2,2,0,0,0,2
Q96BJ3,2,2,0,2,2,0
Q8WY36,2,2,0,1,1,1
Q8WXA3,1,1,0,0,0,1
Q8TBB5,1,1,0,1,1,0
Q8WUM9,1,1,0,0,0,1
O75935,2,0,2,2,0,2
Q9NPH3,1,1,0,0,0,1
O14931,2,0,2,2,0,2
Q8TE77,2,2,0,0,0,2
Q969H4,1,1,0,1,1,0
Q9NRS6,1,1,0,1,1,0
Q96T51,2,2,0,0,0,2
Q96SN7,2,0,2,2,0,2
Q9H2V7,1,1,0,0,0,1
Q9UPV7,1,1,0,1,1,0
Q8N4S9,1,1,0,0,0,1
Q9GZM8,4,4,0,1,1,3
Q8NDX6,3,3,0,2,2,1
Q9Y2D8,2,2,0,1,1,1
Q96KP1,3,3,0,1,1,2
Q8N3A8,2,2,0,0,0,2
Q9H4M9,1,1,0,0,0,1
Q8WVS4,1,1,0,1,1,0
Q9BY15,2,2,0,2,2,0
Q8NFT8,1,1,0,0,0,1
Q9UJY5,1,1,0,0,0,1
Q8WZ73,1,1,0,1,1,0
Q8N6T7,1,1,0,1,1,0
Q9Y675,2,0,2,1,1,1
P0DM35,1,0,1,1,0,1
Q9NZC7,1,1,0,1,1,0
Q9BTE3,3,3,0,1,1,2
Q9GZR7,2,2,0,1,1,1
Q9H2G9,1,1,0,1,1,0
Q9Y217,2,2,0,0,0,2
Q9H211,1,1,0,1,1,0
Q99592,1,1,0,1,1,0
Q9UPZ9,1,1,0,0,0,1
Q9NS69,1,1,0,0,0,1
Q96EB6,1,1,0,0,0,1
P48788,2,0,2,0,2,0
Q9H4X1,3,3,0,3,3,0
Q9H0J9,2,2,0,1,1,1
Q9NQS1,2,2,0,1,1,1
Q92769,1,1,0,0,0,1
Q96D31,1,1,0,0,0,1
Q8NBP7,1,1,0,0,0,1
Q9NVU7,1,1,0,1,1,0
Q9H6H4,1,1,0,1,1,0
Q96JS3,1,1,0,0,0,1
Q9UPY5,1,1,0,1,1,0
Q99808,1,1,0,0,0,1
Q8N8E1,2,0,2,2,0,2
Q9HAS0,1,1,0,0,0,1
Q9Y4P1,1,1,0,0,0,1
Q5JXX7,1,0,1,1,0,1
Q8TBN0,1,1,0,0,0,1
Q9NQB0,1,1,0,0,0,1
Q96HE9,2,2,0,0,0,2
Q96EY1,1,1,0,0,0,1
Q8WUZ0,1,1,0,1,1,0
Q9Y5U8,1,0,1,1,0,1
Q9BUL5,1,1,0,1,1,0
Q99426,1,1,0,0,0,1
Q9NVX2,1,1,0,0,0,1
Q9NNX1,1,1,0,1,1,0
Q9NVM6,1,1,0,1,1,0
Q9NS73,1,1,0,0,0,1
Q99062,1,1,0,0,0,1
Q9HC98,1,1,0,1,1,0
Q9BPX5,1,1,0,0,0,1
Q9H9A6,1,1,0,0,0,1
Q96EV8,1,1,0,1,1,0
Q8N9U0,1,1,0,1,1,0
Q8NDD1,2,2,0,2,2,0
Q96IZ5,1,1,0,1,1,0
Q9BUT9,2,1,1,0,1,1
Q6FIF0,1,1,0,0,0,1
Q8WXF1,1,1,0,0,0,1
Q9H4A4,1,1,0,0,0,1
Q9P215,1,1,0,0,0,1
Q9C0E8,1,1,0,1,1,0
Q96C19,1,1,0,0,0,1
Q9H0H3,1,1,0,1,1,0
Q9BRZ2,1,1,0,1,1,0
Q9C026,1,1,0,1,1,0
Q969H0,1,1,0,1,1,0
Q9HD26,1,1,0,0,0,1
Q8N488,2,2,0,1,1,1
Q9UJN7,1,1,0,0,0,1
Q9UIK4,1,1,0,0,0,1
Q96PC3,1,0,1,0,1,0
Q99519,1,1,0,1,1,0
O60939,1,0,1,1,0,1
Q9NYY8,1,1,0,0,0,1
Q9H5I1,1,1,0,0,0,1
