,entry_count,positive_count,negative_count,correctly_guessed,positive_guess_count,negative_guess_count
A0A286YEV6,6,0,6,5,1,5
A0A3B3IT33,30,0,30,22,8,22
A6NFH5,14,3,11,6,11,3
A6NI73,30,0,30,17,13,17
A6NJR5,19,0,19,8,11,8
A6NL46,31,2,29,9,24,7
A6NNC1,143,1,142,63,79,64
A8MV72,27,1,26,8,20,7
A8MVM7,61,0,61,27,34,27
O00165,33,8,25,14,25,8
O43598,13,6,7,6,7,6
O43825,27,0,27,18,9,18
O43866,23,0,23,9,14,9
O95210,54,19,35,31,38,16
O95298,2,0,2,2,0,2
O95445,11,0,11,6,5,6
P01116,11,2,9,7,4,7
P03901,8,0,8,8,0,8
P04432,18,0,18,13,5,13
P07492,13,0,13,1,12,1
P0C7T7,29,0,29,8,21,8
P17081,7,1,6,4,4,3
P22304,45,0,45,25,20,25
P29972,22,1,21,18,3,19
P30793,17,2,15,10,7,10
P42224,60,12,48,35,27,33
P46821,449,155,294,222,306,143
P48739,10,1,9,3,8,2
P49716,17,3,14,8,12,5
P51149,12,4,8,7,5,7
P62760,9,0,9,4,5,4
Q0P6D6,54,5,49,30,29,25
Q12791,144,15,129,72,85,59
Q12918,30,0,30,17,13,17
Q14642,27,0,27,13,14,13
Q15019,18,5,13,11,8,10
Q15818,29,1,28,13,17,12
Q1RN00,20,0,20,11,9,11
Q2NL68,75,7,68,31,51,24
Q3SXY8,19,3,16,9,13,6
Q53H64,5,0,5,3,2,3
Q58FF8,31,5,26,19,13,18
Q5FYB1,35,0,35,19,16,19
Q5VUG0,63,4,59,29,38,25
Q5W150,9,0,9,5,4,5
Q5XG85,8,0,8,1,7,1
Q6JHZ5,10,0,10,5,5,5
Q6STE5,43,7,36,19,27,16
Q6ZS27,27,0,27,16,11,16
Q6ZS92,15,0,15,9,6,9
Q6ZSR6,19,0,19,14,5,14
Q6ZT98,80,0,80,30,50,30
Q6ZVT6,92,1,91,38,55,37
Q86VK4,61,0,61,29,32,29
Q86W54,15,0,15,6,9,6
Q86W74,14,0,14,8,6,8
Q8IUF8,38,6,32,17,23,15
Q8N814,10,0,10,4,6,4
Q8N976,14,0,14,7,7,7
Q8N9P0,19,0,19,5,14,5
Q8NDY8,17,0,17,10,7,10
Q8NGK5,21,0,21,18,3,18
Q8NGQ5,22,0,22,15,7,15
Q8TAI7,14,0,14,11,3,11
Q8TBE9,12,1,11,8,3,9
Q8TER0,104,0,104,69,35,69
Q96A70,33,1,32,22,12,21
Q96BN8,14,1,13,7,8,6
Q96C45,117,5,112,66,54,63
Q96DC9,16,0,16,14,2,14
Q96F07,78,3,75,45,36,42
Q96GS4,43,10,33,18,33,10
Q96HM7,21,0,21,12,9,12
Q96HQ2,8,0,8,4,4,4
Q96S07,27,0,27,10,17,10
Q99675,28,1,27,14,15,13
Q9BRT6,3,0,3,0,3,0
Q9BVW5,19,4,15,11,12,7
Q9BW04,116,35,81,54,89,27
Q9BYR6,5,0,5,5,0,5
Q9BZS9,3,1,2,2,0,3
Q9H0H0,95,0,95,63,32,63
Q9H0Q3,4,0,4,3,1,3
Q9H4I9,13,0,13,4,9,4
Q9H521,3,0,3,2,1,2
Q9H6L4,16,1,15,7,10,6
Q9HAT2,40,1,39,25,14,26
Q9NPF2,19,0,19,8,11,8
Q9NQA5,48,7,41,23,32,16
Q9NRR2,29,0,29,19,10,19
Q9NX02,68,4,64,49,17,51
Q9NX08,12,0,12,8,4,8
Q9NXK8,22,0,22,8,14,8
Q9NZT2,77,28,49,33,70,7
Q9UET6,24,2,22,10,16,8
Q9UKG1,90,20,70,52,56,34
Q9UMX1,41,6,35,24,23,18
Q9Y274,14,0,14,10,4,10
Q9Y5P0,22,0,22,20,2,20
Q9Y6G9,68,26,42,31,63,5
A0A1B0GUV8,6,0,6,3,3,3
A2RUT3,8,0,8,6,2,6
A3QJZ6,36,0,36,16,20,16
A6NDV4,30,0,30,21,9,21
A6NEQ0,69,0,69,17,52,17
B7ZW38,33,6,27,10,29,4
O14867,95,13,82,49,53,42
O15519,39,2,37,26,15,24
O43310,53,5,48,28,28,25
O43513,10,1,9,6,3,7
O43572,97,19,78,51,51,46
O60242,135,4,131,82,53,82
O75078,56,3,53,37,20,36
O75095,80,0,80,66,14,66
O75113,97,27,70,54,46,51
O75643,141,23,118,82,70,71
O94956,68,3,65,44,27,41
O95800,58,0,58,36,22,36
O95816,30,10,20,16,14,16
P01036,9,3,6,4,6,3
P02741,23,0,23,15,8,15
P07384,59,11,48,30,40,19
P0C0S8,2,0,2,1,1,1
P0DJD9,44,0,44,37,7,37
P0DOY3,14,0,14,6,8,6
P0DX04,2,0,2,2,0,2
P14210,40,1,39,25,14,26
P19013,63,7,56,30,40,23
P20338,15,3,12,9,9,6
P30039,17,0,17,11,6,11
P35452,16,0,16,7,9,7
P37088,68,3,65,44,25,43
P45880,32,9,23,18,19,13
P51970,6,1,5,4,3,3
P53007,14,2,12,9,7,7
P55055,38,2,36,19,21,17
P56282,38,1,37,25,14,24
P58005,31,0,31,15,16,15
P60509,36,0,36,21,15,21
Q02318,25,1,24,15,11,14
Q04724,95,17,78,54,52,43
Q07954,318,10,308,220,100,218
Q13129,214,26,188,123,89,125
Q13526,35,13,22,16,26,9
Q14573,195,20,175,108,101,94
Q14602,3,0,3,1,2,1
Q15349,55,7,48,23,37,18
Q17RN3,23,0,23,15,8,15
Q3MIT2,37,4,33,18,23,14
Q494V2,49,1,48,15,35,14
Q53GD3,47,0,47,40,7,40
Q5SWX8,37,0,37,25,12,25
Q5TEC6,5,0,5,0,5,0
Q5THK1,286,29,257,147,154,132
Q5TYX0,27,0,27,24,3,24
Q5VT40,16,0,16,7,9,7
Q5VU36,156,0,156,122,34,122
Q5VXJ0,23,0,23,13,10,13
Q6ISB3,65,10,55,37,34,31
Q6URK8,17,0,17,10,7,10
Q6UWV6,19,0,19,11,8,11
Q7L0R7,34,0,34,20,14,20
Q7RTV3,26,4,22,12,16,10
Q7Z4Q2,51,0,51,35,16,35
Q7Z7K2,48,0,48,24,24,24
Q86UT6,60,2,58,35,27,33
Q86VE3,91,0,91,43,48,43
Q86X10,170,30,140,96,100,70
Q8N3U4,101,16,85,52,65,36
Q8N465,32,0,32,17,15,17
Q8N4C8,132,36,96,63,101,31
Q8N7R7,37,10,27,17,30,7
Q8NDT2,127,40,87,56,109,18
Q8NFP7,10,2,8,6,6,4
Q8WTU2,23,0,23,16,7,16
Q8WUM9,80,15,65,53,42,38
Q8WXG9,506,8,498,290,214,292
Q92905,25,3,22,17,11,14
Q969M1,16,0,16,13,3,13
Q96CA5,20,2,18,12,10,10
Q96DZ9,14,0,14,12,2,12
Q96GL9,14,0,14,9,5,9
Q96LS8,17,0,17,2,15,2
Q9BQT9,73,1,72,42,32,41
Q9BR76,41,6,35,24,23,18
Q9BYV6,35,1,34,18,18,17
Q9H0I9,43,0,43,33,10,33
Q9H2C5,16,0,16,16,0,16
Q9H4L5,155,44,111,85,112,43
Q9HB40,33,0,33,23,10,23
Q9NXK6,30,0,30,27,3,27
Q9P104,23,1,22,12,12,11
Q9P1D8,2,0,2,1,1,1
Q9P241,124,5,119,73,54,70
Q9UDX3,22,0,22,9,13,9
Q9UL59,55,1,54,39,17,38
Q9UMX6,5,0,5,2,3,2
Q9WJR5,50,0,50,29,21,29
Q9Y233,53,3,50,39,17,36
A0A5A2,7,0,7,2,5,2
A0A6Q8PGS0,2,0,2,0,2,0
A6NCL1,35,0,35,17,18,17
A8MWY0,96,3,93,54,43,53
O00444,128,18,110,57,81,47
O14508,14,0,14,6,8,6
O14657,16,0,16,12,4,12
O15400,32,12,20,17,23,9
O43194,53,4,49,31,24,29
O43304,53,0,53,29,24,29
O75444,36,1,35,15,22,14
O95487,159,6,153,97,62,97
P03886,19,0,19,16,3,16
P06133,36,0,36,27,9,27
P08185,37,0,37,23,14,23
P08F94,373,1,372,232,142,231
P09417,22,3,19,10,13,9
P09543,27,6,21,13,16,11
P0DMC3,2,0,2,2,0,2
P0DV77,18,0,18,9,9,9
P10997,7,0,7,3,4,3
P14415,9,0,9,6,3,6
P19875,5,0,5,2,3,2
P22528,1,0,1,1,0,1
P22692,14,0,14,4,10,4
P24752,31,5,26,19,13,18
P25398,4,1,3,2,3,1
P35269,82,33,49,37,76,6
P35372,35,5,30,22,18,17
P42681,41,0,41,20,21,20
P50225,16,2,14,10,8,8
P51684,31,0,31,20,11,20
P51801,55,0,55,35,20,35
P53985,43,6,37,35,10,33
P59773,18,0,18,7,11,7
P59797,26,0,26,10,16,10
P62910,9,3,6,5,5,4
P78386,47,0,47,30,17,30
P98164,352,14,338,252,114,238
Q04118,18,1,17,12,7,11
Q06945,94,11,83,36,67,27
Q09MP3,112,3,109,62,53,59
Q13114,53,5,48,31,27,26
Q13115,45,5,40,27,23,22
Q14674,194,24,170,109,95,99
Q14766,125,7,118,84,48,77
Q14957,103,1,102,52,52,51
Q15035,16,1,15,11,6,10
Q15057,82,16,66,37,55,27
Q16671,40,1,39,25,16,24
Q3B7T1,136,4,132,66,74,62
Q3SXZ3,35,0,35,26,9,26
Q53FV1,10,0,10,8,2,8
Q5I0G3,30,0,30,17,13,17
Q5JTW2,67,7,60,32,42,25
Q5STR5,1,0,1,0,1,0
Q5T5C0,133,25,108,72,80,53
Q5T686,11,0,11,4,7,4
Q5T6J7,13,0,13,9,4,9
Q5T7W0,85,5,80,38,48,37
Q70EL2,87,0,87,35,52,35
Q71F56,262,32,230,149,127,135
Q7RTT3,9,0,9,1,8,1
Q86XM0,62,0,62,51,11,51
Q8IYI6,50,10,40,27,31,19
Q8IZC4,49,5,44,27,25,24
Q8N0Z3,103,27,76,51,77,26
Q8N2U0,7,0,7,4,3,4
Q8N608,71,4,67,39,36,35
Q8N806,39,10,29,19,18,21
Q8N8F6,31,1,30,25,7,24
Q8NAF0,41,10,31,23,28,13
Q8NCX0,64,1,63,25,40,24
Q8NGE9,19,0,19,16,3,16
Q8NGI6,22,0,22,20,2,20
Q8NGS7,27,0,27,23,4,23
Q8NH64,22,0,22,16,6,16
Q8WU76,47,2,45,32,17,30
Q8WXK1,27,0,27,18,9,18
Q92504,39,3,36,22,20,19
Q92995,67,7,60,35,39,28
Q93052,64,21,43,33,42,22
Q96CM8,38,5,33,18,17,21
Q96JB3,62,8,54,29,39,23
Q96MC9,26,0,26,14,12,14
Q96Q89,169,20,149,86,97,72
Q9GZU0,14,0,14,6,8,6
Q9H158,95,4,91,53,44,51
Q9HAQ2,68,8,60,27,49,19
Q9NQX0,53,1,52,31,23,30
Q9NRE2,150,12,138,64,90,60
Q9NRU3,77,6,71,37,44,33
Q9P0L9,51,0,51,26,25,26
Q9UBR1,19,0,19,12,7,12
Q9UH90,58,0,58,34,24,34
Q9UHV5,44,2,42,18,28,16
Q9ULE4,74,5,69,28,51,23
Q9UMW8,28,0,28,16,12,16
A0A0B4J1X8,12,0,12,5,7,5
A0A1W2PQ72,34,0,34,17,17,17
A5PLN9,32,0,32,22,10,22
A8MQ14,86,2,84,68,16,70
A8MVZ5,20,0,20,13,7,13
O00453,10,3,7,4,7,3
O00591,44,3,41,26,19,25
O00622,25,1,24,15,9,16
O14544,78,12,66,25,65,13
O14595,17,0,17,8,9,8
O14810,5,2,3,2,5,0
O15021,394,49,345,148,295,99
O15050,182,5,177,104,81,101
O15117,91,19,72,40,60,31
O15144,19,3,16,14,6,13
O15156,37,4,33,14,27,10
O15194,24,3,21,10,17,7
O15552,24,2,22,18,8,16
O43820,21,0,21,15,6,15
O43847,73,8,65,47,32,41
O75460,91,9,82,47,53,38
O75787,39,3,36,20,22,17
P05455,23,6,17,15,12,11
P05496,14,0,14,5,9,5
P08754,25,5,20,13,15,10
P15391,54,3,51,28,29,25
P16402,26,11,15,13,16,10
P22626,42,19,23,21,38,4
P29274,24,1,23,16,9,15
P30837,23,5,18,11,15,8
P42695,171,32,139,101,90,81
P50120,3,0,3,1,2,1
P78334,48,1,47,30,19,29
Q01538,147,17,130,58,104,43
Q07325,7,0,7,3,4,3
Q09327,25,0,25,16,9,16
Q13257,21,5,16,10,10,11
Q13371,28,8,20,16,18,10
Q13630,20,3,17,12,11,9
Q15544,18,3,15,9,12,6
Q16625,66,21,45,37,42,24
Q4G0X9,74,4,70,30,48,26
Q538Z0,4,0,4,3,1,3
Q56VL3,13,1,12,7,7,6
Q587J7,74,0,74,38,36,38
Q5T0D9,15,1,14,6,10,5
Q5TCM9,21,0,21,15,6,15
Q5VTY9,34,0,34,30,4,30
Q5VZR4,9,1,8,5,5,4
Q63HM9,18,0,18,13,5,13
Q6P3W7,83,10,73,54,27,56
Q6UWY2,19,0,19,13,6,13
Q6ZNH5,39,0,39,22,17,22
Q7Z434,98,28,70,52,66,32
Q86SQ0,233,72,161,112,183,50
Q86VZ5,19,0,19,11,8,11
Q86YH2,55,5,50,30,30,25
Q86YR6,46,1,45,26,19,27
Q8IU81,50,14,36,27,35,15
Q8IV33,113,2,111,74,41,72
Q8IVF6,53,1,52,23,31,22
Q8IZL2,137,11,126,59,85,52
Q8N1L9,31,2,29,15,18,13
Q8N336,17,0,17,13,4,13
Q8N5M4,8,1,7,4,3,5
Q8N5M9,17,1,16,13,3,14
Q8N9F0,10,0,10,6,4,6
Q8NC60,39,2,37,20,19,20
Q8NDX2,42,0,42,26,16,26
Q8NG85,24,0,24,21,3,21
Q8TAB5,21,0,21,6,15,6
Q8TAC1,10,1,9,5,6,4
Q8TBY0,36,2,34,19,19,17
Q96E52,38,2,36,25,15,23
Q96FT9,18,2,16,8,12,6
Q96HQ0,47,2,45,37,12,35
Q96IU4,15,2,13,10,3,12
Q96IX9,6,0,6,4,2,4
Q96L91,286,46,240,144,186,100
Q9BRQ0,35,6,29,17,22,13
Q9BRZ2,43,6,37,26,23,20
Q9BUL8,12,1,11,6,7,5
Q9BYR5,15,0,15,14,1,14
Q9H1M3,12,0,12,7,5,7
Q9H5I1,26,4,22,14,16,10
Q9HCX3,67,5,62,49,19,48
Q9NQ32,27,0,27,15,12,15
Q9NQF3,17,0,17,8,9,8
Q9NQI0,62,2,60,24,38,24
Q9NR99,280,12,268,149,131,149
Q9NRY6,13,2,11,7,8,5
Q9NRZ7,18,0,18,10,8,10
Q9NV35,7,0,7,1,6,1
Q9NY74,124,17,107,59,74,50
Q9NY87,9,0,9,2,7,2
Q9UBS3,25,4,21,14,13,12
Q9UQG0,46,0,46,23,23,23
Q9Y2Z4,31,3,28,21,11,20
A0A075B6H9,21,0,21,9,12,9
A0A096LPG2,1,0,1,1,0,1
A0A2R8Y4M4,8,0,8,5,3,5
A6NFA1,33,0,33,19,14,19
A8MUZ8,24,0,24,16,8,16
B0I1T2,55,5,50,30,28,27
O00253,3,0,3,2,1,2
O00566,69,21,48,36,48,21
O14905,30,0,30,17,13,17
O15528,29,0,29,17,12,17
O75093,100,0,100,62,38,62
O75534,58,13,45,33,30,28
O94875,177,40,137,79,132,45
O95455,22,0,22,14,8,14
O95868,9,0,9,6,3,6
P04216,22,3,19,14,9,13
P0C7N1,27,0,27,24,3,24
P0DN81,26,0,26,20,6,20
P0DPI3,17,0,17,9,8,9
P17031,56,3,53,35,24,32
P28039,54,4,50,30,28,26
P30085,14,3,11,6,11,3
P30301,19,3,16,14,6,13
P32247,41,0,41,32,9,32
P32302,25,2,23,14,13,12
P50151,2,0,2,0,2,0
P51687,37,1,36,24,14,23
P51811,42,5,37,25,22,20
P55773,10,0,10,9,1,9
P56278,4,0,4,3,1,3
P63172,10,1,9,5,6,4
P68366,35,14,21,18,23,12
P84243,11,5,6,6,10,1
Q00532,15,0,15,10,5,10
Q01851,33,2,31,22,13,20
Q01974,74,3,71,48,29,45
Q05195,35,7,28,11,29,6
Q05329,32,1,31,18,15,17
Q12802,407,88,319,205,246,161
Q13415,108,31,77,49,86,22
Q13938,27,3,24,10,20,7
Q14410,37,0,37,27,10,27
Q14831,58,3,55,36,23,35
Q16595,19,3,16,7,13,6
Q3KNW5,26,0,26,20,6,20
Q4G0A6,94,18,76,46,58,36
Q4ZHG4,228,22,206,74,172,56
Q5SY68,6,0,6,4,2,4
Q5T871,8,0,8,3,5,3
Q5VXU9,147,2,145,69,78,69
Q6PB30,6,0,6,1,5,1
Q6UX65,19,0,19,16,3,16
Q6ZS62,11,0,11,9,2,9
Q7L2K0,30,0,30,15,15,15
Q7L5A8,24,0,24,14,10,14
Q7Z478,110,14,96,56,66,44
Q86VZ2,38,0,38,22,16,22
Q86WH2,18,2,16,9,11,7
Q86WR6,21,0,21,6,15,6
Q8IXQ3,14,6,8,7,13,1
Q8N146,29,0,29,24,5,24
Q8N302,69,9,60,37,39,30
Q8N8E3,73,14,59,32,53,20
Q8TAS1,32,1,31,17,14,18
Q8TC21,37,0,37,31,6,31
Q96F63,25,7,18,13,19,6
Q96FQ7,9,1,8,3,7,2
Q96M32,37,3,34,20,16,21
Q96M94,42,1,41,30,11,31
Q96NJ3,47,0,47,36,11,36
Q96PZ7,341,2,339,206,137,204
Q96QH8,10,0,10,9,1,9
Q96R28,30,0,30,23,7,23
Q96T88,80,21,59,42,57,23
Q99437,14,0,14,12,2,12
Q99784,37,0,37,29,8,29
Q9BQ39,90,13,77,35,68,22
Q9BWS9,29,2,27,20,9,20
Q9BWU0,86,19,67,35,68,18
Q9BY41,23,1,22,11,13,10
Q9BY79,57,0,57,42,15,42
Q9H1K1,16,6,10,9,13,3
Q9H313,33,0,33,25,8,25
Q9HC78,98,16,82,52,46,52
Q9NSQ0,3,0,3,0,3,0
Q9NWH9,169,56,113,79,128,41
Q9NYZ2,25,0,25,15,10,15
Q9P203,117,10,107,56,69,48
Q9P2X8,9,0,9,5,4,5
Q9UHF5,14,0,14,8,6,8
Q9UL18,43,6,37,25,18,25
Q9UMR3,56,0,56,29,27,29
Q9UNK4,5,0,5,5,0,5
Q9Y3U8,5,1,4,2,4,1
Q9Y5H3,88,1,87,45,42,46
Q9Y6E2,23,2,21,15,10,13
Q9Y6E7,26,3,23,18,9,17
Q9Y6F6,106,11,95,38,79,27
Q9Y6Q9,213,35,178,112,134,79
A0A087WT01,10,0,10,6,4,6
A0A2U3TZM8,34,0,34,9,25,9
A0A6Q8PGZ7,2,0,2,2,0,2
A0FGR8,96,21,75,49,56,40
A9YTQ3,60,2,58,30,32,28
B2RXF0,23,0,23,17,6,17
C4AMC7,37,0,37,29,8,29
E2RYF7,19,0,19,8,11,8
O14817,11,0,11,9,2,9
O14901,51,5,46,30,26,25
O15537,20,3,17,16,3,17
O43529,14,0,14,8,6,8
O60756,5,0,5,3,2,3
O75971,9,0,9,4,5,4
O95049,93,0,93,20,73,20
O95644,134,28,106,65,91,43
P01730,41,4,37,23,22,19
P04198,47,8,39,15,40,7
P07204,32,0,32,18,14,18
P07305,21,5,16,9,15,6
P0C0S5,9,1,8,5,5,4
P0C7V9,15,1,14,10,6,9
P0DH78,6,0,6,4,2,4
P13798,69,7,62,41,31,38
P15289,28,0,28,18,10,18
P23434,15,3,12,7,11,4
P24390,12,0,12,11,1,11
P29371,35,0,35,18,17,18
P39748,39,12,27,20,25,14
P49207,9,2,7,4,7,2
P51689,33,0,33,20,13,20
P52564,29,6,23,14,11,18
P54845,16,1,15,7,10,6
P60484,29,8,21,18,13,16
P62310,2,0,2,1,1,1
Q02577,11,0,11,1,10,1
Q08AG7,4,0,4,3,1,3
Q13117,35,0,35,14,21,14
Q14344,23,1,22,14,10,13
Q14498,78,23,55,32,65,13
Q15435,30,8,22,20,18,12
Q16515,30,0,30,23,7,23
Q38SD2,158,2,156,88,72,86
Q496Y0,47,1,46,29,19,28
Q5BKY1,15,0,15,13,2,13
Q5GLZ8,67,3,64,39,31,36
Q5JXM2,31,0,31,14,17,14
Q5T0L3,31,0,31,13,18,13
Q6DN03,29,6,23,13,18,11
Q6P9F0,72,4,68,37,35,37
Q6UWI2,48,0,48,23,25,23
Q6UXV4,24,0,24,14,10,14
Q6ZR08,179,2,177,113,68,111
Q6ZWI9,19,0,19,15,4,15
Q7RTS1,12,0,12,3,9,3
Q86SK9,20,0,20,12,8,12
Q86WZ0,72,2,70,29,43,29
Q86YW7,2,0,2,1,1,1
Q8IZ40,51,13,38,21,39,12
Q8N4F4,42,0,42,31,11,31
Q8N4S9,49,11,38,22,34,15
Q8N5X7,15,0,15,12,3,12
Q8N9Z9,43,0,43,22,21,22
Q8NA61,44,10,34,12,42,2
Q8ND90,14,1,13,7,8,6
Q8NGI3,27,0,27,22,5,22
Q8NGL1,27,0,27,25,2,25
Q8NHP1,21,2,19,9,14,7
Q8TAE8,8,1,7,5,4,4
Q8TDG4,85,2,83,54,33,52
Q8WVN8,32,1,31,17,16,16
Q92569,28,2,26,20,10,18
Q92608,148,28,120,84,90,58
Q92963,16,3,13,9,8,8
Q96EY4,11,2,9,3,10,1
Q96KN4,18,2,16,9,11,7
Q96LC7,80,5,75,44,41,39
Q96MT7,122,1,121,60,63,59
Q96N67,235,42,193,132,139,96
Q96NW7,156,8,148,73,91,65
Q9BRP4,38,1,37,25,14,24
Q9BVV8,11,2,9,5,8,3
Q9BY15,66,3,63,43,26,40
Q9H115,16,0,16,10,6,10
Q9H6X4,24,3,21,12,13,11
Q9H9J4,175,34,141,81,126,49
Q9NPA3,20,7,13,10,11,9
Q9NPF5,33,9,24,14,28,5
Q9NPI6,92,26,66,44,70,22
Q9NVM1,14,4,10,7,11,3
Q9NX61,30,4,26,20,12,18
Q9UBC2,143,43,100,63,121,22
Q9UFH2,241,7,234,142,98,143
Q9UIB8,30,3,27,19,14,16
Q9ULZ1,3,0,3,2,1,2
Q9UM63,41,3,38,22,22,19
Q9UMQ6,53,0,53,26,27,26
Q9UNS2,30,3,27,22,11,19
Q9UPX8,206,27,179,81,150,56
Q9Y6B6,11,2,9,8,3,8
A0A0B4J2A2,9,0,9,2,7,2
A0A0J9YXV3,14,0,14,7,7,7
A0A1B0GVZ9,23,0,23,17,6,17
A0A286YF77,6,0,6,5,1,5
A0PJE2,18,0,18,8,10,8
A6NEH6,10,0,10,1,9,1
O14792,17,0,17,9,8,9
O75452,22,1,21,11,12,10
O75678,35,0,35,21,14,21
O75820,49,1,48,33,17,32
O95704,45,3,42,23,25,20
P04049,101,36,65,56,63,38
P04908,3,0,3,1,2,1
P0DMU8,16,0,16,10,6,10
P0DP01,13,0,13,9,4,9
P20963,8,3,5,4,5,3
P25440,104,20,84,34,82,22
P29597,82,8,74,39,45,37
P31949,12,6,6,6,8,4
P43268,39,3,36,17,25,14
P47944,1,0,1,1,0,1
P50443,67,6,61,51,20,47
P50539,30,1,29,9,22,8
P50851,316,60,256,180,156,160
P51460,4,0,4,2,2,2
P55285,55,2,53,29,26,29
P78406,33,2,31,21,14,19
Q06732,58,0,58,44,14,44
Q13838,26,8,18,14,14,12
Q15366,49,13,36,27,35,14
Q32P41,40,2,38,25,15,25
Q49AH0,9,0,9,4,5,4
Q5FWF6,28,0,28,19,9,19
Q5H8A4,85,1,84,55,31,54
Q5T8D3,65,17,48,34,42,23
Q5TA81,15,0,15,12,3,12
Q5VTE6,54,2,52,37,17,37
Q68D06,70,1,69,46,25,45
Q6NXN4,16,0,16,9,7,9
Q6ZNE9,37,0,37,17,20,17
Q7L8A9,30,3,27,16,17,13
Q7RTU4,18,0,18,3,15,3
Q7Z3D6,43,2,41,25,20,23
Q7Z3U7,141,0,141,82,59,82
Q86VD9,37,0,37,27,10,27
Q86WS3,10,0,10,7,3,7
Q8IVT2,96,39,57,46,81,15
Q8IYT4,39,0,39,21,18,21
Q8IZJ1,79,5,74,49,33,46
Q8N1N2,23,0,23,19,4,19
Q8N5Z5,21,0,21,11,10,11
Q8N9F7,14,0,14,8,6,8
Q8NBJ9,61,4,57,42,23,38
Q8NCT3,47,0,47,17,30,17
Q8NER5,32,0,32,23,9,23
Q8NGR3,25,1,24,18,6,19
Q8NGX2,27,2,25,20,5,22
Q8NHS3,36,1,35,21,14,22
Q8TB24,101,12,89,49,62,39
Q8TCY9,72,5,67,39,38,34
Q8TDY4,87,6,81,39,50,37
Q8WWB7,38,0,38,22,16,22
Q8WWU5,42,0,42,23,19,23
Q92870,85,16,69,38,63,22
Q969H9,12,0,12,8,4,8
Q96AQ7,18,0,18,8,10,8
Q96CS7,11,0,11,7,4,7
Q96DC7,31,0,31,22,9,22
Q96EG1,32,2,30,16,16,16
Q96LJ7,29,2,27,13,16,13
Q96MH6,7,0,7,5,2,5
Q9BQY9,31,3,28,9,25,6
Q9BT23,13,3,10,6,8,5
Q9BV87,39,0,39,27,12,27
Q9BZL4,81,23,58,36,64,17
Q9H093,69,11,58,29,51,18
Q9H0X4,59,2,57,33,28,31
Q9H0Z9,14,0,14,8,6,8
Q9H201,94,22,72,50,66,28
Q9HA77,42,1,41,17,24,18
Q9HCC6,18,1,17,5,12,6
Q9HCU4,251,16,235,148,115,136
Q9HD40,45,8,37,27,26,19
Q9NQS3,42,4,38,28,18,24
Q9NS68,43,2,41,25,20,23
Q9NS98,49,1,48,26,24,25
Q9NUJ3,45,9,36,19,33,12
Q9NYJ7,40,2,38,23,19,21
Q9P2E3,119,4,115,85,32,87
Q9UBS8,39,5,34,24,20,19
Q9UBX7,21,0,21,14,7,14
Q9UL19,15,1,14,9,7,8
Q9ULB4,51,3,48,32,20,31
Q9UN30,37,7,30,17,27,10
Q9UQ90,38,1,37,19,18,20
Q9Y4C8,88,16,72,39,61,27
Q9Y4F1,125,36,89,70,83,42
Q9Y4G2,114,13,101,63,60,54
A0A0G2JMI3,7,0,7,5,2,5
A0A0J9YX57,52,0,52,8,44,8
A0A1W2PPE2,14,0,14,6,8,6
A0A590UJ96,87,0,87,30,57,30
A0A8V8TLY5,11,0,11,8,3,8
A6NHM9,32,0,32,23,9,23
A6NKC9,42,0,42,11,31,11
O00469,31,1,30,16,16,15
O00471,40,1,39,30,11,29
O14862,17,1,16,6,12,5
O15173,19,4,15,9,14,5
O15305,12,3,9,6,9,3
O43189,63,5,58,33,35,28
O94905,21,2,19,11,12,9
O95156,20,0,20,11,9,11
O95274,27,1,26,16,12,15
O95620,16,0,16,8,8,8
O95936,76,7,69,36,47,29
P01011,32,3,29,16,19,13
P03999,25,0,25,21,4,21
P05091,27,5,22,13,15,12
P05386,8,3,5,4,5,3
P0DV74,43,0,43,26,17,26
P16591,68,9,59,39,30,38
P16860,15,0,15,5,10,5
P17516,20,5,15,10,15,5
P18433,64,7,57,38,29,35
P19388,5,0,5,1,4,1
P19622,32,4,28,9,27,5
P26371,38,0,38,38,0,38
P28330,31,3,28,18,16,15
P28472,32,2,30,17,17,15
P34903,36,3,33,20,19,17
P48067,50,2,48,36,16,34
P49407,19,3,16,12,10,9
P50591,28,1,27,12,17,11
P56715,248,6,242,111,141,107
P60660,6,3,3,3,4,2
P61513,10,4,6,6,4,6
P62502,9,0,9,6,3,6
P62834,10,2,8,6,6,4
Q00LT1,3,0,3,0,3,0
Q01831,106,31,75,44,83,23
Q07890,121,13,108,57,75,46
Q13888,31,1,30,21,11,20
Q13946,52,5,47,26,31,21
Q147U1,43,2,41,25,20,23
Q15327,8,0,8,6,2,6
Q330K2,18,0,18,12,6,12
Q5I0X7,8,0,8,4,4,4
Q5JR12,43,7,36,23,25,18
Q5T3U5,99,5,94,69,27,72
Q5T764,17,0,17,10,7,10
Q5T9L3,26,2,24,17,11,15
Q5VTL8,90,28,62,32,86,4
Q5VW22,79,0,79,37,42,37
Q6P2C8,28,3,25,18,9,19
Q6UXQ4,5,0,5,1,4,1
Q7LGA3,14,0,14,8,6,8
Q7Z5K2,147,36,111,71,104,43
Q86TX2,16,2,14,7,11,5
Q86VY9,69,8,61,35,40,29
Q8IX01,131,34,97,61,100,31
Q8IXZ3,100,9,91,40,63,37
Q8N3C7,88,12,76,43,53,35
Q8NAG6,37,1,36,20,16,21
Q8NGI2,19,0,19,14,5,14
Q8NGJ4,17,0,17,14,3,14
Q8TCD1,3,0,3,2,1,2
Q8TDJ6,329,26,303,187,166,163
Q8WVC0,124,48,76,51,119,5
Q8WXK4,19,0,19,14,5,14
Q92945,48,18,30,24,42,6
Q96C11,35,0,35,26,9,26
Q96J66,115,5,110,71,43,72
Q96K80,31,2,29,14,19,12
Q96PS8,13,0,13,10,3,10
Q96QE3,246,45,201,123,148,98
Q96T17,65,14,51,20,59,6
Q9BYQ8,28,0,28,28,0,28
Q9GZU7,17,0,17,7,10,7
Q9H2K0,15,0,15,6,9,6
Q9H720,55,0,55,38,17,38
Q9H867,13,0,13,6,7,6
Q9NRQ2,15,1,14,7,7,8
Q9P2D3,191,10,181,113,86,105
Q9UBP0,62,16,46,28,48,14
Q9UH36,22,0,22,12,10,12
Q9UHY1,49,7,42,23,33,16
Q9UJV8,26,3,23,14,13,13
Q9UJX0,38,1,37,20,19,19
Q9UKL2,18,0,18,14,4,14
Q9UL25,13,2,11,6,7,6
Q9ULH4,78,3,75,34,47,31
Q9UQ84,122,24,98,50,92,30
Q9Y294,23,7,16,14,10,13
Q9Y421,2,0,2,1,1,1
Q9Y442,21,0,21,13,8,13
Q9Y5I1,84,2,82,43,43,41
Q9Y698,42,4,38,17,29,13
A0A1B0GUI7,8,0,8,2,6,2
A0A3B3IRS2,14,0,14,14,0,14
A5D6W6,13,0,13,9,4,9
A6NCF6,29,0,29,11,18,11
A6NH00,23,0,23,21,2,21
B0FP48,21,0,21,11,10,11
C9JH25,97,2,95,44,55,42
C9JI98,12,2,10,6,8,4
D6RGX4,44,0,44,22,22,22
O00329,68,2,66,47,23,45
O14958,21,4,17,13,10,11
O15014,257,66,191,113,190,67
O15417,400,73,327,152,317,83
O15541,31,11,20,15,21,10
O43709,23,3,20,16,10,13
O75648,19,0,19,9,10,9
O94929,117,37,80,63,73,44
O95363,26,0,26,19,7,19
O95926,10,2,8,7,5,5
P02790,31,0,31,21,10,21
P09681,12,0,12,5,7,5
P0CW18,33,0,33,19,14,19
P14618,61,35,26,35,41,20
P15407,36,9,27,19,24,12
P19971,28,1,27,15,14,14
P20742,132,1,131,81,52,80
P23919,16,2,14,7,11,5
P26436,37,0,37,21,16,21
P34096,7,0,7,3,4,3
P42566,127,34,93,69,74,53
P49589,50,5,45,26,27,23
P50995,41,8,33,21,28,13
P52298,13,4,9,7,10,3
P54257,43,0,43,14,29,14
P54819,22,9,13,11,20,2
P56277,4,0,4,3,1,3
P61129,127,7,120,46,88,39
P62314,7,2,5,4,3,4
P86481,8,0,8,4,4,4
Q05940,40,1,39,31,10,30
Q075Z2,8,0,8,7,1,7
Q08AI8,32,1,31,16,17,15
Q13495,114,4,110,67,51,63
Q14584,57,2,55,36,23,34
Q14966,291,76,215,150,179,112
Q15080,26,3,23,12,15,11
Q15139,106,29,77,54,59,47
Q15560,27,7,20,12,22,5
Q15758,38,6,32,23,15,23
Q15904,42,1,41,29,12,30
Q3V5L5,46,0,46,26,20,26
Q53EZ4,39,11,28,16,30,9
Q5JTN6,35,0,35,17,18,17
Q5W111,8,0,8,6,2,6
Q68CL5,34,3,31,19,14,20
Q6NUS6,62,0,62,40,22,40
Q6P3S1,70,0,70,38,32,38
Q6ZN11,28,1,27,16,11,17
Q6ZQQ6,201,5,196,96,104,97
Q6ZRV3,16,0,16,10,6,10
Q6ZRY4,14,2,12,8,6,8
Q6ZUB0,122,0,122,69,53,69
Q7RTY5,26,0,26,19,7,19
Q8IUC4,62,12,50,36,38,24
Q8N3Y3,34,1,33,20,15,19
Q8N485,28,0,28,18,10,18
Q8N4P3,3,0,3,1,2,1
Q8N6M0,11,0,11,5,6,5
Q8N8Z8,50,0,50,36,14,36
Q8NB50,94,7,87,55,34,60
Q8TAG5,25,1,24,12,14,11
Q8TBG9,32,0,32,18,14,18
Q8TD26,251,38,213,121,136,115
Q8WTQ4,15,0,15,4,11,4
Q92845,37,2,35,20,19,18
Q96M98,14,0,14,8,6,8
Q96NR8,25,2,23,13,12,13
Q96QE2,58,9,49,37,28,30
Q96SB4,60,12,48,34,38,22
Q9BSH3,18,0,18,8,10,8
Q9BSU1,33,4,29,19,18,15
Q9BXU9,17,0,17,7,10,7
Q9BYR2,22,0,22,22,0,22
Q9H1B5,58,0,58,33,25,33
Q9H8W4,28,9,19,15,20,8
Q9HBT6,61,2,59,39,20,41
Q9HCM3,272,16,256,149,129,143
Q9NRS6,22,5,17,10,17,5
Q9NS86,21,0,21,13,8,13
Q9NXL6,71,0,71,44,27,44
Q9P055,20,0,20,16,4,16
Q9UHB6,156,63,93,75,134,22
Q9UI36,111,1,110,48,64,47
Q9UKV0,96,8,88,41,61,35
Q9UN75,92,5,87,56,35,57
Q9Y284,12,0,12,8,4,8
Q9Y2B2,19,0,19,15,4,15
Q9Y5H2,87,0,87,51,36,51
Q9Y5H7,85,4,81,49,40,45
A0A0J9YWL9,106,0,106,38,68,38
B3EWG6,1,0,1,1,0,1
O00161,15,7,8,8,6,9
O43187,58,2,56,31,29,29
O43247,32,0,32,5,27,5
O43526,94,9,85,42,61,33
O43752,24,4,20,16,12,12
O75179,332,61,271,151,226,106
O75445,481,2,479,296,187,294
O94916,235,23,212,131,125,110
P01135,9,0,9,6,3,6
P01614,16,0,16,10,6,10
P02766,13,1,12,7,7,6
P05231,15,1,14,9,7,8
P09603,69,5,64,34,40,29
P0CE71,8,0,8,5,3,5
P0DJH9,17,0,17,11,6,11
P14316,49,9,40,23,33,16
P20701,101,3,98,65,39,62
P20749,47,8,39,18,35,12
P23763,6,1,5,2,5,1
P26599,62,16,46,33,45,17
P28702,42,0,42,15,27,15
P30414,368,77,291,101,322,46
P30419,30,6,24,16,18,12
P30511,14,0,14,8,6,8
P30566,35,6,29,18,21,14
P35222,63,21,42,36,30,33
P35243,9,1,8,7,3,6
P42765,32,5,27,19,12,20
P49247,22,3,19,12,13,9
P54277,91,4,87,52,43,48
P62244,5,0,5,2,3,2
P82980,4,0,4,0,4,0
Q00577,27,9,18,12,16,11
Q01973,95,4,91,55,44,51
Q13242,25,10,15,10,23,2
Q13613,67,11,56,34,40,27
Q3MIV0,2,0,2,2,0,2
Q53G44,35,0,35,22,13,22
Q53GA4,15,4,11,6,9,6
Q5SSG8,170,2,168,126,46,124
Q5SZJ8,30,0,30,8,22,8
Q5T2Q4,26,0,26,15,11,15
Q5T7P8,44,3,41,20,27,17
Q5T7R7,25,0,25,14,11,14
Q5TEJ8,53,5,48,31,23,30
Q5UE93,53,3,50,29,27,26
Q5VZ52,3,0,3,1,2,1
Q5XKE5,54,9,45,27,36,18
Q659A1,125,19,106,71,63,62
Q6PL45,14,0,14,8,6,8
Q7Z4T8,29,0,29,21,8,21
Q86VF5,20,0,20,13,7,13
Q86WR7,63,18,45,24,57,6
Q86YV5,209,28,181,96,141,68
Q86Z14,75,0,75,45,30,45
Q8IWU9,38,4,34,14,28,10
Q8IY84,31,0,31,14,17,14
Q8N4C7,19,0,19,5,14,5
Q8N539,34,0,34,16,18,16
Q8N684,81,28,53,35,70,11
Q8NBT3,37,1,36,17,19,18
Q8NC54,31,2,29,14,17,14
Q8NCI6,41,0,41,23,18,23
Q8NEV1,22,0,22,10,12,10
Q8NGJ7,27,0,27,24,3,24
Q8NHU0,16,0,16,10,6,10
Q8NI99,27,0,27,13,14,13
Q8TC27,83,5,78,49,37,46
Q8TE67,52,4,48,20,34,18
Q8WU66,50,1,49,34,17,33
Q8WWI1,304,110,194,154,252,52
Q92979,18,2,16,12,6,12
Q93084,69,9,60,42,34,35
Q96AT9,11,0,11,8,3,8
Q96CM4,6,0,6,2,4,2
Q96EP9,29,1,28,24,4,25
Q96JF6,67,1,66,38,30,37
Q96JN0,80,14,66,35,57,23
Q99442,32,10,22,14,28,4
Q9BPW4,21,0,21,11,10,11
Q9BTC0,292,80,212,132,224,68
Q9BUR5,17,1,16,9,9,8
Q9BV86,13,1,12,7,7,6
Q9C0I3,142,11,131,60,91,51
Q9GZN7,16,1,15,9,8,8
Q9H2E6,111,11,100,57,61,50
Q9H6T3,56,12,44,21,47,9
Q9HCL3,29,2,27,18,11,18
Q9NY15,175,2,173,117,58,117
Q9NYL9,20,5,15,12,11,9
Q9NZJ6,27,0,27,21,6,21
Q9P2D0,160,24,136,103,81,79
Q9UHC7,44,3,41,24,19,25
Q9UNF1,76,21,55,42,55,21
Q9UNQ0,60,8,52,37,21,39
Q9Y210,74,6,68,41,39,35
Q9Y6H8,29,1,28,11,19,10
Q9Y6L7,78,3,75,43,34,44
A0A075B6N4,9,0,9,5,4,5
A0A075B6T7,6,0,6,3,3,3
A1A580,11,0,11,9,2,9
A4D256,22,0,22,15,7,15
A5D8W1,61,2,59,34,27,34
A6NM03,24,2,22,15,7,17
O00411,71,2,69,39,34,37
O00458,38,4,34,20,22,16
O14929,21,4,17,12,9,12
O15056,137,20,117,69,78,59
O15079,58,4,54,18,44,14
O43155,57,0,57,35,22,35
O43307,24,1,23,13,12,12
O43555,8,0,8,4,4,4
O75953,17,0,17,8,9,8
O76096,8,0,8,5,3,5
O94911,127,2,125,80,49,78
O95785,152,32,120,80,96,56
P06729,23,0,23,15,8,15
P0DKB6,10,0,10,4,6,4
P13929,33,12,21,17,26,7
P16615,85,20,65,53,36,49
P25208,14,0,14,6,8,6
P27824,30,7,23,16,15,15
P29992,19,1,18,11,9,10
P35212,22,0,22,16,6,16
P49821,25,1,24,9,17,8
P49961,34,0,34,25,9,25
P50053,24,1,23,16,9,15
P51693,42,0,42,20,22,20
P54764,76,2,74,45,31,45
P59020,11,0,11,1,10,1
P59190,11,0,11,7,4,7
P62316,8,2,6,4,6,2
P62736,36,12,24,21,27,9
P80075,5,0,5,1,4,1
Q03923,39,2,37,28,13,26
Q06055,20,0,20,9,11,9
Q0WX57,40,0,40,34,6,34
Q13151,39,12,27,17,34,5
Q14315,211,46,165,104,141,70
Q14839,168,53,115,84,109,59
Q15121,17,6,11,9,12,5
Q15238,27,1,26,14,14,13
Q15661,11,0,11,10,1,10
Q2YD98,52,10,42,25,37,15
Q3LI73,5,0,5,5,0,5
Q50LG9,26,0,26,18,8,18
Q5TC79,64,14,50,33,45,19
Q5VZB9,65,2,63,25,42,23
Q60I27,56,1,55,32,25,31
Q6NV75,58,2,56,22,38,20
Q6UYE1,15,0,15,5,10,5
Q6ZVN8,36,0,36,19,17,19
Q6ZWE6,68,6,62,45,29,39
Q75T13,82,0,82,59,23,59
Q7KZI7,137,52,85,64,101,36
Q7Z407,363,0,363,235,128,235
Q7Z6G3,26,0,26,15,11,15
Q86V20,91,2,89,52,41,50
Q86X27,81,15,66,42,48,33
Q86Z20,44,3,41,21,26,18
Q8IVW4,42,0,42,16,26,16
Q8N2H4,11,0,11,9,2,9
Q8NFD5,288,27,261,142,171,117
Q8NGU1,23,0,23,22,1,22
Q8TAE7,30,0,30,18,12,18
Q8TBZ0,87,5,82,49,41,46
Q8TF01,154,40,114,52,142,12
Q96FF7,15,0,15,3,12,3
Q96GM5,27,1,26,10,18,9
Q96HI0,80,11,69,41,44,36
Q96MK3,41,1,40,20,22,19
Q96PG2,20,0,20,16,4,16
Q96SZ5,15,1,14,7,7,8
Q99424,43,1,42,28,16,27
Q9BRA2,5,1,4,3,3,2
Q9BV40,5,2,3,3,2,3
Q9BW61,11,3,8,5,7,4
Q9BY42,33,9,24,15,23,10
Q9H469,13,0,13,8,5,8
Q9H8M1,19,1,18,10,10,9
Q9HAF1,26,6,20,10,20,6
Q9HCI6,58,2,56,29,29,29
Q9HCU9,24,2,22,5,21,3
Q9NRY2,9,1,8,5,5,4
Q9NSD7,38,1,37,24,13,25
Q9NSK0,60,16,44,29,47,13
Q9NSU2,32,8,24,14,26,6
Q9NSY0,32,4,28,18,16,16
Q9NSY1,147,42,105,78,105,42
Q9NUZ1,28,2,26,16,12,16
Q9NVX2,52,5,47,22,35,17
Q9P2N7,44,3,41,22,25,19
Q9UBQ0,7,0,7,5,2,5
Q9UI42,37,0,37,18,19,18
Q9UJW2,34,0,34,23,11,23
Q9ULW3,19,6,13,10,13,6
Q9Y2B1,25,2,23,18,9,16
Q9Y2K3,115,5,110,51,67,48
A4D2B8,36,3,33,20,17,19
A6H8M9,64,0,64,44,20,44
A8MT70,92,2,90,41,53,39
A8MUM7,9,0,9,8,1,8
D6RBQ6,39,0,39,33,6,33
O00321,33,1,32,19,15,18
O00567,90,30,60,47,61,29
O14639,109,39,70,58,74,35
O15533,34,1,33,17,18,16
O43548,63,1,62,27,37,26
O60282,64,7,57,29,42,22
O75056,30,1,29,15,16,14
O75069,80,10,70,32,58,22
O76031,56,10,46,24,42,14
O94888,51,14,37,27,34,17
O95436,48,0,48,37,11,37
P00491,15,4,11,11,6,9
P00519,163,44,119,73,104,59
P01593,15,0,15,11,4,11
P01737,12,0,12,9,3,9
P07476,7,2,5,5,4,3
P08254,26,0,26,15,11,15
P0C875,23,0,23,11,12,11
P0CI00,24,0,24,14,10,14
P10070,215,31,184,100,144,71
P10082,4,1,3,2,3,1
P15923,115,22,93,59,60,55
P18440,18,1,17,12,7,11
P19838,77,17,60,40,42,35
P20155,5,0,5,4,1,4
P30049,9,0,9,4,5,4
P34932,94,33,61,47,60,34
P40227,29,5,24,19,13,16
P40937,21,2,19,14,9,12
P41159,16,0,16,10,6,10
P52798,19,0,19,10,9,10
P55957,18,4,14,9,11,7
P78415,45,6,39,14,37,8
Q01954,117,4,113,63,58,59
Q04837,13,4,9,7,6,7
Q10713,37,1,36,19,19,18
Q16143,7,2,5,4,5,2
Q16394,64,2,62,42,22,42
Q3BBV2,85,4,81,56,33,52
Q53S33,2,0,2,2,0,2
Q68D91,21,0,21,12,9,12
Q6IPU0,26,1,25,18,7,19
Q6NZ67,22,9,13,10,15,7
Q6UXB8,39,0,39,14,25,14
Q6UXP3,13,0,13,8,5,8
Q6ZTR5,239,0,239,141,98,141
Q6ZV89,34,4,30,18,20,14
Q86XH1,32,1,31,18,15,17
Q86XK2,45,0,45,26,19,26
Q8IWV7,124,6,118,89,39,85
Q8IZD4,69,17,52,36,48,21
Q8IZI9,8,1,7,6,1,7
Q8N128,18,3,15,11,8,10
Q8N335,12,0,12,9,3,9
Q8N4L1,41,1,40,15,27,14
Q8N5S9,46,12,34,26,30,16
Q8N6R0,43,4,39,25,20,23
Q8NGT7,23,0,23,17,6,17
Q8NH49,22,0,22,17,5,17
Q8TCS8,59,6,53,29,36,23
Q8TEB1,48,3,45,32,19,29
Q8WVE0,9,0,9,8,1,8
Q8WVL7,12,1,11,8,5,7
Q8WWP7,19,2,17,10,9,10
Q92888,79,15,64,32,60,19
Q96G97,43,3,40,20,24,19
Q96IX5,2,0,2,1,1,1
Q96LM9,17,0,17,6,11,6
Q96MX6,20,0,20,12,8,12
Q96P44,50,0,50,23,27,23
Q96QU4,35,0,35,10,25,10
Q96RT1,217,67,150,111,157,60
Q96S90,30,11,19,14,27,3
Q99440,6,0,6,5,1,5
Q9BQP7,32,2,30,12,20,12
Q9BR61,24,7,17,12,15,9
Q9BUA6,13,0,13,7,6,7
Q9BXP2,65,1,64,40,26,39
Q9BYQ3,16,0,16,16,0,16
Q9H8J5,51,0,51,30,21,30
Q9HBF5,2,0,2,1,1,1
Q9HBH9,46,10,36,25,31,15
Q9HCM9,28,0,28,13,15,13
Q9NP50,30,4,26,15,19,11
Q9NPI9,28,0,28,16,12,16
Q9NRX3,4,0,4,2,2,2
Q9NUV7,29,0,29,18,11,18
Q9NUV9,18,3,15,5,10,8
Q9NV23,18,0,18,12,6,12
Q9UBS9,165,10,155,74,99,66
Q9UGU0,319,72,247,153,234,85
Q9UHB9,44,7,37,22,29,15
Q9Y244,19,5,14,11,9,10
Q9Y276,30,3,27,21,6,24
Q9Y6W3,64,4,60,35,31,33
A0A087X0M5,6,0,6,4,2,4
A0A096LP49,116,0,116,47,69,47
A0A0K0K1C4,6,0,6,3,3,3
A0A1W2PP97,4,0,4,3,1,3
A2RUR9,115,4,111,62,57,58
A2VDJ0,180,8,172,108,80,100
A6NE02,30,0,30,17,13,17
A6NGB9,52,10,42,19,43,9
A6NIE6,25,0,25,15,10,15
A8MUK1,40,0,40,33,7,33
A8MUP6,26,0,26,19,7,19
O00222,65,1,64,44,22,43
O00507,176,7,169,95,86,90
O14545,71,23,48,39,47,24
O15198,48,3,45,24,23,25
O15371,44,6,38,24,26,18
O43681,21,0,21,12,9,12
O60243,17,0,17,9,8,9
O60931,29,0,29,18,11,18
O75955,31,8,23,16,19,12
O94864,55,10,45,29,32,23
O94889,48,0,48,37,11,37
P01699,19,0,19,13,6,13
P01871,46,0,46,27,19,27
P04275,208,3,205,128,83,125
P08473,45,0,45,27,18,27
P09131,39,0,39,27,12,27
P0C7U9,23,0,23,17,6,17
P12104,4,0,4,3,1,3
P13010,75,22,53,41,32,43
P13224,5,1,4,4,2,3
P22459,57,1,56,26,32,25
P29034,5,0,5,1,4,1
P35030,18,0,18,10,8,10
P43490,37,8,29,22,17,20
P43657,25,0,25,16,9,16
P48509,11,1,10,7,5,6
P49773,10,4,6,5,9,1
P51861,11,0,11,5,6,5
P51959,21,0,21,14,7,14
P52945,14,3,11,8,9,5
P56373,28,2,26,17,13,15
Q04695,53,18,35,28,27,26
Q07020,18,7,11,10,15,3
Q08AH1,42,2,40,24,20,22
Q13087,15,0,15,12,3,12
Q14439,47,1,46,30,18,29
Q19T08,31,0,31,18,13,18
Q309B1,25,1,24,19,7,18
Q3ZCU0,22,0,22,12,10,12
Q53GT1,51,3,48,38,12,39
Q5JXB2,6,0,6,2,4,2
Q5VWM6,34,0,34,20,14,20
Q6UXR6,18,0,18,9,9,9
Q76I76,189,28,161,90,123,66
Q7Z3Y9,40,0,40,28,12,28
Q8IV56,18,5,13,8,13,5
Q8N1V2,39,1,38,21,19,20
Q8N3R3,44,0,44,23,21,23
Q8N531,45,3,42,29,19,26
Q8N5G0,1,0,1,1,0,1
Q8N813,28,0,28,15,13,15
Q8NBB4,33,0,33,14,19,14
Q8TAD7,4,2,2,2,4,0
Q8TDB8,37,2,35,27,10,27
Q8TEA1,26,0,26,17,9,17
Q92529,71,8,63,34,43,28
Q969M2,55,0,55,26,29,26
Q969M7,9,2,7,3,8,1
Q96DB5,21,2,19,11,12,9
Q96DE0,9,0,9,3,6,3
Q96F81,142,8,134,101,43,99
Q96JA4,72,2,70,42,32,40
Q96LL4,33,0,33,13,20,13
Q96NS1,9,0,9,4,5,4
Q96R67,21,0,21,18,3,18
Q99712,25,0,25,14,11,14
Q99865,21,4,17,11,12,9
Q9BQI4,19,0,19,14,5,14
Q9BRG1,12,0,12,9,3,9
Q9BX93,17,0,17,8,9,8
Q9BY71,15,0,15,9,6,9
Q9BYE0,14,1,13,4,11,3
Q9BZE3,40,1,39,11,30,10
Q9GZT5,28,0,28,12,16,12
Q9GZV9,22,0,22,12,10,12
Q9H9C1,57,15,42,25,47,10
Q9NRV9,11,3,8,6,6,5
Q9NS75,28,0,28,20,8,20
Q9NXE4,80,6,74,41,45,35
Q9NZV7,51,2,49,22,31,20
Q9UBQ5,8,0,8,4,4,4
Q9UJM3,70,17,53,36,49,21
Q9UK58,80,20,60,32,68,12
Q9UN74,86,5,81,49,42,44
Q9UPR3,101,8,93,50,59,42
Q9Y282,22,3,19,15,8,14
Q9Y574,22,0,22,16,6,16
Q9Y5L4,6,1,5,2,5,1
Q9Y6W8,14,0,14,9,5,9
A0A0B4J241,8,0,8,2,6,2
A0AUZ9,123,5,118,55,73,50
A0JD32,13,0,13,12,1,12
A3KN83,147,24,123,62,101,46
A5YM72,32,0,32,20,12,20
A6NKG5,93,0,93,48,45,48
E5RJ46,8,0,8,4,4,4
O00257,46,13,33,19,36,10
O00755,17,0,17,11,6,11
O14522,95,1,94,42,54,41
O43237,60,19,41,32,47,13
O43915,34,0,34,18,16,18
O76015,28,0,28,14,14,14
O95479,60,1,59,27,34,26
P00966,26,6,20,15,15,11
P01275,23,7,16,10,20,3
P09341,5,0,5,1,4,1
P0CH99,24,0,24,14,10,14
P11926,31,0,31,17,14,17
P12524,34,3,31,11,26,8
P24723,34,8,26,16,24,10
P27361,22,4,18,13,9,13
P28360,24,0,24,11,13,11
P35268,10,4,6,5,9,1
P36269,40,0,40,22,18,22
P43652,35,1,34,20,16,19
P54259,181,30,151,90,113,68
P57053,21,10,11,10,21,0
P78314,63,8,55,24,45,18
P81274,73,21,52,36,38,35
P85299,51,13,38,25,39,12
Q07912,86,19,67,46,49,37
Q08648,6,0,6,4,2,4
Q11130,21,0,21,10,11,10
Q12926,26,3,23,10,19,7
Q13077,34,4,30,18,18,16
Q13956,3,0,3,1,2,1
Q14314,29,0,29,15,14,15
Q14953,34,0,34,23,11,23
Q15031,61,2,59,32,31,30
Q15118,42,5,37,19,26,16
Q15256,56,4,52,24,36,20
Q15928,31,0,31,20,11,20
Q16760,119,6,113,53,68,51
Q2M2I8,104,25,79,51,70,34
Q3ZCV2,39,3,36,23,17,22
Q4G0G5,6,0,6,4,2,4
Q4KMG0,137,1,136,72,66,71
Q5TF39,49,0,49,28,21,28
Q5THR3,107,1,106,51,57,50
Q6IEV9,21,0,21,15,6,15
Q6S8J7,35,0,35,20,15,20
Q6UXR8,12,0,12,7,5,7
Q7L0Y3,27,5,22,13,15,12
Q7Z4I7,15,3,12,10,6,9
Q7Z5M8,19,0,19,12,7,12
Q7Z7L8,43,7,36,18,30,13
Q86U02,10,0,10,8,2,8
Q86W34,30,0,30,13,17,13
Q8IW03,13,0,13,8,5,8
Q8IXT5,97,34,63,48,81,16
Q8N1B4,49,3,46,29,23,26
Q8N693,8,0,8,3,5,3
Q8N8G6,13,0,13,9,4,9
Q8N8U3,30,0,30,15,15,15
Q8N988,40,0,40,34,6,34
Q8NAT1,23,2,21,15,8,15
Q8NDC4,7,0,7,2,5,2
Q8NEC7,53,8,45,32,23,30
Q8NEF3,23,4,19,14,5,18
Q8NF50,199,24,175,114,97,102
Q8NHQ8,29,7,22,13,23,6
Q8NHR7,14,0,14,8,6,8
Q8TC05,94,25,69,47,68,26
Q8TC56,80,4,76,35,47,33
Q8TEX9,64,1,63,34,31,33
Q8WTQ7,28,2,26,17,13,15
Q92503,70,8,62,40,36,34
Q92813,24,0,24,12,12,12
Q96BY2,11,0,11,5,6,5
Q96D21,19,0,19,6,13,6
Q96KS0,33,5,28,13,23,10
Q96RF0,59,7,52,34,30,29
Q96RI0,31,2,29,19,14,17
Q96T58,521,127,394,232,410,111
Q99615,21,4,17,9,16,5
Q9BSU3,20,1,19,8,13,7
Q9BTD1,5,0,5,4,1,4
Q9H4D5,52,0,52,35,17,35
Q9H6E5,91,9,82,47,53,38
Q9NQ11,83,1,82,53,31,52
Q9NQZ6,10,1,9,7,2,8
Q9NVF9,16,2,14,11,7,9
Q9NXF8,22,0,22,15,7,15
Q9P206,243,98,145,127,204,39
Q9UGC6,14,0,14,9,5,9
Q9UH77,38,1,37,25,14,24
Q9Y2G3,95,8,87,59,38,57
Q9Y2U5,86,25,61,40,71,15
Q9Y5U5,12,0,12,8,4,8
A6NCW7,41,0,41,31,10,31
A6NGW2,128,0,128,85,43,85
A6NKQ9,11,0,11,5,6,5
A6NL88,43,0,43,18,25,18
O43291,26,4,22,13,17,9
O75474,13,0,13,8,5,8
O94923,45,1,44,21,25,20
O95473,21,0,21,16,5,16
P00395,30,0,30,26,4,26
P01034,7,0,7,2,5,2
P01303,10,3,7,4,9,1
P02679,29,2,27,16,15,14
P04003,50,1,49,30,21,29
P06493,31,10,21,16,13,18
P08579,10,0,10,4,6,4
P08833,31,10,21,19,10,21
P0C7T8,15,0,15,12,3,12
P0C7U3,24,0,24,18,6,18
P0CG29,11,0,11,8,3,8
P0DPF2,521,0,521,458,63,458
P10912,60,3,57,36,27,33
P15085,34,1,33,14,19,15
P20036,10,0,10,4,6,4
P25929,26,3,23,19,8,18
P29350,49,12,37,26,29,20
P31513,41,1,40,25,15,26
P36021,39,4,35,23,18,21
P38567,36,1,35,22,15,21
P51816,150,10,140,72,86,64
P51828,74,7,67,45,34,40
P57678,82,5,77,49,36,46
P59539,22,0,22,16,6,16
P61925,8,0,8,2,6,2
Q02575,5,0,5,2,3,2
Q03426,26,0,26,17,9,17
Q03828,62,0,62,27,35,27
Q05BV3,142,1,141,73,70,72
Q12769,106,7,99,70,39,67
Q13905,129,25,104,62,80,49
Q14103,35,9,26,15,29,6
Q15014,21,4,17,9,16,5
Q15466,19,0,19,9,10,9
Q15468,164,16,148,87,91,73
Q495Z4,13,0,13,3,10,3
Q5BJH7,19,5,14,13,7,12
Q5H9L4,42,1,41,16,27,15
Q5SWW7,10,0,10,5,5,5
Q5TA50,16,0,16,10,6,10
Q6IPT4,21,0,21,12,9,12
Q6P9H4,61,12,49,31,38,23
Q6YHU6,189,11,178,129,55,134
Q6ZMH5,30,0,30,23,7,23
Q6ZVC0,76,3,73,16,63,13
Q6ZVF9,127,19,108,50,88,39
Q7L8J4,39,11,28,16,30,9
Q7Z5N4,191,0,191,102,89,102
Q8IVW1,18,0,18,14,4,14
Q8N103,102,13,89,41,74,28
Q8N1I0,203,24,179,111,116,87
Q8N1P7,185,15,170,80,118,67
Q8N812,7,0,7,5,2,5
Q8N878,46,0,46,19,27,19
Q8NAA5,19,0,19,9,10,9
Q8NGP9,28,1,27,23,4,24
Q8NGT9,24,0,24,21,3,21
Q8TCV5,18,0,18,13,5,13
Q8TE54,51,1,50,40,12,39
Q8WV24,23,1,22,9,15,8
Q8WXF5,14,1,13,7,8,6
Q96DZ7,19,0,19,17,2,17
Q96EH3,11,0,11,6,5,6
Q96GW7,69,3,66,37,35,34
Q96JB5,38,4,34,19,19,19
Q96LA6,43,0,43,18,25,18
Q96LD1,24,0,24,9,15,9
Q96N19,25,0,25,19,6,19
Q96T21,92,8,84,42,56,36
Q99502,80,3,77,36,47,33
Q99879,22,11,11,11,22,0
Q99988,30,1,29,14,17,13
Q9BPY3,21,1,20,12,10,11
Q9BRQ3,20,0,20,11,9,11
Q9BZA0,1,0,1,1,0,1
Q9C040,65,9,56,40,28,37
Q9H1A4,245,55,190,148,150,95
Q9H3S5,19,0,19,14,5,14
Q9H582,166,25,141,84,107,59
Q9H8V3,110,27,83,57,78,32
Q9HC98,25,6,19,15,16,9
Q9NYK6,28,2,26,13,17,11
Q9P1T7,28,5,23,12,21,7
Q9P202,96,5,91,42,57,39
Q9UHK0,59,12,47,29,42,17
Q9UIV1,14,0,14,10,4,10
Q9UK28,31,0,31,16,15,16
Q9UK61,193,34,159,96,129,64
Q9UQ53,41,0,41,21,20,21
Q9Y394,29,5,24,17,13,16
Q9Y4Y9,2,0,2,1,1,1
A0A075B7D4,17,0,17,12,5,12
A0A087WSZ0,16,0,16,11,5,11
A0PJX2,24,0,24,10,14,10
A1L157,14,0,14,10,4,10
C9JJH3,38,0,38,31,7,31
O14526,110,12,98,37,83,27
O15075,97,18,79,36,77,20
O15230,241,7,234,138,108,133
O43182,157,27,130,69,111,46
O43240,15,0,15,10,5,10
O43426,218,53,165,130,137,81
O60353,67,12,55,43,34,33
O75128,189,42,147,87,134,55
O75528,30,7,23,15,22,8
O76036,20,1,19,14,7,13
O95415,3,1,2,1,3,0
O95476,22,2,20,13,11,11
O95847,16,0,16,10,6,10
O96009,23,1,22,14,10,13
P05023,78,20,58,46,36,42
P08908,27,1,26,19,9,18
P08949,13,0,13,5,8,5
P09093,24,0,24,19,5,19
P0C629,25,0,25,20,5,20
P0DTF9,8,0,8,7,1,7
P10589,33,1,32,21,13,20
P10600,21,0,21,10,11,10
P14651,46,0,46,19,27,19
P15863,44,0,44,17,27,17
P17152,18,6,12,11,13,5
P20774,16,0,16,11,5,11
P37198,55,3,52,39,17,38
P40855,35,11,24,21,15,20
P46777,16,7,9,8,11,5
P57764,48,9,39,26,25,23
Q07864,167,11,156,99,69,98
Q13428,356,153,203,174,307,49
Q15276,84,22,62,47,45,39
Q2L4Q9,38,0,38,25,13,25
Q2WGJ6,48,0,48,24,24,24
Q5JVG2,66,0,66,42,24,42
Q5VWC8,17,0,17,14,3,14
Q6ICB4,31,6,25,15,18,13
Q6UWB1,46,0,46,33,13,33
Q76L83,224,39,185,110,147,77
Q7Z4F1,55,5,50,33,27,28
Q7Z4J2,9,0,9,4,5,4
Q7Z5L0,11,0,11,6,5,6
Q7Z745,111,4,107,74,35,76
Q7Z769,19,0,19,15,4,15
Q86W67,16,0,16,7,9,7
Q86X83,13,0,13,10,3,10
Q86XE3,33,2,31,15,20,13
Q8IVS8,29,2,27,16,15,14
Q8IVU3,88,3,85,52,37,51
Q8IXS8,77,16,61,37,52,25
Q8IYB1,46,9,37,28,21,25
Q8N205,31,4,27,17,14,17
Q8N6U8,54,3,51,32,25,29
Q8NGA6,21,0,21,16,5,16
Q8NH60,16,0,16,14,2,14
Q8TDU6,24,0,24,15,9,15
Q8WYP3,87,7,80,40,52,35
Q8WYR4,8,1,7,2,7,1
Q969I6,53,7,46,37,15,38
Q96A72,12,4,8,6,8,4
Q96CN4,69,5,64,28,44,25
Q96EG3,36,3,33,16,21,15
Q96GE4,89,18,71,43,58,31
Q96JE9,63,7,56,28,38,25
Q96JP9,65,1,64,41,25,40
Q96MH2,41,16,25,19,38,3
Q96PT3,10,0,10,2,8,2
Q99542,31,0,31,16,15,16
Q99719,19,4,15,10,13,6
Q99956,44,7,37,23,24,20
Q9BT17,13,0,13,8,5,8
Q9BTA9,147,40,107,74,105,42
Q9BU40,33,2,31,21,14,19
Q9BXK1,48,18,30,29,35,13
Q9BY19,24,0,24,22,2,22
Q9BZJ0,47,3,44,28,18,29
Q9BZJ4,27,0,27,13,14,13
Q9GZV5,55,21,34,28,46,9
Q9H346,16,0,16,15,1,15
Q9H9P5,74,3,71,30,45,29
Q9NQR9,22,0,22,18,4,18
Q9NVZ3,19,3,16,8,14,5
Q9NY26,20,0,20,12,8,12
Q9P2P1,161,5,156,82,78,83
Q9UBN6,34,3,31,14,23,11
Q9UEY8,87,29,58,46,70,17
Q9UK11,37,0,37,24,13,24
Q9UMS6,160,33,127,76,107,53
Q9UP95,83,11,72,51,43,40
Q9UQ72,30,1,29,20,11,19
Q9Y2S7,31,2,29,17,16,15
Q9Y2U2,19,0,19,15,4,15
Q9Y5Z7,81,3,78,46,36,45
A0A0A0MS01,14,0,14,9,5,9
A0A0G2JQF1,1,0,1,1,0,1
A0A1B0GTH6,131,0,131,61,70,61
A0A1W2PRN1,16,0,16,7,9,7
A0A597,8,0,8,4,4,4
A0A5K1VDZ0,30,0,30,18,12,18
A6NIH7,12,1,11,7,6,6
A6NIY4,30,0,30,7,23,7
O14513,306,33,273,112,227,79
O15244,31,0,31,21,10,21
O15287,47,2,45,26,23,24
O43159,58,19,39,30,41,17
O43248,36,3,33,17,22,14
O43261,5,0,5,4,1,4
O43674,6,0,6,2,4,2
O60675,12,1,11,8,5,7
O60684,45,5,40,29,21,24
O94844,42,2,40,26,18,24
P01733,8,0,8,4,4,4
P05112,5,0,5,4,1,4
P07327,26,5,21,19,12,14
P07437,46,20,26,25,35,11
P08173,32,0,32,22,10,22
P08574,25,2,23,15,12,13
P0DSO3,3,0,3,1,2,1
P12035,67,5,62,31,41,26
P15428,10,0,10,9,1,9
P17032,34,0,34,23,11,23
P20292,10,1,9,8,3,7
P20813,25,1,24,16,10,15
P21453,43,6,37,26,21,22
P22897,130,4,126,83,51,79
P26010,68,1,67,47,22,46
P27487,63,0,63,44,19,44
P30542,16,0,16,11,5,11
P31641,44,2,42,34,12,32
P49593,24,0,24,14,10,14
P49720,6,0,6,3,3,3
P55103,18,0,18,10,8,10
Q10472,30,0,30,15,15,15
Q13188,39,9,30,24,20,19
Q13268,24,1,23,10,15,9
Q13795,11,0,11,7,4,7
Q14585,41,0,41,34,7,34
Q14765,67,5,62,38,30,37
Q14865,151,25,126,70,98,53
Q15042,82,16,66,42,50,32
Q15834,11,2,9,5,8,3
Q15848,7,0,7,5,2,5
Q5EBM0,21,0,21,8,13,8
Q5JU67,21,0,21,13,8,13
Q5SSQ6,4,0,4,2,2,2
Q68CJ9,49,3,46,20,32,17
Q6NVH7,10,0,10,6,4,6
Q6NZY7,9,0,9,1,8,1
Q6P5X7,47,1,46,25,23,24
Q6UW56,9,0,9,9,0,9
Q75LS8,4,0,4,3,1,3
Q7RTM1,51,0,51,32,19,32
Q86T20,5,0,5,4,1,4
Q86W10,38,0,38,27,11,27
Q86WG5,177,16,161,99,94,83
Q8IXZ2,167,30,137,61,136,31
Q8N9B4,20,0,20,12,8,12
Q8N9V2,43,0,43,19,24,19
Q8NE18,63,1,62,33,31,32
Q8NEB7,57,2,55,29,28,29
Q8NGB9,23,0,23,20,3,20
Q8NGF3,21,0,21,18,3,18
Q8NGF4,28,0,28,24,4,24
Q8NH51,23,0,23,20,3,20
Q8TDW0,74,4,70,38,40,34
Q92484,32,0,32,20,12,20
Q92575,62,10,52,32,36,26
Q92918,90,21,69,47,62,28
Q93096,5,1,4,4,2,3
Q96KW2,152,0,152,75,77,75
Q96KX2,12,0,12,7,5,7
Q96PP9,39,2,37,29,8,31
Q96SL1,37,1,36,31,7,30
Q9BT43,7,1,6,2,6,1
Q9BVV7,19,0,19,10,9,10
Q9BXJ2,14,0,14,11,3,11
Q9BYG0,23,0,23,13,10,13
Q9C086,33,11,22,17,27,6
Q9GZZ6,24,0,24,16,8,16
Q9NRD0,21,0,21,11,10,11
Q9NRY4,173,44,129,97,110,63
Q9NUI1,20,4,16,10,12,8
Q9NUJ1,30,7,23,14,21,9
Q9P0V8,26,0,26,19,7,19
Q9P0W2,13,1,12,7,7,6
Q9UBR5,6,1,5,5,0,6
Q9UII2,6,2,4,2,6,0
Q9UIK4,26,4,22,9,21,5
Q9UKV8,52,9,43,28,27,25
Q9UL17,42,3,39,20,25,17
Q9Y251,42,0,42,24,18,24
Q9Y2H9,213,26,187,71,168,45
A0A075B6S6,17,0,17,13,4,13
A0A1B0GUW6,138,0,138,66,72,66
A0A1B0GVZ2,3,0,3,2,1,2
A0A286YF46,5,0,5,4,1,4
A1L190,3,0,3,1,2,1
A6NHS7,41,0,41,24,17,24
A6XGL0,16,0,16,5,11,5
A8MTL3,39,0,39,11,28,11
O00168,5,1,4,3,3,2
O00254,20,0,20,16,4,16
O00624,46,0,46,31,15,31
O43734,46,0,46,20,26,20
O43827,29,2,27,21,10,19
O60309,154,4,150,71,87,67
O75094,112,0,112,76,36,76
O75899,68,7,61,40,31,37
O95997,28,9,19,14,17,11
P01100,58,7,51,21,40,18
P01178,5,0,5,3,2,3
P01594,15,0,15,11,4,11
P04733,7,1,6,3,5,2
P07992,19,1,18,10,10,9
P0CG08,36,0,36,29,7,29
P10301,16,2,14,9,9,7
P14923,65,17,48,36,42,23
P19801,45,1,44,19,27,18
P29033,12,1,11,9,4,8
P45379,8,1,7,2,7,1
P49862,20,1,19,10,11,9
P52952,21,2,19,10,13,8
P62195,26,7,19,13,20,6
P81172,4,0,4,3,1,3
P82909,14,4,10,4,14,0
P98179,20,7,13,8,13,7
Q02241,91,30,61,50,53,38
Q02252,42,7,35,25,24,18
Q06730,64,2,62,45,19,45
Q14623,24,0,24,12,12,12
Q15283,77,6,71,41,40,37
Q15910,62,13,49,35,34,28
Q16678,36,0,36,20,16,20
Q16790,31,1,30,14,18,13
Q2QGD7,99,7,92,57,49,50
Q2VYF4,36,1,35,19,18,18
Q3B8N5,54,1,53,26,29,25
Q3YBM2,28,5,23,18,11,17
Q496H8,6,0,6,5,1,5
Q4ZIN3,51,0,51,32,19,32
Q5JPI9,29,3,26,18,12,17
Q5VVW2,111,11,100,47,75,36
Q6P6B7,14,0,14,9,5,9
Q6PKH6,18,0,18,10,8,10
Q6XPR3,94,4,90,37,57,37
Q6ZN32,24,0,24,12,12,12
Q6ZUK4,26,0,26,15,11,15
Q7RTS3,27,0,27,11,16,11
Q86XA9,193,8,185,121,78,115
Q86Y46,58,3,55,22,37,21
Q86YH6,45,2,43,26,21,24
Q8IV76,57,0,57,37,20,37
Q8IXI1,38,2,36,26,14,24
Q8MH63,10,0,10,7,3,7
Q8N140,28,3,25,15,12,16
Q8TE12,33,0,33,12,21,12
Q8TF21,69,4,65,28,45,24
Q8WUY1,12,4,8,6,8,4
Q92617,96,2,94,29,69,27
Q92800,58,4,54,35,27,31
Q96BZ4,44,0,44,28,16,28
Q96DC8,24,0,24,12,12,12
Q96E11,18,1,17,10,9,9
Q96HD1,26,0,26,18,8,18
Q96JM3,206,93,113,106,189,17
Q96LB2,28,0,28,26,2,26
Q96PD5,38,2,36,21,19,19
Q96S94,78,20,58,28,68,10
Q9BPX1,12,0,12,7,5,7
Q9BQ61,22,8,14,10,18,4
Q9BTM9,2,0,2,1,1,1
Q9BWF3,35,9,26,21,23,12
Q9BWG4,43,4,39,20,27,16
Q9BXW9,158,22,136,91,85,73
Q9BZM4,16,0,16,10,6,10
Q9GZU8,28,2,26,14,14,14
Q9H008,18,2,16,12,6,12
Q9H2M9,120,12,108,73,57,63
Q9H340,15,0,15,12,3,12
Q9H987,120,24,96,50,90,30
Q9HCJ1,34,3,31,21,12,22
Q9NR21,24,0,24,14,10,14
Q9NR64,64,0,64,25,39,25
Q9NWR8,20,0,20,15,5,15
Q9UHV7,267,29,238,150,144,123
Q9UKL0,52,10,42,22,36,16
Q9UKU6,69,1,68,44,26,43
Q9UN72,83,2,81,44,41,42
Q9Y5N5,8,0,8,3,5,3
Q9Y5N6,19,1,18,12,8,11
Q9Y5P3,55,0,55,25,30,25
A0A1B0GTI8,10,0,10,6,4,6
A0FGR9,58,0,58,32,26,32
A1L429,3,0,3,1,2,1
A6NGH7,31,0,31,16,15,16
B1AJZ9,112,4,108,35,81,31
D6RCP7,39,0,39,34,5,34
O00233,20,4,16,9,15,5
O14512,55,1,54,22,34,21
O15165,31,1,30,22,10,21
O43169,19,6,13,11,14,5
O60721,106,2,104,57,51,55
O75387,45,5,40,33,15,30
O94769,60,5,55,33,32,28
O94806,111,30,81,54,69,42
O94851,198,8,190,72,134,64
O94913,177,44,133,78,129,48
O95757,66,10,56,40,30,36
O95772,28,10,18,17,13,15
O95995,13,1,12,6,8,5
O96001,6,0,6,4,2,4
P04259,71,20,51,32,59,12
P04554,8,2,6,5,5,3
P08134,11,3,8,4,10,1
P0C881,70,0,70,44,26,44
P0CJ71,2,0,2,1,1,1
P0CJ87,22,0,22,9,13,9
P0DUD3,17,0,17,8,9,8
P13726,22,1,21,12,9,13
P19012,40,5,35,16,29,11
P20339,17,4,13,9,8,9
P30040,18,2,16,8,8,10
P31267,25,0,25,11,14,11
P31276,35,1,34,24,10,25
P35580,114,23,91,55,72,42
P35713,26,5,21,12,19,7
P36952,40,10,30,19,29,11
P40424,51,7,44,35,23,28
P43694,65,4,61,34,35,30
P45877,11,1,10,5,7,4
P46940,111,28,83,61,52,59
P51003,92,21,71,46,59,33
P52630,63,7,56,35,29,34
P62891,1,0,1,0,1,0
P80188,13,1,12,7,7,6
Q01850,46,11,35,22,31,15
Q12884,58,1,57,45,14,44
Q12981,17,1,16,9,9,8
Q16533,30,4,26,8,26,4
Q5BN46,10,0,10,7,3,7
Q5D0E6,38,1,37,22,17,21
Q5TYW1,77,0,77,52,25,52
Q5VTJ3,68,6,62,33,39,29
Q5VV67,265,44,221,109,194,71
Q66PJ3,42,0,42,4,38,4
Q69YU3,50,9,41,15,44,6
Q6FI13,3,0,3,0,3,0
Q6NZ36,11,0,11,5,6,5
Q6X4U4,18,0,18,9,9,9
Q6ZNG2,35,0,35,10,25,10
Q7L804,67,11,56,29,47,20
Q7Z589,199,33,166,117,115,84
Q86SS6,31,0,31,11,20,11
Q86T24,81,9,72,46,44,37
Q86YS6,23,4,19,12,15,8
Q8IVV8,11,0,11,8,3,8
Q8IWN6,10,0,10,6,4,6
Q8N4H0,42,0,42,18,24,18
Q8N9W6,23,0,23,17,6,17
Q8NEG4,52,13,39,21,40,12
Q8NEG5,49,0,49,28,21,28
Q8NF86,18,0,18,11,7,11
Q8NG08,104,12,92,65,49,55
Q8NGJ8,24,0,24,22,2,22
Q8NGV6,25,0,25,19,6,19
Q8TAQ2,107,25,82,58,74,33
Q8TC92,42,3,39,20,25,17
Q8WTW3,104,7,97,55,54,50
Q8WWW0,28,4,24,16,16,12
Q8WXE1,93,14,79,48,55,38
Q8WZ92,32,0,32,30,2,30
Q92911,50,2,48,39,13,37
Q969K4,23,0,23,14,9,14
Q96C90,6,2,4,2,6,0
Q96EX2,41,3,38,23,21,20
Q96KP4,34,7,27,19,22,12
Q96NH3,102,1,101,62,39,63
Q9BQ87,52,0,52,29,23,29
Q9H013,67,7,60,34,38,29
Q9H6Z4,97,33,64,50,76,21
Q9H8S5,24,0,24,13,11,13
Q9H8X2,36,1,35,14,23,13
Q9HA64,23,2,21,15,8,15
Q9HBE5,55,0,55,23,32,23
Q9NRF2,111,21,90,54,70,41
Q9P2M1,12,0,12,7,5,7
Q9UIL1,15,0,15,8,7,8
Q9UNA3,31,0,31,23,8,23
Q9Y2H8,49,1,48,21,27,22
Q9Y5Z9,23,1,22,19,5,18
A0A286YF18,7,0,7,1,6,1
A6NFC5,27,0,27,21,6,21
A6NI61,13,0,13,11,2,11
A6NJY1,20,0,20,15,5,15
A8MUL3,15,0,15,12,3,12
C9JVI0,39,0,39,34,5,34
H3BUK9,40,0,40,25,15,25
O00748,38,0,38,26,12,26
O15547,23,0,23,11,12,11
O60381,71,7,64,33,45,26
O94967,105,17,88,62,46,59
O95502,33,1,32,12,22,11
O95992,18,0,18,15,3,15
P0C7M8,12,2,10,7,7,5
P0CB47,35,0,35,15,20,15
P0DW13,13,0,13,6,7,6
P11274,168,47,121,85,104,64
P16871,48,4,44,33,13,35
P17040,95,3,92,50,48,47
P23381,40,9,31,25,14,26
P23759,48,0,48,25,23,25
P26639,45,12,33,23,28,17
P30953,27,0,27,25,2,25
P48047,28,9,19,12,19,9
P48539,2,0,2,0,2,0
P51784,76,13,63,49,38,38
P51858,21,8,13,11,18,3
P51888,23,2,21,16,7,16
P54849,14,0,14,13,1,13
P56559,8,0,8,5,3,5
P56747,19,3,16,14,8,11
P58215,53,0,53,36,17,36
P61081,13,3,10,7,9,4
Q13214,54,0,54,30,24,30
Q13535,221,17,204,149,77,144
Q13615,168,34,134,93,89,79
Q14549,26,0,26,9,17,9
Q155Q3,69,10,59,35,44,25
Q15849,76,1,75,52,25,51
Q16594,36,10,26,20,24,12
Q1EHB4,51,0,51,42,9,42
Q3SYC2,17,0,17,10,7,10
Q502W7,42,1,41,15,28,14
Q53HL2,31,14,17,15,24,7
Q567V2,13,2,11,5,8,5
Q5SRN2,63,4,59,21,42,21
Q5SVZ6,151,11,140,94,64,87
Q5TB30,81,11,70,45,41,40
Q64ET8,35,0,35,11,24,11
Q68D10,105,10,95,29,84,21
Q68DI1,46,6,40,28,18,28
Q6NSW7,39,0,39,19,20,19
Q6PK81,49,0,49,35,14,35
Q6S9Z5,41,1,40,23,19,22
Q6ZP01,126,0,126,66,60,66
Q70JA7,69,5,64,43,27,42
Q7L3B6,34,4,30,19,15,19
Q7Z4V5,128,48,80,52,120,8
Q7Z7G8,406,32,374,248,180,226
Q86TJ5,56,3,53,37,18,38
Q86VQ1,121,34,87,58,95,26
Q8IZ63,22,0,22,15,7,15
Q8N0U8,11,1,10,9,1,10
Q8N127,30,0,30,26,4,26
Q8N4F0,37,2,35,25,14,23
Q8NE22,22,0,22,15,7,15
Q8NHS4,36,0,36,23,13,23
Q8TDV2,29,0,29,22,7,22
Q8WXF0,62,17,45,19,60,2
Q8WZ84,31,0,31,27,4,27
Q92928,13,0,13,4,9,4
Q969I3,26,0,26,15,11,15
Q96DN6,127,8,119,61,72,55
Q96LR5,26,6,20,16,16,10
Q96P71,32,0,32,13,19,13
Q96QU8,91,8,83,54,43,48
Q99470,22,0,22,12,10,12
Q99848,22,7,15,10,19,3
Q9BQB6,16,1,15,13,2,14
Q9BWU1,40,3,37,24,17,23
Q9BXS6,72,31,41,35,68,4
Q9BYE7,23,4,19,13,14,9
Q9BZR9,43,0,43,21,22,21
Q9GZR1,123,21,102,57,87,36
Q9H0E9,136,11,125,77,66,70
Q9H3A6,9,0,9,5,4,5
Q9HCK1,305,19,286,153,149,156
Q9NQP4,7,2,5,3,4,3
Q9NUD7,26,1,25,16,9,17
Q9NZN5,176,34,142,85,123,53
Q9P031,10,0,10,5,5,5
Q9P2L0,72,3,69,41,28,44
Q9UII4,71,2,69,47,26,45
Q9UL42,20,0,20,9,11,9
Q9Y4M8,12,0,12,5,7,5
Q9Y5Q9,70,7,63,41,34,36
Q9Y5W8,56,3,53,29,30,26
Q9Y6A1,62,0,62,43,19,43
A0A0G2JS06,18,0,18,6,12,6
A0A1B0GTB2,2,0,2,0,2,0
A0AV96,26,2,24,15,13,13
A6NC57,69,6,63,34,41,28
A6NKF7,8,0,8,5,3,5
O00451,47,0,47,24,23,24
O00548,53,2,51,35,20,33
O00743,12,2,10,6,8,4
O43638,29,2,27,16,15,14
O43766,17,0,17,7,10,7
O75031,24,0,24,15,9,15
O95069,33,5,28,20,18,15
O95677,91,8,83,53,40,51
P09211,17,7,10,10,14,3
P09544,27,1,26,13,15,12
P09630,23,1,22,11,13,10
P0C7I0,39,0,39,27,12,27
P0C7W6,14,0,14,3,11,3
P0DP07,18,0,18,12,6,12
P11177,18,1,17,10,7,11
P13073,25,10,15,11,24,1
P21281,32,4,28,16,20,12
P22003,37,0,37,14,23,14
P24278,47,2,45,32,17,30
P30405,23,3,20,10,16,7
P32322,30,7,23,17,20,10
P40123,53,8,45,30,27,26
P46059,46,0,46,35,11,35
P51587,391,11,380,205,185,206
P52746,118,8,110,65,57,61
P57082,52,0,52,23,29,23
Q01955,82,5,77,33,54,28
Q02539,35,13,22,16,18,17
Q08334,27,5,22,17,15,12
Q08999,133,35,98,67,95,38
Q0VG06,76,2,74,49,29,47
Q0VGE8,55,5,50,31,29,26
Q13075,121,2,119,73,50,71
Q13503,9,0,9,5,4,5
Q13772,68,15,53,38,29,39
Q13822,59,0,59,30,29,30
Q14CX7,70,2,68,42,28,42
Q15615,17,0,17,12,5,12
Q16654,38,1,37,22,17,21
Q4G163,98,5,93,43,60,38
Q53HC9,44,4,40,25,23,21
Q5JTD7,28,0,28,14,14,14
Q5JVL4,33,1,32,25,9,24
Q5RL73,24,1,23,13,12,12
Q5SQ80,58,4,54,42,20,38
Q5TGZ0,3,0,3,2,1,2
Q5VWG9,104,30,74,51,73,31
Q6NSX1,9,0,9,3,6,3
Q75N03,29,4,25,12,21,8
Q7Z6K3,29,0,29,16,13,16
Q7Z7M9,73,5,68,32,46,27
Q86UF1,18,0,18,11,7,11
Q86W33,34,0,34,23,11,23
Q86WG3,22,0,22,13,9,13
Q86XE0,28,0,28,7,21,7
Q86XZ4,102,31,71,46,71,31
Q86YT5,27,0,27,21,6,21
Q8IX94,71,4,67,28,47,24
Q8N554,67,14,53,31,50,17
Q8NB25,75,2,73,25,52,23
Q8NBJ7,15,0,15,9,6,9
Q8NBQ7,19,0,19,16,3,16
Q8TAG6,19,0,19,5,14,5
Q8TBJ4,19,0,19,13,6,13
Q8TBP0,92,17,75,44,63,29
Q8TES7,115,7,108,44,76,39
Q8WVJ2,10,3,7,5,6,4
Q93050,46,0,46,29,17,29
Q96A54,18,1,17,16,3,15
Q96HD9,17,0,17,9,8,9
Q96LR2,27,5,22,15,15,12
Q96PL1,5,0,5,4,1,4
Q96RQ1,31,1,30,21,11,20
Q96SM3,48,3,45,28,23,25
Q99807,10,1,9,2,9,1
Q99990,36,5,31,19,22,14
Q9BRX8,8,0,8,4,4,4
Q9BV97,17,0,17,9,8,9
Q9HCH3,50,5,45,26,29,21
Q9NP99,17,1,16,9,9,8
Q9NPQ8,35,6,29,21,20,15
Q9NPU4,7,0,7,6,1,6
Q9NTG1,195,6,189,127,68,127
Q9NV06,27,1,26,17,9,18
Q9NZ01,15,2,13,11,4,11
Q9NZC4,23,2,21,17,8,15
Q9UHP6,17,0,17,11,6,11
Q9UJX5,80,6,74,51,35,45
Q9UKT9,61,11,50,27,45,16
Q9ULQ1,56,0,56,32,24,32
Q9ULV1,35,0,35,28,7,28
Q9ULW6,20,1,19,7,14,6
Q9UMS4,49,8,41,33,22,27
Q9Y297,49,1,48,36,14,35
Q9Y5Y6,69,0,69,43,26,43
A0A0U1RQG5,9,0,9,4,5,4
A0A2R8YED5,31,0,31,26,5,26
A2RUB1,98,2,96,66,34,64
B4DJY2,7,0,7,5,2,5
O15379,23,2,21,16,9,14
O60938,24,1,23,16,9,15
O75907,34,3,31,20,17,17
O95674,37,7,30,22,20,17
P00325,23,4,19,15,12,11
P00918,23,7,16,12,18,5
P01833,83,15,68,40,50,33
P05160,46,1,45,33,14,32
P06858,41,1,40,30,12,29
P08311,15,0,15,9,6,9
P16870,34,1,33,14,19,15
P25089,22,0,22,15,7,15
P26022,21,0,21,14,7,14
P31151,6,1,5,3,4,2
P32929,26,1,25,14,13,13
P36551,31,2,29,11,22,9
P42263,67,2,65,36,31,36
P49685,32,0,32,23,9,23
P49888,13,0,13,6,7,6
P50579,26,6,20,14,18,8
P55196,201,56,145,97,148,53
P58499,20,1,19,11,10,10
P59826,35,1,34,21,15,20
P62318,5,1,4,4,2,3
P98073,75,0,75,55,20,55
P98077,41,2,39,20,23,18
Q01151,13,1,12,6,8,5
Q01726,19,0,19,14,5,14
Q02543,16,6,10,7,13,3
Q05707,140,7,133,78,67,73
Q0P140,10,0,10,6,4,6
Q15437,49,2,47,33,16,33
Q16378,11,0,11,4,7,4
Q2VIR3,28,1,27,15,14,14
Q30KP8,3,0,3,3,0,3
Q30KQ8,10,0,10,4,6,4
Q3LI59,9,0,9,8,1,8
Q3YBR2,28,1,27,20,9,19
Q49AS3,5,0,5,2,3,2
Q5M9N0,126,1,125,54,73,53
Q6JEL2,33,0,33,17,16,17
Q6P582,15,3,12,8,8,7
Q6ZMQ8,148,9,139,64,87,61
Q6ZMT1,48,0,48,12,36,12
Q6ZRR5,19,0,19,15,4,15
Q7RTS6,42,0,42,28,14,28
Q7Z3V5,37,0,37,26,11,26
Q7Z6M1,25,0,25,16,9,16
Q86UE6,36,0,36,27,9,27
Q8IVF1,71,1,70,35,37,34
Q8IWT3,222,14,208,109,127,95
Q8IWU6,56,1,55,30,27,29
Q8N5U0,23,0,23,14,9,14
Q8N729,12,0,12,4,8,4
Q8N7H5,71,21,50,28,56,15
Q8N7N1,22,2,20,11,11,11
Q8N8U9,42,0,42,27,15,27
Q8N8Z3,21,0,21,7,14,7
Q8NGH9,14,0,14,13,1,13
Q8NGL4,28,0,28,27,1,27
Q8NGS4,29,0,29,25,4,25
Q8NGV0,15,0,15,13,2,13
Q8NHY6,68,1,67,47,22,46
Q8TD06,8,0,8,3,5,3
Q8WTT0,22,0,22,16,6,16
Q8WV74,9,0,9,1,8,1
Q8WXS8,97,3,94,57,41,56
Q92545,268,31,237,133,156,112
Q92685,27,4,23,20,11,16
Q92954,97,7,90,42,60,37
Q96AQ1,40,1,39,8,33,7
Q9BSA9,30,0,30,22,8,22
Q9BSE5,19,1,18,7,13,6
Q9BTY2,31,2,29,21,10,21
Q9BU19,64,7,57,31,38,26
Q9BWW7,30,1,29,17,12,18
Q9BXI6,46,14,32,24,36,10
Q9BYW3,5,0,5,5,0,5
Q9GZM5,14,0,14,7,7,7
Q9H3R1,61,2,59,42,21,40
Q9H5N1,58,8,50,22,42,16
Q9H6N6,58,0,58,22,36,22
Q9H9G7,46,5,41,26,23,23
Q9H9S0,41,2,39,20,21,20
Q9NR50,40,4,36,19,23,17
Q9NRX5,49,6,43,39,16,33
Q9NUT2,58,9,49,28,31,27
Q9NVE5,89,7,82,54,38,51
Q9NY46,174,14,160,113,69,105
Q9UBU7,95,27,68,51,65,30
Q9UL26,13,2,11,8,5,8
Q9ULK0,100,2,98,54,46,54
Q9UN81,20,0,20,1,19,1
Q9Y252,82,8,74,28,58,24
Q9Y3T6,32,1,31,14,19,13
A0A096LP55,4,0,4,2,2,2
A6NI28,110,15,95,55,70,40
B9A014,21,0,21,16,5,16
O43731,12,0,12,11,1,11
O60879,69,4,65,33,40,29
O75333,31,0,31,15,16,15
O75969,89,12,77,39,60,29
O94832,60,7,53,34,25,35
O95182,13,2,11,8,7,6
O95631,40,0,40,14,26,14
P01298,3,0,3,2,1,2
P01574,12,1,11,8,5,7
P01766,11,0,11,8,3,8
P02748,49,3,46,28,22,27
P0CF75,34,0,34,17,17,17
P0DN37,9,0,9,2,7,2
P0DUD4,17,0,17,8,9,8
P13861,32,10,22,15,23,9
P28335,28,1,27,18,11,17
P51681,22,3,19,19,4,18
P54253,100,14,86,49,61,39
P55082,42,3,39,22,23,19
P55916,16,0,16,5,11,5
P78424,73,2,71,30,45,28
Q02410,83,17,66,43,55,28
Q08289,96,12,84,25,81,15
Q12980,59,3,56,22,40,19
Q13018,118,0,118,94,24,94
Q13118,60,6,54,28,36,24
Q14168,36,4,32,17,23,13
Q14406,19,0,19,15,4,15
Q14582,19,0,19,6,13,6
Q15084,42,11,31,19,26,16
Q15813,40,4,36,24,16,24
Q3B8N2,30,0,30,22,8,22
Q3SYF9,4,0,4,3,1,3
Q400G9,48,3,45,30,21,27
Q5K651,114,3,111,74,41,73
Q5TIA1,132,2,130,80,50,82
Q6IPW1,12,0,12,3,9,3
Q6NUK1,30,6,24,15,11,19
Q6P047,7,0,7,4,3,4
Q6PIU2,22,0,22,14,8,14
Q6ZMI3,40,0,40,18,22,18
Q6ZMN8,27,0,27,15,12,15
Q6ZMP0,91,2,89,48,43,48
Q6ZUB1,159,0,159,73,86,73
Q76FK4,180,50,130,82,136,44
Q86TU6,8,0,8,2,6,2
Q86TW2,35,0,35,22,13,22
Q86UZ6,66,0,66,28,38,28
Q86XT9,20,0,20,12,8,12
Q86Y28,3,0,3,2,1,2
Q8IUG5,245,18,227,93,168,77
Q8IW40,14,1,13,9,6,8
Q8IWE2,64,16,48,33,43,21
Q8IXM2,25,10,15,13,20,5
Q8IZ73,31,4,27,16,19,12
Q8N1G1,142,18,124,55,105,37
Q8N823,61,2,59,39,22,39
Q8NCR3,18,0,18,9,9,9
Q8NDN9,33,0,33,17,16,17
Q8NEF9,69,23,46,30,58,11
Q8NEL0,25,2,23,14,11,14
Q8NFR7,27,0,27,14,13,14
Q8NGK3,15,0,15,14,1,14
Q8NHL6,68,3,65,33,38,30
Q8TC57,53,0,53,32,21,32
Q8TCX5,48,2,46,18,32,16
Q8WUX1,37,1,36,33,5,32
Q92828,46,6,40,29,21,25
Q96B01,70,22,48,31,59,11
Q96BR5,9,0,9,8,1,8
Q96BW5,17,1,16,11,7,10
Q96CG3,20,0,20,13,7,13
Q96CP7,15,0,15,15,0,15
Q96CX6,41,3,38,22,20,21
Q96GX8,11,3,8,7,5,6
Q96KR6,17,1,16,14,2,15
Q96LP6,40,1,39,17,22,18
Q96NZ1,51,1,50,21,31,20
Q96QE4,74,0,74,46,28,46
Q9BXR0,28,4,24,16,16,12
Q9BYJ0,12,0,12,5,7,5
Q9BYW2,402,87,315,192,291,111
Q9C0C7,182,17,165,78,117,65
Q9GZK4,27,0,27,25,2,25
Q9H0W7,19,1,18,13,5,14
Q9H2B4,48,0,48,31,17,31
Q9H461,43,0,43,32,11,32
Q9H7J1,14,0,14,1,13,1
Q9H7Z6,34,5,29,18,19,15
Q9NWD8,25,1,24,20,6,19
Q9NY65,34,9,25,15,24,10
Q9UIQ6,97,10,87,61,44,53
Q9UPT8,154,39,115,61,128,26
Q9Y4E6,145,14,131,79,80,65
Q9Y606,29,3,26,17,15,14
Q9Y6B2,12,0,12,2,10,2
A0A0A0MRZ8,13,0,13,9,4,9
A1A4F0,8,0,8,6,2,6
A6NCL7,27,0,27,7,20,7
A6NFQ2,54,0,54,34,20,34
A6NJG6,42,0,42,27,15,27
I3L273,42,0,42,20,22,20
O15182,5,1,4,3,3,2
O15226,67,14,53,38,43,24
O43283,115,6,109,55,66,49
O60427,23,0,23,17,6,17
O60573,19,2,17,9,12,7
O75326,52,0,52,38,14,38
O75486,29,2,27,17,14,15
O75564,40,0,40,24,16,24
P02787,45,4,41,22,21,24
P06733,43,18,25,20,19,24
P08571,32,4,28,18,16,16
P08648,91,7,84,57,39,52
P0C6P0,4,0,4,3,1,3
P0C860,47,0,47,5,42,5
P0DPH9,8,0,8,0,8,0
P11912,13,2,11,10,1,12
P15516,3,0,3,2,1,2
P21399,51,7,44,25,27,24
P25445,27,8,19,13,14,13
P25940,68,1,67,33,34,34
P35789,52,0,52,40,12,40
P46089,21,0,21,14,7,14
P47775,26,0,26,22,4,22
P47929,7,1,6,4,4,3
P48764,72,7,65,40,39,33
P51809,15,2,13,10,7,8
P54792,78,2,76,31,49,29
P56178,43,0,43,18,25,18
P56705,30,0,30,16,14,16
P57682,61,17,44,30,44,17
P58872,27,0,27,15,12,15
P61204,7,2,5,4,5,2
P78367,30,0,30,11,19,11
Q08357,70,17,53,41,44,26
Q0VAQ4,8,2,6,5,5,3
Q13045,83,7,76,47,41,42
Q13405,5,0,5,2,3,2
Q14088,13,1,12,9,5,8
Q14542,42,3,39,30,15,27
Q15723,72,16,56,34,46,26
Q15878,211,9,202,81,139,72
Q53QZ3,62,20,42,33,39,23
Q53RY4,13,1,12,12,2,11
Q5FWF5,106,14,92,50,70,36
Q5T3I0,38,11,27,18,29,9
Q5W0U4,31,2,29,20,13,18
Q63HN1,54,0,54,38,16,38
Q6NV74,130,38,92,56,100,30
Q6ZMY9,29,0,29,17,12,17
Q6ZS02,14,0,14,2,12,2
Q7Z2T5,63,8,55,35,26,37
Q7Z4L0,2,0,2,1,1,1
Q7Z4L5,61,2,59,38,23,38
Q7Z6R9,46,4,42,20,30,16
Q8N0V5,22,0,22,13,9,13
Q8N9I5,23,0,23,17,6,17
Q8NCW6,42,1,41,25,18,24
Q8NEZ2,46,4,42,19,31,15
Q8NHS2,28,0,28,19,9,19
Q8TB40,26,1,25,14,11,15
Q8TBX8,37,5,32,17,23,14
Q8TC07,76,19,57,40,53,23
Q8TCU5,94,0,94,56,38,56
Q8WUA2,37,6,31,14,29,8
Q8WUF8,35,7,28,17,23,12
Q8WWL7,143,5,138,59,81,62
Q8WWN9,63,7,56,35,35,28
Q8WYQ5,84,19,65,43,60,24
Q8WYQ9,156,5,151,82,77,79
Q96B67,40,0,40,22,18,22
Q96FH0,11,0,11,6,5,6
Q96FL9,30,0,30,16,14,16
Q96G30,18,1,17,8,11,7
Q96GX1,48,0,48,32,16,32
Q96JK2,146,25,121,61,96,50
Q96PQ1,61,2,59,38,25,36
Q96T83,66,5,61,39,32,34
Q99963,28,5,23,12,19,9
Q9BVJ7,4,0,4,1,3,1
Q9BZQ8,90,18,72,54,54,36
Q9C0G0,236,18,218,129,121,115
Q9GZW8,32,0,32,23,9,23
Q9H0R4,10,1,9,5,6,4
Q9H2X8,16,0,16,13,3,13
Q9NR46,26,2,24,18,8,18
Q9NSE2,23,2,21,12,13,10
Q9NU23,2,0,2,1,1,1
Q9P244,60,11,49,31,28,32
Q9UEU5,4,1,3,2,3,1
Q9UHI5,33,3,30,25,11,22
Q9UJJ9,19,1,18,10,8,11
Q9Y512,39,4,35,22,19,20
Q9Y5G1,73,2,71,40,35,38
Q9Y6A4,9,0,9,4,5,4
A0A075B6I9,11,0,11,7,4,7
A0A075B767,9,0,9,2,7,2
A6NKF1,16,2,14,9,9,7
A6NLU0,23,0,23,13,10,13
A8MVS5,25,0,25,10,15,10
B3EWG5,1,0,1,1,0,1
M0R2J8,140,0,140,70,70,70
O14727,107,5,102,61,47,60
O15342,2,0,2,2,0,2
O43597,50,15,35,22,33,17
O75132,174,23,151,95,98,76
O75347,2,1,1,1,2,0
O94850,64,2,62,24,42,22
P01138,18,1,17,8,11,7
P06454,1,0,1,0,1,0
P08588,38,4,34,19,23,15
P09466,5,0,5,3,2,3
P0DJ93,8,0,8,1,7,1
P11142,52,20,32,27,27,25
P11801,33,0,33,13,20,13
P16471,53,6,47,29,24,29
P17275,36,8,28,20,20,16
P20472,7,1,6,3,5,2
P35913,40,0,40,26,14,26
P43358,29,5,24,14,20,9
P50747,72,7,65,43,32,40
P55039,26,1,25,16,11,15
P78417,20,7,13,10,17,3
P82675,28,2,26,14,16,12
P98168,80,3,77,54,29,51
Q00587,79,34,45,39,56,23
Q09019,68,11,57,30,49,19
Q13164,79,21,58,45,39,40
Q13617,47,0,47,34,13,34
Q14289,78,22,56,37,43,35
Q15116,25,1,24,11,15,10
Q15363,9,0,9,7,2,7
Q15650,48,7,41,24,29,19
Q16352,60,7,53,28,39,21
Q17R55,20,0,20,15,5,15
Q2KHN1,13,2,11,6,7,6
Q2TV78,42,0,42,30,12,30
Q3MUY2,6,0,6,5,1,5
Q5H9J7,1,0,1,0,1,0
Q5JTJ3,12,2,10,10,4,8
Q5T1R4,393,51,342,154,286,107
Q5T2W1,46,9,37,19,28,18
Q6IQ55,157,20,137,63,108,49
Q6PEW0,38,0,38,24,14,24
Q6T4R5,263,22,241,96,179,84
Q6TGC4,51,1,50,32,20,31
Q6UX01,31,0,31,22,9,22
Q6UXV1,10,0,10,8,2,8
Q6ZS82,13,0,13,5,8,5
Q6ZWJ8,103,0,103,76,27,76
Q86SM5,18,0,18,14,4,14
Q86YL5,18,0,18,11,7,11
Q8IU57,49,2,47,22,27,22
Q8IXQ8,22,0,22,11,11,11
Q8N131,33,1,32,27,5,28
Q8N4B5,18,0,18,6,12,6
Q8NA23,34,0,34,19,15,19
Q8NE28,61,0,61,39,22,39
Q8NE63,43,1,42,19,25,18
Q8NFH4,20,0,20,13,7,13
Q8NFW5,34,0,34,13,21,13
Q8NGR9,25,0,25,20,5,20
Q8TE76,73,7,66,35,43,30
Q8WXS5,42,4,38,17,29,13
Q96C00,40,2,38,17,25,15
Q96D15,13,1,12,4,10,3
Q96DT5,225,1,224,143,81,144
Q96EY8,18,2,16,14,4,14
Q96IV6,21,1,20,16,6,15
Q96JP5,61,12,49,22,51,10
Q96KF7,5,1,4,2,4,1
Q96LA5,59,1,58,30,30,29
Q96QR8,22,7,15,13,16,6
Q96R72,29,0,29,20,9,20
Q99638,53,14,39,30,33,20
Q99819,10,0,10,8,2,8
Q9BQ31,44,0,44,34,10,34
Q9BQ75,22,4,18,12,14,8
Q9BVK6,10,0,10,7,3,7
Q9BYD5,5,0,5,3,2,3
Q9C0I4,152,2,150,108,46,106
Q9H2C1,40,0,40,18,22,18
Q9H300,31,2,29,19,14,17
Q9HC10,126,2,124,51,73,53
Q9HCN2,14,0,14,7,7,7
Q9NRS4,33,0,33,22,11,22
Q9NX55,10,2,8,3,7,3
Q9NY27,68,17,51,32,53,15
Q9NZQ3,71,8,63,37,38,33
Q9P2J9,37,1,36,16,22,15
Q9UHA3,3,1,2,2,2,1
Q9Y399,13,1,12,7,5,8
Q9Y662,27,0,27,12,15,12
Q9Y6U7,20,2,18,12,10,10
A0A0G2JLE6,28,0,28,27,1,27
A0A1B0GTS1,36,0,36,16,20,16
A0A599,7,0,7,3,4,3
A0A5B9,15,0,15,10,5,10
A0A8I5KYS1,13,0,13,7,6,7
A6NGE7,10,0,10,2,8,2
A6NGY1,35,1,34,11,25,10
A6NK02,38,0,38,26,12,26
A7MD48,176,19,157,31,160,16
A8MUA0,30,0,30,8,22,8
B2RD01,17,0,17,6,11,6
O00217,10,1,9,2,9,1
O00270,20,0,20,14,6,14
O43516,83,20,63,24,77,6
O43670,30,2,28,15,17,13
O60264,71,17,54,40,30,41
O60412,32,0,32,28,4,28
O75473,96,5,91,60,41,55
O95373,46,7,39,24,27,19
O95497,40,1,39,27,14,26
P06734,28,0,28,12,16,12
P07951,21,10,11,11,18,3
P08263,21,9,12,11,19,2
P0DJD3,73,3,70,22,54,19
P0DPH7,19,0,19,6,13,6
P14854,5,1,4,3,3,2
P16389,43,7,36,26,20,23
P18858,95,27,68,47,63,32
P21291,17,6,11,11,6,11
P34998,35,5,30,26,14,21
P36955,41,3,38,19,25,16
P42857,11,0,11,6,5,6
P54652,40,8,32,21,21,19
P55042,30,7,23,15,20,10
P55145,12,4,8,7,7,5
P55318,32,1,31,19,14,18
P62491,22,6,16,13,15,7
P98082,121,33,88,57,73,48
P98088,828,0,828,647,181,647
Q02833,18,0,18,3,15,3
Q07283,30,1,29,8,23,7
Q0VFX4,18,0,18,6,12,6
Q12907,24,1,23,14,11,13
Q14520,39,0,39,25,14,25
Q16576,41,8,33,29,12,29
Q495M3,36,0,36,27,9,27
Q49B96,5,1,4,3,1,4
Q4V326,4,1,3,2,3,1
Q5EBL2,73,0,73,49,24,49
Q5HYN5,19,3,16,11,9,10
Q5VTL7,88,0,88,59,29,59
Q6PEY2,30,9,21,13,20,10
Q6Q795,7,0,7,4,3,4
Q6ZPA2,10,0,10,4,6,4
Q6ZSA8,11,0,11,7,4,7
Q6ZVL8,9,0,9,3,6,3
Q6ZVQ6,17,0,17,4,13,4
Q70E73,207,59,148,99,141,66
Q7Z3F1,71,2,69,48,25,46
Q7Z614,11,0,11,7,4,7
Q86SQ6,28,0,28,10,18,10
Q86T75,71,3,68,45,29,42
Q86VN1,27,0,27,9,18,9
Q8N1Y9,22,0,22,13,9,13
Q8N268,9,0,9,7,2,7
Q8N2K1,11,0,11,10,1,10
Q8N377,23,0,23,14,9,14
Q8NDV7,341,45,296,158,222,119
Q8NHS1,12,0,12,11,1,11
Q8TDN6,14,1,13,6,9,5
Q8TDQ1,21,0,21,8,13,8
Q8TED1,15,1,14,6,10,5
Q92520,12,2,10,6,6,6
Q969X1,16,2,14,12,6,10
Q96AX2,15,2,13,7,10,5
Q96JJ7,34,4,30,17,21,13
Q96M66,15,0,15,8,7,8
Q96NL8,19,0,19,10,9,10
Q96NR7,13,0,13,4,9,4
Q99595,13,1,12,9,5,8
Q9BRV8,19,5,14,10,14,5
Q9BTK2,3,0,3,1,2,1
Q9BYD9,24,0,24,18,6,18
Q9C0H2,45,4,41,29,16,29
Q9H4A4,36,2,34,22,16,20
Q9HCD6,295,69,226,150,206,89
Q9NNZ3,21,0,21,11,10,11
Q9P000,23,1,22,16,6,17
Q9P1Z9,140,6,134,65,79,61
Q9P2W1,10,1,9,5,4,6
Q9UBI6,9,3,6,4,8,1
Q9UGF7,24,0,24,20,4,20
Q9UKG9,38,1,37,23,16,22
Q9UKT7,43,1,42,23,21,22
Q9UPM6,30,0,30,13,17,13
Q9Y2Q1,34,0,34,25,9,25
Q9Y2Y9,29,5,24,13,21,8
Q9Y3F1,7,0,7,6,1,6
Q9Y4K0,51,2,49,36,17,34
A0A087WT02,7,0,7,5,2,5
A0A8I5KQN6,16,0,16,10,6,10
A6NDE4,70,0,70,17,53,17
A6NJ88,45,0,45,26,19,26
O15381,82,24,58,34,50,32
O15488,59,6,53,28,37,22
O60462,79,0,79,40,39,40
O75526,39,1,38,5,35,4
O75596,13,0,13,8,5,8
O94868,84,19,65,42,61,23
P00326,26,4,22,17,13,13
P09012,12,1,11,7,6,6
P09086,54,6,48,27,33,21
P0DM63,26,0,26,14,12,14
P10915,17,0,17,10,7,10
P17036,45,3,42,29,19,26
P22681,127,39,88,66,68,59
P22736,81,12,69,45,46,35
P25311,17,0,17,11,6,11
P27169,24,0,24,16,8,16
P32239,40,3,37,25,16,24
P35052,40,0,40,22,18,22
P36222,29,0,29,17,12,17
P46976,36,5,31,19,20,16
P47224,8,1,7,5,4,4
P48048,28,5,23,15,12,16
P49760,60,14,46,20,54,6
P51114,72,25,47,34,47,25
P51787,59,8,51,34,33,26
P51793,48,1,47,32,17,31
P55809,32,3,29,11,24,8
P59922,19,0,19,15,4,15
P61009,10,0,10,8,2,8
Q02156,50,16,34,26,36,14
Q03933,56,0,56,33,23,33
Q13823,61,11,50,26,46,15
Q13939,47,2,45,31,16,31
Q15361,106,21,85,63,56,50
Q15784,28,0,28,16,12,16
Q15911,433,48,385,227,238,195
Q49A92,60,1,59,19,42,18
Q4G148,23,0,23,17,6,17
Q53F39,29,0,29,12,17,12
Q5JR98,22,1,21,10,13,9
Q5T5J6,102,4,98,44,60,42
Q5T8I3,66,18,48,31,47,19
Q5TA31,6,0,6,3,3,3
Q6PHR2,40,8,32,17,25,15
Q6PL18,165,50,115,89,102,63
Q6ZTR7,14,0,14,8,6,8
Q86XP1,105,10,95,51,64,41
Q86XP6,12,0,12,8,4,8
Q8IVG9,1,0,1,1,0,1
Q8IVH4,29,1,28,15,15,14
Q8IVL5,38,0,38,17,21,17
Q8N2G8,32,2,30,13,21,11
Q8N7X8,20,0,20,10,10,10
Q8N983,19,0,19,9,10,9
Q8NDY3,15,0,15,9,6,9
Q8NEA6,108,6,102,48,64,44
Q8NGJ0,27,0,27,20,7,20
Q8TB05,18,0,18,11,7,11
Q8TCB0,36,1,35,26,11,25
Q8WWB3,5,0,5,2,3,2
Q8WXH2,81,5,76,30,56,25
Q92523,60,3,57,39,20,40
Q92876,15,0,15,9,6,9
Q969N4,31,0,31,24,7,24
Q96G74,59,18,41,32,43,16
Q96HV5,20,0,20,15,5,15
Q96LX7,43,2,41,20,23,20
Q96R05,6,0,6,4,2,4
Q99731,3,0,3,2,1,2
Q9BR77,33,6,27,17,22,11
Q9BRT2,6,0,6,1,5,1
Q9BRX5,16,1,15,4,13,3
Q9BYQ4,17,0,17,17,0,17
Q9C0C4,52,6,46,33,23,29
Q9C0K1,33,3,30,21,15,18
Q9H427,20,1,19,12,9,11
Q9H4B4,48,3,45,26,21,27
Q9H9Y2,17,0,17,10,7,10
Q9HAW0,38,5,33,23,18,20
Q9NPP4,76,1,75,47,30,46
Q9NQT4,21,2,19,14,9,12
Q9NRK6,60,2,58,37,21,39
Q9NS25,7,0,7,2,5,2
Q9NUH8,7,0,7,6,1,6
Q9NVR7,49,2,47,26,23,26
Q9NWH7,63,12,51,31,42,21
Q9NYY8,60,5,55,33,32,28
Q9NZP5,22,0,22,19,3,19
Q9P107,109,28,81,53,82,27
Q9UGI8,26,7,19,16,17,9
Q9UHQ9,14,2,12,6,10,4
Q9ULL0,260,23,237,103,170,90
Q9Y2D1,14,2,12,6,10,4
Q9Y5E6,67,0,67,45,22,45
Q9Y5R6,54,1,53,27,28,26
A0A0J9YXY3,6,0,6,3,3,3
A6NCN2,13,0,13,5,8,5
A6NGJ6,42,0,42,20,22,20
A6NLW8,12,0,12,4,8,4
O00294,31,0,31,2,29,2
O14920,67,20,47,34,39,28
O15016,138,2,136,80,60,78
O15205,16,4,12,6,14,2
O15264,22,4,18,14,12,10
O43679,30,2,28,13,19,11
O75208,26,2,24,9,19,7
O94829,69,0,69,48,21,48
P03891,27,0,27,23,4,23
P05121,27,0,27,17,10,17
P05976,11,4,7,6,5,6
P0CG33,40,0,40,11,29,11
P10412,29,14,15,14,19,10
P19174,110,15,95,68,53,57
P22914,9,0,9,4,5,4
P23378,66,2,64,42,26,40
P39656,44,4,40,25,21,23
P42226,67,4,63,45,24,43
P42262,73,2,71,43,28,45
P42331,72,17,55,33,54,18
P46781,10,4,6,5,9,1
P55084,38,3,35,21,20,18
P63220,7,2,5,4,5,2
P78543,16,1,15,10,7,9
P85298,32,1,31,18,15,17
Q00056,21,4,17,9,16,5
Q01201,51,7,44,26,30,21
Q06323,10,4,6,5,9,1
Q08708,24,0,24,13,11,13
Q13459,212,54,158,103,145,67
Q14249,13,0,13,10,3,10
Q15717,38,13,25,18,27,11
Q17RS7,98,6,92,45,59,39
Q2M238,9,0,9,6,3,6
Q4G0N7,7,0,7,2,5,2
Q5K130,7,0,7,5,2,5
Q5NUL3,25,2,23,19,6,19
Q5QNW6,22,11,11,11,22,0
Q5TA89,12,1,11,6,7,5
Q68CQ4,69,6,63,28,43,26
Q6B0I6,34,1,33,17,18,16
Q6P5S7,9,0,9,5,4,5
Q6UWN5,17,0,17,13,4,13
Q7Z6E9,315,87,228,145,255,60
Q86TI2,65,2,63,36,31,34
Q86UU1,210,62,148,99,171,39
Q8IVL1,469,79,390,218,322,147
Q8IXL7,20,0,20,12,8,12
Q8N635,44,0,44,31,13,31
Q8N9V6,39,6,33,15,30,9
Q8NCW5,21,2,19,9,12,9
Q8ND61,87,0,87,45,42,45
Q8NGJ5,23,0,23,18,5,18
Q8NGU2,19,0,19,16,3,16
Q8TBC4,29,6,23,18,15,14
Q8TF50,46,0,46,26,20,26
Q8WXC3,1,0,1,1,0,1
Q92187,28,0,28,10,18,10
Q92759,34,2,32,23,11,23
Q92966,24,2,22,11,15,9
Q92994,72,12,60,40,42,30
Q96E29,37,0,37,20,17,20
Q96EK6,16,4,12,8,10,6
Q96FX7,25,5,20,11,15,10
Q96H40,30,0,30,19,11,19
Q96K17,8,0,8,4,4,4
Q96LY2,40,2,38,10,32,8
Q96MI9,95,2,93,53,40,55
Q96P66,46,0,46,25,21,25
Q9BQA9,21,4,17,9,16,5
Q9BTW9,68,2,66,49,21,47
Q9BVP2,52,10,42,27,33,19
Q9BYV8,45,12,33,24,27,18
Q9H063,41,9,32,20,30,11
Q9H0A6,19,0,19,12,7,12
Q9H270,66,4,62,43,25,41
Q9H4A9,44,0,44,19,25,19
Q9H628,17,0,17,12,5,12
Q9H6D8,21,1,20,7,15,6
Q9HA90,31,0,31,11,20,11
Q9HAV4,88,10,78,53,43,45
Q9HC73,26,0,26,16,10,16
Q9HCJ3,71,9,62,46,32,39
Q9NPE3,3,0,3,0,3,0
Q9NRM1,94,2,92,36,60,34
Q9P2E5,45,2,43,26,21,24
Q9P2N5,125,25,100,55,91,34
Q9UBZ4,40,2,38,22,20,20
Q9UI54,3,0,3,3,0,3
Q9UJU3,92,1,91,67,26,66
Q9UKF6,44,7,37,25,24,20
Q9Y232,64,11,53,31,42,22
Q9Y4D8,378,23,355,215,180,198
Q9Y4K4,66,9,57,42,33,33
Q9Y6N3,16,0,16,6,10,6
A0A075B6K5,11,0,11,9,2,9
A0A087WTH1,5,0,5,3,2,3
A0A0K0K1C0,8,0,8,4,4,4
A0A1W2PPM1,38,0,38,27,11,27
A0A5F9Z9Y6,22,0,22,20,2,20
A6NE82,13,0,13,8,5,8
A6NGR9,44,1,43,22,23,21
B0YJ81,24,5,19,14,13,11
C9JN71,49,0,49,28,21,28
O14493,14,1,13,8,7,7
O14519,14,2,12,5,11,3
O14732,17,2,15,7,12,5
O43324,13,2,11,7,8,5
O60447,85,12,73,43,48,37
O60667,36,2,34,15,23,13
O60711,40,13,27,24,23,17
O75920,15,3,12,8,10,5
O76083,36,2,34,15,23,13
P00747,64,8,56,38,28,36
P01721,19,0,19,9,10,9
P06310,17,0,17,11,6,11
P07148,7,3,4,3,7,0
P07478,23,0,23,13,10,13
P0C672,12,0,12,11,1,11
P0DJJ0,35,0,35,22,13,22
P0DV73,43,0,43,26,17,26
P13942,66,2,64,25,43,23
P23327,85,30,55,41,68,17
P26045,97,21,76,55,53,44
P35914,27,3,24,16,14,13
P37288,38,3,35,24,17,21
P40205,5,0,5,3,2,3
P53675,106,11,95,66,41,65
P60201,16,1,15,11,6,10
P83111,39,4,35,24,17,22
Q00325,26,5,21,18,11,15
Q13454,25,2,23,17,8,17
Q13608,75,1,74,41,35,40
Q14393,42,3,39,27,18,24
Q14807,68,19,49,35,48,20
Q15173,40,9,31,21,28,12
Q15389,28,2,26,17,13,15
Q15418,71,24,47,34,51,20
Q15759,26,3,23,16,11,15
Q16553,16,0,16,14,2,14
Q16587,53,2,51,38,17,36
Q2QL34,9,0,9,8,1,8
Q5T7N3,114,14,100,50,74,40
Q5VWQ8,157,36,121,70,113,44
Q6NXP6,29,0,29,16,13,16
Q6PJG2,104,23,81,54,67,37
Q6UXH9,56,2,54,27,31,25
Q6X4W1,54,7,47,20,41,13
Q6ZPD9,42,0,42,29,13,29
Q70EL3,19,0,19,13,6,13
Q7RTR2,79,0,79,39,40,39
Q7Z4W3,5,0,5,3,2,3
Q86U70,44,10,34,18,32,12
Q86W47,15,1,14,11,3,12
Q86Y33,57,0,57,34,23,34
Q8IWV1,49,7,42,21,35,14
Q8IY31,1,0,1,1,0,1
Q8IYX7,31,0,31,17,14,17
Q8N137,85,8,77,36,57,28
Q8N138,8,0,8,8,0,8
Q8N2A8,14,1,13,7,8,6
Q8N474,14,0,14,9,5,9
Q8N4X5,104,24,80,54,74,30
Q8N9V3,47,0,47,30,17,30
Q8NAJ2,22,0,22,12,10,12
Q8NB42,46,0,46,34,12,34
Q8NHW4,9,0,9,7,2,7
Q8TB68,23,3,20,14,12,11
Q96M78,11,0,11,3,8,3
Q96T54,29,0,29,22,7,22
Q99217,6,0,6,3,3,3
Q9BUP0,19,6,13,9,8,11
Q9BX26,179,9,170,82,104,75
Q9BXP8,142,0,142,80,62,80
Q9BYQ2,15,0,15,14,1,14
Q9H0C8,37,4,33,13,28,9
Q9H1J5,30,0,30,17,13,17
Q9H1P6,4,0,4,3,1,3
Q9H228,31,1,30,11,21,10
Q9H2U2,28,10,18,14,24,4
Q9H981,51,8,43,30,29,22
Q9H9E1,29,4,25,15,18,11
Q9NQW8,46,2,44,18,30,16
Q9NQZ5,30,1,29,14,17,13
Q9NR80,46,4,42,27,23,23
Q9NXW2,27,2,25,14,13,14
Q9NXW9,19,0,19,11,8,11
Q9NYK1,92,1,91,53,38,54
Q9NYN1,24,2,22,12,14,10
Q9UFD9,144,6,138,64,86,58
Q9ULG6,75,6,69,37,44,31
Q9ULJ1,43,1,42,24,18,25
Q9Y4K3,33,2,31,22,11,22
Q9Y530,9,0,9,5,4,5
Q9Y6A9,16,2,14,6,12,4
A0A075B6H7,16,0,16,12,4,12
A0A0G2JNH3,15,0,15,14,1,14
A0A1B0GV85,59,0,59,29,30,29
A0A669KB60,1,0,1,0,1,0
A1A5C7,43,0,43,35,8,35
A6NJI1,8,1,7,1,8,0
A8K010,16,0,16,9,7,9
O00213,71,10,61,36,41,30
O00764,25,7,18,13,19,6
O14556,24,0,24,15,9,15
O14787,51,4,47,34,21,30
O15116,5,1,4,1,5,0
O60271,177,51,126,86,110,67
O60688,7,0,7,4,3,4
O95470,45,4,41,19,30,15
O95954,32,4,28,15,21,11
P0CV99,15,0,15,13,2,13
P0DKB5,10,0,10,8,2,8
P11150,37,1,36,26,12,25
P11182,33,2,31,22,13,20
P15309,29,1,28,20,10,19
P18075,34,0,34,22,12,22
P22460,36,2,34,20,18,18
P24863,12,2,10,4,8,4
P29017,29,0,29,20,9,20
P29353,52,8,44,25,29,23
P35555,176,3,173,125,54,122
P47874,5,0,5,0,5,0
P49588,57,10,47,35,30,27
P49638,15,0,15,9,6,9
P52848,54,2,52,31,25,29
P53804,181,11,170,99,91,90
P58062,9,0,9,5,4,5
P61165,4,0,4,3,1,3
P63244,37,7,30,19,17,20
Q02127,20,0,20,11,9,11
Q02643,32,0,32,24,8,24
Q03403,12,0,12,9,3,9
Q03431,47,7,40,31,23,24
Q12792,25,2,23,14,13,12
Q12888,409,166,243,205,270,139
Q13153,56,19,37,29,36,20
Q13627,83,12,71,47,36,47
Q14679,173,8,165,94,87,86
Q15517,143,0,143,66,77,66
Q15555,39,14,25,21,28,11
Q3SX64,26,5,21,9,22,4
Q3SY46,34,0,34,27,7,27
Q3SYG4,71,0,71,48,23,48
Q3ZCQ2,17,1,16,10,6,11
Q5T036,23,0,23,8,15,8
Q5TFE4,34,1,33,23,10,24
Q5VUR7,58,4,54,42,20,38
Q6NTF7,10,1,9,8,1,9
Q6UW88,6,0,6,4,2,4
Q6UX39,13,0,13,10,3,10
Q6YI46,27,0,27,16,11,16
Q7Z3I7,64,0,64,38,26,38
Q7Z3Z2,18,0,18,3,15,3
Q7Z6J8,44,0,44,33,11,33
Q86TJ2,22,0,22,8,14,8
Q86W92,114,28,86,59,77,37
Q8IYK4,33,0,33,20,13,20
Q8IZD0,73,8,65,24,53,20
Q8N1G0,179,50,129,87,136,43
Q8NGD0,22,0,22,19,3,19
Q8NGX3,20,0,20,16,4,16
Q8NH09,37,0,37,29,8,29
Q8NHZ7,13,0,13,9,4,9
Q8TBH0,33,3,30,14,20,13
Q8TCN5,131,17,114,68,80,51
Q8TDX6,23,0,23,11,12,11
Q8WUB2,34,1,33,15,20,14
Q8WXI9,67,18,49,34,49,18
Q92729,97,5,92,66,36,61
Q92900,89,13,76,49,45,44
Q96C92,55,10,45,27,36,19
Q96CP6,110,26,84,52,84,26
Q96EV8,39,6,33,20,25,14
Q96GX9,17,5,12,10,8,9
Q96KB5,36,14,22,20,28,8
Q96KE9,34,0,34,17,17,17
Q96MC4,47,0,47,12,35,12
Q96N03,15,0,15,8,7,8
Q96NL3,36,0,36,29,7,29
Q96QA5,26,0,26,11,15,11
Q9BX63,148,31,117,83,90,58
Q9H4W6,55,0,55,35,20,35
Q9H596,18,1,17,10,9,9
Q9NRG0,11,0,11,4,7,4
Q9NTX5,26,3,23,12,17,9
Q9NXU5,17,0,17,8,9,8
Q9NY59,62,7,55,29,34,28
Q9UBF6,12,2,10,7,7,5
Q9UBZ9,121,8,113,70,59,62
Q9UMR5,22,0,22,12,10,12
Q9Y2C2,19,0,19,9,10,9
Q9Y2J0,53,4,49,19,38,15
Q9Y678,73,14,59,43,30,43
Q9Y6X2,64,5,59,37,30,34
A0A075B7B6,19,0,19,12,7,12
A0A0B4J1X5,14,0,14,6,8,6
A0A0C4DH73,18,0,18,13,5,13
A0A1B0GVM5,4,0,4,2,2,2
A1E959,20,0,20,11,9,11
A4IF30,48,0,48,31,17,31
A6NFA0,40,0,40,24,16,24
A6NHR8,22,0,22,14,8,14
A6NNM3,137,0,137,58,79,58
O00744,32,1,31,9,22,10
O75129,128,4,124,75,57,71
O75153,94,9,85,55,48,46
O94777,3,0,3,3,0,3
O94900,59,5,54,32,32,27
O95400,33,12,21,16,25,8
O95428,126,1,125,71,56,70
O95886,108,12,96,36,82,26
P0C645,22,0,22,21,1,21
P0C862,14,0,14,7,7,7
P0DSN7,17,0,17,11,6,11
P11802,16,2,14,9,7,9
P12236,19,6,13,12,7,12
P13232,10,0,10,5,5,5
P14324,19,1,18,11,9,10
P14868,29,6,23,14,15,14
P17181,56,6,50,31,27,29
P17542,24,4,20,9,17,7
P22674,29,2,27,20,11,18
P25789,18,6,12,10,6,12
P35368,53,7,46,28,32,21
P40225,30,0,30,16,14,16
P43251,29,1,28,21,9,20
P51854,51,3,48,29,25,26
P53680,2,1,1,1,2,0
P55000,9,0,9,3,6,3
P61244,33,14,19,16,27,6
P61812,33,0,33,18,15,18
P62955,28,2,26,15,15,13
P69905,15,7,8,7,7,8
Q07955,44,20,24,21,43,1
Q08AM6,63,7,56,38,32,31
Q13277,22,3,19,10,15,7
Q14507,11,2,9,4,9,2
Q15345,98,10,88,56,52,46
Q15768,23,3,20,8,18,5
Q32M92,11,0,11,6,5,6
Q49MI3,36,1,35,17,20,16
Q5JTZ5,20,3,17,11,12,8
Q5MNZ6,24,0,24,15,9,15
Q5T9C2,78,22,56,38,50,28
Q5VU97,113,5,108,62,52,61
Q5XUX1,52,8,44,32,26,26
Q66GS9,106,17,89,41,76,30
Q6IE38,7,0,7,6,1,6
Q6P093,20,0,20,10,10,10
Q6UWD8,16,3,13,8,9,7
Q6ZN55,71,10,61,41,34,37
Q7L1Q6,24,4,20,12,10,14
Q86UV6,16,0,16,12,4,12
Q86VW0,45,0,45,36,9,36
Q8N148,23,0,23,20,3,20
Q8N587,41,3,38,28,14,27
Q8N967,25,0,25,13,12,13
Q8NA58,37,0,37,23,14,23
Q8NA72,87,17,70,44,60,27
Q8ND23,134,4,130,68,68,66
Q8NEA9,42,0,42,25,17,25
Q8NI27,159,27,132,86,96,63
Q8TC76,66,18,48,33,47,19
Q8TCC7,40,0,40,28,12,28
Q8TDN1,46,0,46,26,20,26
Q8WXD0,56,5,51,39,12,44
Q92539,122,23,99,62,79,43
Q92832,56,0,56,40,16,40
Q92843,7,0,7,3,4,3
Q96DU7,57,9,48,26,38,19
Q96EN8,91,6,85,54,41,50
Q96HR8,62,3,59,23,42,20
Q96KP1,83,9,74,52,38,45
Q96T49,43,3,40,17,29,14
Q9BYD3,20,3,17,9,12,8
Q9BZC1,32,0,32,15,17,15
Q9C0B1,33,7,26,17,19,14
Q9H3M0,35,0,35,19,16,19
Q9H8U3,30,4,26,16,18,12
Q9NRD1,16,1,15,8,9,7
Q9NS73,27,4,23,15,16,11
Q9NUW8,77,15,62,41,51,26
Q9NW61,10,1,9,5,6,4
Q9NXL9,136,20,116,62,90,46
Q9NZ43,25,5,20,10,18,7
Q9UHQ7,4,1,3,1,4,0
Q9UL58,53,1,52,31,21,32
Q9ULW5,14,1,13,5,10,4
Q9UNX4,83,9,74,48,42,41
Q9Y295,14,1,13,7,8,6
Q9Y5P8,38,2,36,18,22,16
Q9Y6X5,39,4,35,18,21,18
A0A0B4J1Y8,14,0,14,10,4,10
A8MXQ7,16,0,16,6,10,6
C9JRZ8,13,0,13,8,5,8
D3W0D1,17,0,17,14,3,14
O00291,101,9,92,53,57,44
O14735,18,0,18,13,5,13
O14763,32,0,32,12,20,12
O60477,66,0,66,42,24,42
O60760,5,0,5,3,2,3
O75317,22,0,22,14,8,14
O75607,20,7,13,8,13,7
O76070,13,5,8,7,9,4
O95168,3,1,2,1,3,0
O95388,23,0,23,17,6,17
O95831,60,17,43,31,34,26
P00973,24,1,23,10,15,9
P04628,34,1,33,18,15,19
P06865,35,1,34,25,11,24
P08236,39,0,39,26,13,26
P0C6C1,64,0,64,22,42,22
P0DJ07,1,0,1,1,0,1
P0DP24,4,0,4,1,3,1
P17014,53,0,53,33,20,33
P19525,64,12,52,32,38,26
P22894,32,0,32,21,11,21
P33402,56,3,53,24,35,21
P36639,4,0,4,2,2,2
P55085,42,7,35,25,24,18
P55769,10,3,7,3,10,0
P61923,13,2,11,7,4,9
P62750,7,3,4,4,6,1
Q07666,46,18,28,23,35,11
Q10587,26,2,24,13,15,11
Q12756,164,24,140,76,94,70
Q12778,120,24,96,60,70,50
Q13069,3,0,3,1,2,1
Q13099,69,9,60,35,39,30
Q13367,122,14,108,52,84,38
Q13402,136,2,134,82,52,84
Q13620,112,26,86,52,60,52
Q15653,31,11,20,14,26,5
Q15942,66,26,40,34,44,22
Q1KMD3,56,18,38,33,33,23
Q5H943,11,0,11,4,7,4
Q5IJ48,77,1,76,49,27,50
Q5TH69,263,45,218,136,156,107
Q676U5,61,9,52,34,36,25
Q6P996,79,25,54,44,46,33
Q6QNY1,6,0,6,5,1,5
Q6ZMV5,50,0,50,32,18,32
Q6ZRK6,94,2,92,47,47,47
Q6ZSJ9,49,3,46,17,33,16
Q6ZWH5,106,0,106,47,59,47
Q7Z2K6,70,0,70,46,24,46
Q7Z3T8,200,27,173,121,88,112
Q7Z6J6,56,9,47,26,35,21
Q86YL7,15,0,15,9,6,9
Q8IUB3,3,0,3,3,0,3
Q8IVM0,17,2,15,4,13,4
Q8N808,28,0,28,22,6,22
Q8N8Q1,15,0,15,10,5,10
Q8N9H9,66,0,66,26,40,26
Q8NES8,4,0,4,3,1,3
Q8NFZ8,25,3,22,13,11,14
Q8NG81,28,0,28,23,5,23
Q8NGA2,31,0,31,28,3,28
Q8NGH5,24,0,24,21,3,21
Q8WUY8,7,0,7,5,2,5
Q8WV99,28,4,24,14,14,14
Q8WXX7,152,17,135,53,112,40
Q8WY41,23,2,21,14,11,12
Q96JW4,49,2,47,35,16,33
Q96MR6,85,0,85,44,41,44
Q9BT25,60,18,42,28,46,14
Q9BTK6,30,7,23,11,26,4
Q9BU61,10,0,10,5,5,5
Q9BYZ8,18,1,17,12,5,13
Q9H2J1,23,0,23,11,12,11
Q9HAW9,36,0,36,30,6,30
Q9HB21,54,17,37,28,43,11
Q9HC44,84,22,62,38,54,30
Q9NRR3,12,5,7,5,4,8
Q9NSD9,22,2,20,15,5,17
Q9NUM4,22,3,19,15,6,16
Q9NW68,58,14,44,31,37,21
Q9NXZ1,80,6,74,51,35,45
Q9NY61,72,27,45,35,60,12
Q9NYQ7,293,11,282,149,153,140
Q9NYY3,52,3,49,27,24,28
Q9UHH9,29,3,26,15,17,12
Q9UHM6,45,0,45,27,18,27
Q9UKD2,22,7,15,11,16,6
Q9ULC8,99,19,80,42,76,23
Q9Y216,62,0,62,30,32,30
Q9Y2B9,4,0,4,1,3,1
Q9Y4Z0,3,0,3,2,1,2
Q9Y5C1,36,0,36,17,19,17
Q9Y5X4,40,0,40,23,17,23
Q9Y6I4,47,4,43,30,17,30
Q9Y6J8,19,0,19,11,8,11
A0A075B6J2,17,0,17,14,3,14
A0A286YFB4,6,0,6,5,1,5
A2A2Z9,53,1,52,27,27,26
O00110,15,0,15,8,7,8
O15146,72,2,70,40,32,40
O43561,53,22,31,26,41,12
O60921,18,1,17,12,7,11
O75309,58,0,58,29,29,29
O75409,12,0,12,6,6,6
O75506,6,1,5,4,3,3
O95965,34,0,34,25,9,25
P07498,7,0,7,5,2,5
P09471,25,3,22,11,17,8
P0C2Y1,37,0,37,17,20,17
P0C7T2,25,0,25,17,8,17
P0DP02,12,0,12,8,4,8
P13497,80,1,79,39,42,38
P29474,89,11,78,45,51,38
P35414,35,2,33,18,19,16
P36575,27,0,27,19,8,19
P52597,50,15,35,25,36,14
P54840,47,5,42,19,33,14
P55036,31,6,25,13,20,11
P57076,13,3,10,8,8,5
P62861,2,0,2,1,1,1
P63173,5,2,3,2,5,0
Q01804,131,8,123,63,74,57
Q04912,103,3,100,70,34,69
Q07021,25,7,18,12,14,11
Q07687,50,3,47,26,25,25
Q11128,30,0,30,16,14,16
Q13395,129,2,127,85,46,83
Q14117,24,1,23,12,13,11
Q14541,36,3,33,18,21,15
Q15149,392,135,257,190,305,87
Q15293,16,5,11,9,12,4
Q16186,56,10,46,31,27,29
Q16520,14,1,13,5,10,4
Q16549,54,1,53,30,25,29
Q16621,32,2,30,14,18,14
Q16878,11,0,11,8,3,8
Q5TA82,15,0,15,11,4,11
Q5VVB8,7,0,7,7,0,7
Q6NUN9,50,5,45,26,27,23
Q6P158,136,14,122,71,75,61
Q6PH81,18,3,15,6,15,3
Q6PP77,30,0,30,23,7,23
Q6TFL4,42,0,42,22,20,22
Q6UX06,45,0,45,18,27,18
Q6ZT21,36,0,36,20,16,20
Q6ZUA9,120,1,119,77,44,76
Q6ZV29,104,5,99,61,46,58
Q6ZVZ8,22,0,22,11,11,11
Q76EJ3,24,0,24,17,7,17
Q7L2E3,95,11,84,40,66,29
Q86UD3,22,0,22,17,5,17
Q86VX9,61,8,53,25,44,17
Q8IUG1,27,0,27,27,0,27
Q8IVF4,250,8,242,141,111,139
Q8IYX0,33,0,33,23,10,23
Q8N7P3,15,0,15,12,3,12
Q8NBM8,40,0,40,27,13,27
Q8NCL4,38,0,38,28,10,28
Q8NG83,29,0,29,23,6,23
Q8NGF8,24,0,24,16,8,16
Q8TCT8,31,1,30,23,7,24
Q8TE02,31,3,28,20,12,19
Q8WU58,42,1,41,27,16,26
Q8WWZ7,158,13,145,108,47,111
Q8WZ73,39,9,30,18,30,9
Q92551,62,12,50,26,44,18
Q96FF9,51,25,26,26,46,5
Q99525,1,0,1,0,1,0
Q9BQE5,16,2,14,8,10,6
Q9BQJ4,13,0,13,9,4,9
Q9BRR6,43,1,42,25,19,24
Q9BRY0,32,7,25,19,16,16
Q9BTA0,6,0,6,1,5,1
Q9BVJ6,83,28,55,35,72,11
Q9BXR3,50,0,50,28,22,28
Q9BXU1,83,0,83,41,42,41
Q9BYC5,29,1,28,16,12,17
Q9H0K1,90,14,76,43,55,35
Q9H334,66,9,57,33,42,24
Q9H4F8,33,0,33,18,15,18
Q9HBQ8,7,0,7,2,5,2
Q9HCK0,38,0,38,12,26,12
Q9NPF0,29,1,28,21,7,22
Q9NQR1,27,4,23,14,17,10
Q9NSK7,7,2,5,4,3,4
Q9NX07,18,1,17,12,7,11
Q9P219,222,50,172,97,169,53
Q9P2B2,91,1,90,51,41,50
Q9UBV8,23,0,23,14,9,14
Q9UNH6,23,1,22,12,12,11
Q9Y4E1,229,86,143,106,205,24
Q9Y4R8,72,12,60,42,40,32
Q9Y6V0,693,65,628,287,467,226
Q9Y6Y9,15,0,15,9,6,9
W5XKT8,17,0,17,11,6,11
A0A0K0K1G8,8,0,8,5,3,5
A0A494C0B9,8,0,8,3,5,3
A0A7I2V2S6,2,0,2,1,1,1
A0A7P0TAN4,51,0,51,35,16,35
A6NDD5,19,0,19,9,10,9
A8MPP1,60,3,57,48,15,45
A8MZ26,2,0,2,1,1,1
O00124,25,2,23,11,16,9
O14609,13,0,13,9,4,9
O14709,83,6,77,47,42,41
O15229,35,0,35,17,18,17
O15315,37,0,37,21,16,21
O43490,66,1,65,40,27,39
O43567,30,1,29,12,19,11
O43809,4,0,4,2,2,2
O60566,103,17,86,48,64,39
O60882,31,1,30,15,17,14
O95628,79,14,65,43,40,39
O95715,7,0,7,5,2,5
P00738,17,0,17,13,4,13
P05388,25,7,18,14,12,13
P09669,1,0,1,1,0,1
P17029,71,20,51,44,37,34
P22531,1,0,1,0,1,0
P32754,25,6,19,14,17,8
P35227,29,0,29,12,17,12
P39877,4,0,4,2,2,2
P50395,41,15,26,17,21,20
P51511,24,2,22,14,8,16
P55089,8,0,8,1,7,1
P58557,2,0,2,1,1,1
P59533,34,0,34,26,8,26
P61254,13,5,8,7,11,2
Q12809,115,14,101,50,77,38
Q13255,102,2,100,53,49,53
Q15334,102,10,92,57,53,49
Q16473,32,0,32,16,16,16
Q3MIN7,88,15,73,33,66,22
Q52LD8,63,8,55,28,39,24
Q5T751,22,0,22,14,8,14
Q6IE37,108,1,107,76,33,75
Q6P3X8,43,0,43,23,20,23
Q7L0X0,57,0,57,29,28,29
Q7L8L6,64,1,63,40,25,39
Q7LDG7,64,10,54,37,37,27
Q7Z3D4,34,5,29,18,21,13
Q7Z404,52,1,51,31,22,30
Q7Z699,46,0,46,16,30,16
Q7Z6J4,43,0,43,19,24,19
Q86VE9,30,0,30,23,7,23
Q8IUW5,30,8,22,11,25,5
Q8IYB8,56,1,55,34,23,33
Q8N6P7,59,1,58,32,28,31
Q8N7J2,66,4,62,18,48,18
Q8N816,31,0,31,29,2,29
Q8NAP8,51,2,49,31,20,31
Q8NBP7,51,2,49,30,23,28
Q8NCL9,29,0,29,16,13,16
Q8NF37,32,0,32,17,15,17
Q8TCP9,48,2,46,26,24,24
Q8TE77,78,19,59,39,54,24
Q8TF66,46,1,45,30,15,31
Q8WUX2,5,0,5,3,2,3
Q8WWQ2,41,0,41,27,14,27
Q92562,77,2,75,36,43,34
Q96AJ9,15,2,13,7,10,5
Q96AX9,48,7,41,24,31,17
Q96DG6,16,5,11,10,5,11
Q96FS4,114,26,88,54,86,28
Q96FW1,24,4,20,14,14,10
Q96M60,53,2,51,27,26,27
Q96N53,14,0,14,4,10,4
Q96NL1,37,0,37,16,21,16
Q96NR3,74,0,74,51,23,51
Q96P11,34,2,32,23,13,21
Q96S42,28,0,28,16,12,16
Q99941,91,8,83,48,49,42
Q9BPW9,16,0,16,5,11,5
Q9BRP8,19,6,13,8,17,2
Q9BTT6,40,6,34,21,21,19
Q9BUL9,24,9,15,11,20,4
Q9H2Z4,23,0,23,9,14,9
Q9H361,48,9,39,24,33,15
Q9HBB8,66,4,62,34,36,30
Q9NNW5,78,1,77,54,25,53
Q9NVR2,44,7,37,25,24,20
Q9NXG2,25,7,18,14,18,7
Q9NY47,61,0,61,37,24,37
Q9P1Y6,264,56,208,100,212,52
Q9UKD1,47,5,42,20,30,17
Q9UKM9,36,13,23,16,29,7
Q9UL36,185,4,181,111,74,111
Q9UL62,90,3,87,55,38,52
Q9ULL4,121,3,118,80,38,83
Q9UN70,92,12,80,51,51,41
Q9Y2W3,80,0,80,41,39,41
Q9Y3V2,18,0,18,16,2,16
Q9Y547,11,0,11,10,1,10
Q9Y5G9,83,0,83,51,32,51
Q9Y664,34,0,34,18,16,18
A0A1B0GTD5,9,0,9,4,5,4
A0A3B3IT52,10,0,10,9,1,9
A6NFU8,8,0,8,4,4,4
A6NMZ7,176,7,169,98,81,95
A6NNN8,39,1,38,30,8,31
A8MYZ6,38,1,37,16,23,15
B2RV13,8,0,8,2,6,2
O14645,14,0,14,4,10,4
O15294,53,3,50,26,30,23
O43147,89,8,81,47,50,39
O43896,101,17,84,49,67,34
O94941,53,1,52,34,20,33
P00995,3,0,3,2,1,2
P01599,15,0,15,9,6,9
P05089,23,5,18,12,14,9
P05141,16,5,11,9,4,12
P06737,44,11,33,23,18,26
P07814,120,34,86,66,62,58
P0C851,15,0,15,8,7,8
P0DN82,21,0,21,18,3,18
P11509,32,3,29,12,21,11
P11940,53,17,36,27,43,10
P17538,24,0,24,18,6,18
P17947,22,0,22,9,13,9
P18084,66,5,61,45,24,42
P18283,9,1,8,5,5,4
P19320,76,3,73,40,39,37
P19419,56,13,43,30,33,23
P20849,42,0,42,23,19,23
P21266,12,4,8,7,5,7
P23284,12,4,8,7,9,3
P24387,22,0,22,17,5,17
P32246,23,5,18,17,11,12
P35475,41,0,41,21,20,21
P38935,88,12,76,37,59,29
P41235,51,15,36,27,35,16
P42830,7,0,7,6,1,6
P46092,28,1,27,17,10,18
P48506,44,5,39,18,29,15
P53597,20,0,20,11,9,11
P54219,38,0,38,23,15,23
P57052,36,0,36,17,19,17
P62857,6,3,3,3,6,0
Q00341,98,26,72,48,66,32
Q00535,18,5,13,11,6,12
Q00889,35,0,35,19,16,19
Q0P670,57,0,57,18,39,18
Q13873,116,20,96,62,64,52
Q15622,31,0,31,25,6,25
Q16816,21,2,19,9,14,7
Q3C1V0,36,0,36,27,9,27
Q495Y8,31,0,31,9,22,9
Q5JPI3,14,0,14,6,8,6
Q5QJ38,87,4,83,31,56,31
Q6JVE5,11,0,11,7,4,7
Q6NUT2,58,1,57,33,26,32
Q6PJQ5,27,0,27,10,17,10
Q6S8J3,87,8,79,51,42,45
Q6ZMI0,78,7,71,41,40,38
Q6ZRR7,113,2,111,69,44,69
Q7RTT9,37,1,36,31,7,30
Q7Z6K4,4,0,4,3,1,3
Q86T65,67,5,62,41,31,36
Q86TC9,187,37,150,89,129,58
Q86UQ0,32,1,31,19,14,18
Q86YD7,48,4,44,24,26,22
Q8IWY8,82,8,74,48,40,42
Q8IYR0,34,1,33,25,10,24
Q8N2W9,39,1,38,20,18,21
Q8N4S7,16,0,16,9,7,9
Q8N8A8,8,0,8,4,4,4
Q8NGZ9,29,0,29,23,6,23
Q8NHY5,24,1,23,14,11,13
Q8TF40,164,30,134,87,93,71
Q8WU08,19,0,19,11,8,11
Q8WUE5,21,0,21,15,6,15
Q92527,12,2,10,7,7,5
Q92882,13,5,8,7,7,6
Q93015,18,2,16,9,11,7
Q969Z4,29,2,27,17,14,15
Q96AT1,19,9,10,10,16,3
Q96D09,91,10,81,44,55,36
Q96PQ7,63,3,60,37,27,36
Q96QC0,84,23,61,36,69,15
Q9BRJ9,28,0,28,6,22,6
Q9BUN1,48,3,45,18,33,15
Q9BXC9,56,1,55,31,26,30
Q9H3H3,17,2,15,7,12,5
Q9H444,10,3,7,5,4,6
Q9H5V8,93,12,81,60,35,58
Q9HB14,34,1,33,21,14,20
Q9NRJ2,17,0,17,6,11,6
Q9NVE4,74,3,71,39,36,38
Q9NYX4,9,0,9,3,6,3
Q9Y2G0,69,5,64,44,26,43
Q9Y2Q0,82,5,77,47,40,42
Q9Y2Q5,5,0,5,4,1,4
Q9Y2X0,85,2,83,51,34,51
Q9Y6M9,7,2,5,5,4,3
U3KPV4,14,0,14,10,4,10
A0A0B4J265,10,0,10,4,6,4
O00337,54,3,51,37,20,34
O14641,111,20,91,54,69,42
O14730,38,7,31,22,19,19
O14757,48,15,33,27,32,16
O15266,22,3,19,12,13,9
O43309,42,2,40,27,17,25
O43704,14,0,14,9,5,9
O43741,45,17,28,23,31,14
O60641,103,7,96,48,60,43
O60656,32,0,32,27,5,27
O75061,101,12,89,59,52,49
P01718,14,0,14,9,5,9
P01920,13,0,13,3,10,3
P07954,30,4,26,15,15,15
P0DMU9,15,0,15,9,6,9
P10244,79,17,62,42,42,37
P11511,26,0,26,20,6,20
P14406,2,0,2,0,2,0
P17661,51,19,32,24,38,13
P31350,28,6,22,19,15,13
P36873,16,2,14,10,6,10
P37108,8,2,6,3,7,1
P42702,114,8,106,62,60,54
P45844,59,1,58,39,21,38
P51151,14,1,13,7,8,6
P56555,13,0,13,3,10,3
P56817,32,0,32,18,14,18
P59541,23,0,23,18,5,18
Q12800,40,7,33,25,22,18
Q12955,580,100,480,253,379,201
Q13137,32,7,25,16,21,11
Q13324,20,0,20,14,6,14
Q13464,100,20,80,40,66,34
Q13621,77,5,72,49,33,44
Q14184,21,0,21,6,15,6
Q14232,24,4,20,14,10,14
Q14574,65,10,55,34,41,24
Q16559,3,0,3,1,2,1
Q58G82,22,0,22,14,8,14
Q5JNZ5,5,0,5,1,4,1
Q5SGD2,24,1,23,15,8,16
Q6NXS1,23,5,18,10,16,7
Q6PL24,38,9,29,17,28,10
Q6UXU4,23,0,23,18,5,18
Q6WRX3,57,0,57,40,17,40
Q6YHK3,144,3,141,85,62,82
Q6ZS81,303,11,292,185,129,174
Q7KZ85,111,21,90,55,69,42
Q86UD7,16,0,16,7,9,7
Q86UU5,53,0,53,21,32,21
Q86VL8,48,0,48,35,13,35
Q8IUW3,35,6,29,12,29,6
Q8IXF0,111,5,106,38,78,33
Q8IZF5,93,0,93,55,38,55
Q8N0U7,57,5,52,20,40,17
Q8N4M1,50,1,49,37,14,36
Q8N5L8,15,2,13,8,9,6
Q8NA31,68,1,67,42,25,43
Q8NGD4,32,0,32,26,6,26
Q8NHC7,32,0,32,31,1,31
Q8TAA3,18,5,13,8,13,5
Q8TD35,6,0,6,1,5,1
Q8TDF5,47,0,47,26,21,26
Q8WU10,28,0,28,11,17,11
Q8WZA2,52,0,52,28,24,28
Q8WZA9,31,3,28,18,16,15
Q96BF6,47,1,46,18,30,17
Q96BT7,60,3,57,29,32,28
Q96C24,82,21,61,37,66,16
Q96CM3,19,1,18,14,6,13
Q96DY7,99,11,88,50,60,39
Q96DZ1,32,1,31,16,17,15
Q96E40,18,0,18,9,9,9
Q96JK4,43,0,43,20,23,20
Q96PM5,10,2,8,6,4,6
Q96SB8,80,8,72,44,44,36
Q99519,38,1,37,20,19,19
Q9BV81,7,0,7,5,2,5
Q9BVS4,68,23,45,33,54,14
Q9GZP8,21,5,16,8,18,3
Q9H609,13,4,9,7,8,5
Q9H668,29,2,27,17,12,17
Q9NP71,98,15,83,43,70,28
Q9NSA1,14,0,14,10,4,10
Q9NZD8,22,0,22,14,8,14
Q9UBT2,50,11,39,24,35,15
Q9UDY6,23,0,23,11,12,11
Q9UHD1,30,8,22,15,15,15
Q9UI46,52,2,50,29,25,27
Q9UL40,22,1,21,9,14,8
Q9UP79,58,3,55,29,32,26
Q9UQM7,31,6,25,16,21,10
Q9Y258,9,0,9,7,2,7
Q9Y2J4,86,19,67,34,65,21
Q9Y3R5,272,39,233,144,151,121
Q9Y473,59,0,59,37,22,37
Q9Y5Y9,150,3,147,85,66,84
Q9Y617,34,7,27,21,12,22
A6NM66,14,0,14,11,3,11
A8MZ36,9,0,9,5,4,5
O00287,30,7,23,16,21,9
O14497,304,57,247,146,187,117
O14559,152,5,147,49,108,44
O15234,78,21,57,33,64,14
O15259,61,3,58,29,35,26
O43435,22,1,21,10,13,9
O43506,40,0,40,29,11,29
O60229,243,16,227,129,128,115
O60296,122,16,106,59,77,45
O75362,136,33,103,62,93,43
P00813,17,2,15,10,9,8
P05181,29,8,21,15,20,9
P0DI82,7,0,7,3,4,3
P0DMB2,9,0,9,2,7,2
P13349,30,2,28,13,19,11
P27815,106,20,86,60,56,50
P32969,11,2,9,7,6,5
P39019,9,2,7,5,6,3
P43234,33,1,32,17,17,16
P49454,363,88,275,179,234,129
P51665,19,2,17,12,7,12
P53370,20,1,19,14,7,13
P54821,20,0,20,3,17,3
P55056,8,0,8,1,7,1
P62745,10,2,8,3,9,1
P78346,22,3,19,11,14,8
P81534,2,0,2,0,2,0
Q06587,51,18,33,24,35,16
Q13562,32,0,32,13,19,13
Q15464,91,26,65,51,56,35
Q15526,17,0,17,8,9,8
Q15637,45,6,39,21,26,19
Q16586,20,0,20,6,14,6
Q16649,77,8,69,40,43,34
Q16854,21,1,20,9,13,8
Q3SY84,63,9,54,31,39,24
Q495D7,8,0,8,5,3,5
Q5HYW2,215,41,174,100,152,63
Q5JRM2,56,0,56,19,37,19
Q5JST6,51,1,50,28,24,27
Q5JU69,22,0,22,11,11,11
Q5ST30,76,3,73,37,40,36
Q6A163,43,3,40,27,17,26
Q6P2D0,27,0,27,20,7,20
Q7Z353,74,0,74,37,37,37
Q7Z6I5,20,0,20,11,9,11
Q7Z6J0,117,26,91,61,80,37
Q86W56,101,24,77,54,67,34
Q86Y79,10,0,10,4,6,4
Q8IWL2,11,0,11,10,1,10
Q8IYN6,15,0,15,8,7,8
Q8N5D6,21,0,21,16,5,16
Q8NAM6,45,0,45,30,15,30
Q8NB37,26,4,22,15,13,13
Q8NBD8,5,0,5,5,0,5
Q8TAM1,62,1,61,38,25,37
Q8TC41,40,0,40,15,25,15
Q8TDX9,303,2,301,177,128,175
Q8WUJ0,16,5,11,10,5,11
Q8WXF3,11,0,11,4,7,4
Q92581,52,4,48,34,22,30
Q92614,244,72,172,117,189,55
Q92629,16,2,14,6,12,4
Q969Q5,13,0,13,7,6,7
Q969T3,28,3,25,15,16,12
Q96A04,10,0,10,4,6,4
Q96E14,9,2,7,5,4,5
Q96ES6,20,1,19,17,2,18
Q96HU1,56,5,51,30,31,25
Q96L15,19,0,19,9,10,9
Q96MC6,45,2,43,26,19,26
Q99661,86,25,61,42,63,23
Q99933,29,5,24,10,20,9
Q9BQP9,16,0,16,10,6,10
Q9BTD8,21,2,19,9,14,7
Q9BZ11,48,2,46,28,22,26
Q9BZD6,16,4,12,7,11,5
Q9H0L4,45,10,35,25,30,15
Q9H0R6,43,0,43,29,14,29
Q9H239,26,0,26,16,10,16
Q9H3U1,73,12,61,47,36,37
Q9H4I3,27,1,26,15,11,16
Q9H9S3,30,0,30,18,12,18
Q9NPG8,16,1,15,14,1,15
Q9NRC8,27,0,27,13,14,13
Q9NX04,13,0,13,10,3,10
Q9NZ53,69,10,59,35,42,27
Q9P0N5,7,0,7,5,2,5
Q9UBM1,13,0,13,8,5,8
Q9UFN0,13,0,13,8,5,8
Q9UHC6,129,2,127,81,48,81
Q9UHJ3,68,5,63,27,44,24
Q9UHR6,21,4,17,11,14,7
Q9ULH1,128,29,99,62,95,33
Q9ULI2,27,0,27,10,17,10
Q9ULM6,47,1,46,29,19,28
Q9Y262,43,8,35,21,30,13
Q9Y4B5,253,79,174,123,207,46
A1L170,45,12,33,20,35,10
A6NKD9,47,8,39,15,40,7
A6NN90,53,0,53,26,27,26
O00559,18,5,13,12,7,11
O14640,91,5,86,38,58,33
O43615,33,3,30,11,25,8
O43760,16,1,15,11,6,10
O60260,34,6,28,21,13,21
O60292,246,59,187,123,164,82
O60826,45,6,39,15,34,11
O60894,5,1,4,4,2,3
O75431,12,1,11,5,8,4
O76095,10,0,10,8,2,8
O95153,174,6,168,60,120,54
O95395,27,0,27,19,8,19
O95571,18,3,15,12,9,9
O95900,16,1,15,8,9,7
P04070,35,1,34,25,11,24
P07288,21,0,21,14,7,14
P09958,62,2,60,37,27,35
P0DMQ5,10,0,10,3,7,3
P10074,48,5,43,26,27,21
P13639,63,19,44,29,37,26
P19526,17,0,17,12,5,12
P30050,13,5,8,7,9,4
P35716,68,9,59,22,55,13
P41968,21,0,21,15,6,15
P46527,22,7,15,9,20,2
P55087,20,3,17,11,12,8
P55197,184,29,155,94,113,71
P59025,22,1,21,12,11,11
P62495,31,5,26,15,17,14
P78563,88,14,74,54,40,48
Q01740,39,1,38,22,18,21
Q13085,195,39,156,104,102,93
Q13303,32,5,27,16,21,11
Q14330,18,0,18,10,8,10
Q14558,22,2,20,11,13,9
Q16134,29,2,27,15,14,15
Q5T6L9,54,0,54,39,15,39
Q5U651,89,19,70,48,60,29
Q5VWZ2,20,1,19,9,12,8
Q695T7,51,0,51,40,11,40
Q6B9Z1,8,0,8,5,3,5
Q6GPH6,35,1,34,21,15,20
Q6H8Q1,86,19,67,40,61,25
Q6L8H2,57,0,57,53,4,53
Q6P988,36,0,36,22,14,22
Q6UWF7,45,2,43,34,13,32
Q6ZMZ0,74,0,74,39,35,39
Q7Z7F0,51,4,47,23,32,19
Q7Z7N9,26,2,24,20,8,18
Q86U17,30,0,30,19,11,19
Q86VZ6,30,3,27,15,16,14
Q86WK6,45,2,43,32,15,30
Q86XK3,39,7,32,22,24,15
Q8IYD8,248,21,227,115,146,102
Q8IYW4,86,2,84,44,44,42
Q8N1L1,19,0,19,13,6,13
Q8N5Y8,33,1,32,17,15,18
Q8NA54,52,0,52,31,21,31
Q8NAT2,103,1,102,55,49,54
Q8NBC4,11,0,11,5,6,5
Q8NBI3,19,0,19,7,12,7
Q8NC56,40,9,31,24,23,17
Q8NEB9,76,13,63,41,42,34
Q8NGQ6,20,0,20,17,3,17
Q8TBC5,44,3,41,15,32,12
Q8TCZ2,16,1,15,8,7,9
Q8TD94,37,0,37,24,13,24
Q8WVH0,8,0,8,1,7,1
Q8WXD9,145,28,117,59,110,35
Q92698,71,7,64,32,44,27
Q96AC1,64,18,46,40,38,26
Q96DT6,45,8,37,26,25,20
Q96DY2,25,1,24,9,17,8
Q96NU0,118,0,118,78,40,78
Q96Q11,23,4,19,13,12,11
Q96S55,73,16,57,32,57,16
Q9BQS2,31,1,30,16,14,17
Q9BSH5,11,0,11,7,4,7
Q9BUU2,29,3,26,17,15,14
Q9BYQ7,17,0,17,17,0,17
Q9BYW1,29,0,29,21,8,21
Q9BZI7,34,9,25,13,28,6
Q9C0F1,44,10,34,24,30,14
Q9H173,22,1,21,11,12,10
Q9H257,42,12,30,20,34,8
Q9H511,51,0,51,27,24,27
Q9HCU0,50,1,49,29,22,28
Q9NPH6,5,0,5,1,4,1
Q9NQ40,40,0,40,31,9,31
Q9UBS5,76,3,73,41,34,42
Q9UHR5,34,11,23,17,28,6
Q9UKR8,21,0,21,13,8,13
Q9UP52,64,2,62,27,37,27
Q9Y289,57,3,54,40,18,39
Q9Y2H1,25,3,22,12,16,9
Q9Y3A2,5,1,4,1,5,0
A0A087WV53,12,0,12,8,4,8
A4D1E9,24,3,21,12,15,9
A6NC98,102,15,87,44,73,29
A6NI47,41,0,41,30,11,30
B1AK76,7,0,7,4,3,4
D6RJB6,39,0,39,34,5,34
E9PGG2,28,3,25,14,17,11
O00341,35,0,35,26,9,26
O14511,114,0,114,32,82,32
O14581,30,0,30,27,3,27
O14782,63,7,56,33,33,30
O15211,106,19,87,57,60,46
O75676,66,16,50,33,39,27
O75925,99,20,79,54,55,44
O95376,30,3,27,20,13,17
P04180,22,1,21,14,7,15
P05013,17,0,17,9,8,9
P05451,19,0,19,10,9,10
P0DTE1,15,0,15,9,6,9
P13500,5,0,5,2,3,2
P21128,32,0,32,17,15,17
P26373,18,8,10,9,17,1
P31512,36,1,35,24,13,23
P32745,33,2,31,22,13,20
P37802,13,6,7,6,9,4
P46098,36,2,34,21,15,21
P48163,26,1,25,15,12,14
P49796,132,25,107,61,90,42
P57078,73,9,64,35,47,26
P61296,16,1,15,6,11,5
P63316,5,0,5,1,4,1
P80098,5,0,5,2,3,2
P80217,16,2,14,9,9,7
Q00613,95,26,69,54,57,38
Q01081,25,11,14,13,15,10
Q06124,47,14,33,24,27,20
Q12774,226,42,184,103,161,65
Q14512,18,1,17,11,8,10
Q14940,79,9,70,42,46,33
Q15059,83,16,67,27,66,17
Q15545,34,12,22,18,28,6
Q1HG44,22,0,22,16,6,16
Q5HYJ1,26,1,25,19,8,18
Q5SW24,81,1,80,30,52,29
Q5T753,22,0,22,15,7,15
Q5T890,154,0,154,69,85,69
Q5TCQ9,137,16,121,60,91,46
Q5VYV0,34,0,34,26,8,26
Q68CP9,202,15,187,109,104,98
Q69YG0,15,0,15,13,2,13
Q6DN72,40,0,40,22,18,22
Q6DT37,127,16,111,58,81,46
Q6IWH7,57,2,55,33,26,31
Q6P1J6,104,2,102,52,52,52
Q6P4H8,13,0,13,10,3,10
Q6P9F5,15,0,15,10,5,10
Q6PEX3,33,0,33,22,11,22
Q6PJI9,111,22,89,58,67,44
Q6PK18,25,0,25,13,12,13
Q6UX71,42,4,38,24,20,22
Q70J99,76,4,72,41,37,39
Q7RTV5,15,0,15,8,7,8
Q7Z6I6,131,25,106,57,99,32
Q7Z6L0,28,0,28,8,20,8
Q86SG5,5,0,5,2,3,2
Q86T26,35,0,35,27,8,27
Q8IY33,122,30,92,60,88,34
Q8N1G4,43,8,35,22,27,16
Q8N3F0,8,0,8,3,5,3
Q8N5C6,87,14,73,47,54,33
Q8N6N7,3,0,3,2,1,2
Q8N6S4,39,1,38,20,20,19
Q8NAB2,56,0,56,39,17,39
Q8TF17,116,1,115,66,51,65
Q8WXH6,24,0,24,13,11,13
Q96A47,37,5,32,24,18,19
Q96EV2,101,21,80,52,70,31
Q96KR4,49,0,49,34,15,34
Q96KT7,26,0,26,20,6,20
Q96LI9,20,0,20,13,7,13
Q96PV0,168,25,143,72,121,47
Q96RS6,45,4,41,31,14,31
Q99550,127,0,127,47,80,47
Q99929,23,4,19,7,20,3
Q9BUW7,3,0,3,2,1,2
Q9BYF1,53,5,48,30,20,33
Q9H0Q0,19,1,18,9,11,8
Q9H2F5,99,10,89,54,55,44
Q9NPD7,9,0,9,7,2,7
Q9NSJ1,27,0,27,18,9,18
Q9NUP7,22,1,21,9,14,8
Q9NWS1,51,3,48,31,23,28
Q9NWS6,20,1,19,10,11,9
Q9NZQ9,18,1,17,12,7,11
Q9UK55,27,3,24,11,19,8
Q9UM73,149,11,138,74,84,65
Q9Y2N7,71,3,68,24,50,21
Q9Y305,44,7,37,25,26,18
Q9Y3E1,25,9,16,11,23,2
A0A1W2PQJ5,10,0,10,6,4,6
A0A2R8Y4L2,23,0,23,1,22,1
A6NLI5,41,0,41,27,14,27
K7EIQ3,5,0,5,4,1,4
O00295,38,0,38,14,24,14
O43736,14,0,14,10,4,10
O43812,8,0,8,1,7,1
O60294,54,2,52,29,27,27
O75155,88,4,84,47,43,45
O75251,16,1,15,8,9,7
O75312,26,3,23,14,15,11
O76024,71,8,63,43,34,37
O95990,3,0,3,0,3,0
P01732,18,1,17,8,11,7
P04181,22,1,21,12,11,11
P05062,29,9,20,15,23,6
P08183,99,12,87,59,44,55
P08237,55,13,42,31,27,28
P0C617,28,1,27,25,4,24
P0CJ78,95,6,89,44,57,38
P0DJI8,10,0,10,9,1,9
P23942,29,0,29,17,12,17
P28065,15,1,14,6,10,5
P31314,18,0,18,13,5,13
P31997,33,0,33,19,14,19
P43627,36,0,36,27,9,27
P49756,58,15,43,27,44,14
P51124,21,0,21,9,12,9
P51589,23,0,23,16,7,16
P60606,5,1,4,3,3,2
Q0PNE2,19,2,17,14,7,12
Q0ZGT2,50,17,33,21,42,8
Q14790,44,9,35,24,23,21
Q16778,21,10,11,10,21,0
Q1X8D7,90,2,88,40,52,38
Q3C1V8,18,0,18,5,13,5
Q5RHP9,118,7,111,30,93,25
Q5TGP6,51,0,51,32,19,32
Q6AI14,68,0,68,37,31,37
Q6L8H1,62,0,62,60,2,60
Q6NUI2,61,2,59,38,25,36
Q6R327,230,62,168,129,117,113
Q6TDU7,45,0,45,30,15,30
Q6ZN28,79,16,63,47,36,43
Q6ZU64,162,3,159,101,64,98
Q7RTS9,65,3,62,38,26,39
Q7Z5Q5,77,0,77,46,31,46
Q86UE4,116,46,70,58,98,18
Q8IVJ1,42,3,39,24,19,23
Q8IVW6,60,8,52,34,34,26
Q8N2H3,33,0,33,18,15,18
Q8N4S0,70,16,54,23,63,7
Q8N7C7,20,0,20,11,9,11
Q8N9Y4,32,4,28,17,15,17
Q8NDW4,39,1,38,25,13,26
Q8NGF7,25,0,25,20,5,20
Q8TCG1,75,3,72,50,24,51
Q8TDS4,23,0,23,13,10,13
Q8TE68,83,20,63,41,58,25
Q8TEP8,374,74,300,198,236,138
Q8WYP5,339,94,245,190,233,106
Q93009,66,8,58,40,34,32
Q96A98,4,0,4,1,3,1
Q96CU9,34,1,33,16,19,15
Q96FV3,7,0,7,6,1,6
Q96N77,39,2,37,24,17,22
Q96QV1,46,0,46,25,21,25
Q96SJ8,8,0,8,6,2,6
Q99259,33,1,32,19,13,20
Q99633,11,1,10,4,8,3
Q99986,24,3,21,11,16,8
Q9BQE9,42,13,29,21,34,8
Q9BUH8,86,21,65,39,66,20
Q9BWK5,18,0,18,7,11,7
Q9BXU2,17,0,17,10,7,10
Q9GZN6,69,1,68,52,16,53
Q9H2M3,16,1,15,7,10,6
Q9H2X3,31,0,31,12,19,12
Q9H488,33,4,29,19,16,17
Q9H4I2,101,11,90,50,62,39
Q9HBI1,20,3,17,11,12,8
Q9HBJ7,84,2,82,48,36,48
Q9HBL6,24,1,23,16,9,15
Q9HCC8,27,0,27,23,4,23
Q9HCH0,164,28,136,62,128,36
Q9NSN8,42,1,41,29,14,28
Q9NVA2,31,8,23,19,16,15
Q9NWW5,23,4,19,16,11,12
Q9NX62,22,1,21,12,9,13
Q9NYS7,43,0,43,28,15,28
Q9UGN4,29,3,26,20,8,21
Q9UKJ5,12,0,12,3,9,3
Q9UL68,125,5,120,40,88,37
Q9ULU8,111,9,102,66,54,57
Q9Y219,77,2,75,50,29,48
Q9Y272,27,4,23,12,19,8
Q9Y2I2,33,0,33,21,12,21
Q9Y619,22,0,22,12,10,12
Q9Y651,20,0,20,9,11,9
A0A1B0GTH9,4,0,4,2,2,2
A0A1B0GVM6,3,0,3,2,1,2
A0A804HLA8,5,0,5,3,2,3
A2A3K4,58,3,55,26,35,23
A2RUB6,94,7,87,43,58,36
A6NF34,47,0,47,22,25,22
O00187,51,0,51,31,20,31
O43609,41,5,36,23,19,22
O43660,45,6,39,26,25,20
O43663,70,25,45,37,48,22
O43759,18,0,18,11,7,11
O43900,71,13,58,29,55,16
O43920,1,0,1,1,0,1
O60268,38,4,34,11,31,7
O75386,34,2,32,14,22,12
O94856,100,4,96,52,50,50
O95299,24,1,23,16,7,17
O95340,31,3,28,22,12,19
O95760,24,0,24,11,13,11
P01024,118,13,105,67,54,64
P01597,18,0,18,13,5,13
P02765,29,7,22,16,14,15
P08253,29,2,27,16,15,14
P0C7W0,8,0,8,4,4,4
P10275,95,14,81,55,50,45
P11712,35,4,31,20,19,16
P17027,56,4,52,33,27,29
P20248,27,3,24,16,14,13
P21912,15,1,14,11,5,10
P22079,55,4,51,30,29,26
P24941,15,1,14,10,4,11
P27658,11,2,9,8,5,6
P27987,133,31,102,48,114,19
P28799,44,1,43,30,15,29
P47914,10,4,6,5,7,3
P54278,99,17,82,51,51,48
P56706,17,1,16,10,8,9
P61224,10,2,8,7,5,5
P78504,86,1,85,56,31,55
P78549,26,8,18,14,16,10
P80370,23,1,22,14,10,13
Q05048,38,0,38,23,15,23
Q07002,50,13,37,20,39,11
Q13177,52,20,32,26,28,24
Q13308,77,4,73,43,38,39
Q13490,73,12,61,36,37,36
Q13555,54,17,37,25,42,12
Q14257,14,1,13,5,10,4
Q14451,60,12,48,31,39,21
Q2M2E5,8,1,7,6,3,5
Q5TGY3,220,46,174,109,145,75
Q66K41,39,0,39,16,23,16
Q6IN85,81,23,58,45,55,26
Q6P1K8,31,1,30,22,10,21
Q6PI77,40,0,40,18,22,18
Q7L4I2,85,25,60,30,80,5
Q7L5N7,35,4,31,20,17,18
Q7RTY7,108,0,108,63,45,63
Q7Z418,22,0,22,15,7,15
Q7Z5A4,19,0,19,13,6,13
Q86UP2,124,29,95,68,81,43
Q86UW6,213,20,193,125,102,111
Q86Y25,38,0,38,29,9,29
Q86YD3,29,2,27,20,11,18
Q8IXT1,139,10,129,74,67,72
Q8IZP9,110,2,108,58,54,56
Q8N609,27,0,27,17,10,17
Q8N8Z6,81,11,70,41,49,32
Q8NAV1,48,19,29,23,44,4
Q8NB12,21,0,21,13,8,13
Q8NCC5,54,0,54,39,15,39
Q8NEP9,53,1,52,35,19,34
Q8NF67,14,0,14,8,6,8
Q8NH79,19,0,19,15,4,15
Q8NHC5,30,0,30,26,4,26
Q8NI29,13,0,13,8,5,8
Q8TB22,60,0,60,34,26,34
Q8WVT3,69,10,59,40,39,30
Q8WX77,16,0,16,11,5,11
Q96HJ3,36,5,31,15,24,12
Q96HR3,4,0,4,1,3,1
Q96MU6,55,1,54,38,18,37
Q96NM4,75,2,73,40,37,38
Q96TA2,59,2,57,32,29,30
Q99685,20,0,20,9,11,9
Q9BXJ7,31,1,30,18,14,17
Q9H0F5,47,4,43,24,27,20
Q9H6I2,24,0,24,12,12,12
Q9H714,83,6,77,43,44,39
Q9HC96,43,0,43,23,20,23
Q9NTN9,71,4,67,36,39,32
Q9NXN4,42,6,36,23,23,19
Q9NYL5,23,0,23,15,8,15
Q9NZU1,43,1,42,20,24,19
Q9UEW3,32,0,32,17,15,17
Q9UGK3,24,1,23,15,10,14
Q9UGM6,30,3,27,14,15,15
Q9Y2I1,127,8,119,75,56,71
Q9Y3E0,2,0,2,1,1,1
Q9Y586,26,1,25,15,10,16
A0A075B6R9,16,0,16,11,5,11
A0A1B0GTI1,24,0,24,3,21,3
A0A1B0GX78,3,0,3,0,3,0
A0A578,11,0,11,3,8,3
A6NJQ4,44,0,44,27,17,27
B7Z6K7,93,3,90,65,29,64
B9EJG8,18,1,17,12,7,11
C9J2P7,42,0,42,37,5,37
C9J3V5,11,0,11,7,4,7
C9JG80,105,0,105,27,78,27
O15126,25,4,21,16,9,16
O43395,49,14,35,20,37,12
O43824,30,2,28,16,16,14
O95059,9,0,9,7,2,7
O95544,47,7,40,24,30,17
O95834,57,4,53,41,20,37
O95841,29,1,28,12,18,11
P01111,11,1,10,7,5,6
P05787,109,54,55,55,76,33
P0CL85,6,0,6,5,1,5
P10147,9,0,9,8,1,8
P15514,27,0,27,12,15,12
P20591,44,5,39,27,18,26
P24588,56,12,44,31,35,21
P26718,24,2,22,18,8,16
P27216,18,1,17,8,9,9
P27482,7,2,5,2,5,2
P27708,164,21,143,87,86,78
P42229,53,8,45,26,31,22
P43034,41,5,36,26,20,21
P54753,89,6,83,43,48,41
Q00872,67,9,58,39,29,38
Q02108,59,6,53,29,36,23
Q08AE8,98,22,76,43,77,21
Q0VAA2,35,1,34,21,15,20
Q13232,9,3,6,5,5,4
Q13393,87,14,73,48,47,40
Q14106,49,8,41,24,33,16
Q15078,35,1,34,16,20,15
Q15772,370,59,311,156,273,97
Q15785,38,12,26,20,24,14
Q15797,52,10,42,34,24,28
Q2M3G0,90,0,90,49,41,49
Q2PZI1,41,0,41,32,9,32
Q2TBA0,38,2,36,25,15,23
Q3SXY7,88,0,88,52,36,52
Q59GN2,1,0,1,0,1,0
Q5JTZ9,63,6,57,27,38,25
Q5JUW0,13,0,13,8,5,8
Q6DKI2,29,0,29,21,8,21
Q6QHK4,21,0,21,4,17,4
Q6UWN0,26,0,26,20,6,20
Q6ZMV7,7,0,7,4,3,4
Q6ZNR0,14,0,14,3,11,3
Q7Z4B0,10,0,10,5,5,5
Q7Z7H5,9,0,9,4,5,4
Q86SF2,39,2,37,26,13,26
Q86SG2,8,0,8,4,4,4
Q86UN3,36,0,36,24,12,24
Q86V71,49,0,49,31,18,31
Q86XS8,24,1,23,16,9,15
Q8IUB2,8,0,8,5,3,5
Q8IUF1,21,1,20,10,10,11
Q8IZY2,152,6,146,76,80,72
Q8N434,40,0,40,26,14,26
Q8N6D5,13,1,12,8,4,9
Q8N7M0,19,0,19,11,8,11
Q8NB91,80,3,77,46,31,49
Q8NCE2,95,19,76,48,60,35
Q8NEQ5,18,3,15,8,11,7
Q8NFT6,68,0,68,30,38,30
Q8NGM8,21,0,21,19,2,19
Q8NH07,26,0,26,23,3,23
Q8NH74,25,0,25,18,7,18
Q8TD10,25,1,24,14,12,13
Q8WVS4,110,9,101,52,65,45
Q96B42,8,0,8,7,1,7
Q96I82,15,0,15,8,7,8
Q96MH7,68,0,68,42,26,42
Q96P09,11,1,10,6,6,5
Q9BTN0,41,1,40,20,20,21
Q9C0A6,241,43,198,110,172,69
Q9GZM8,42,11,31,21,32,10
Q9H2S5,25,0,25,9,16,9
Q9H6A0,32,1,31,24,7,25
Q9H8N7,70,11,59,40,41,29
Q9NYW4,28,0,28,22,6,22
Q9P032,15,3,12,7,9,6
Q9P0J6,5,0,5,2,3,2
Q9P217,91,1,90,50,42,49
Q9P242,124,31,93,47,106,18
Q9UBJ2,50,3,47,26,25,25
Q9UI47,68,6,62,35,39,29
Q9UJX3,54,9,45,30,29,25
Q9UKI3,9,0,9,5,4,5
Q9Y226,30,0,30,18,12,18
Q9Y5F8,90,4,86,44,44,46
Q9Y5X5,39,1,38,20,20,19
Q9Y615,29,2,27,14,15,14
A0A075B6U6,13,0,13,9,4,9
A0A0G2JPN4,4,0,4,3,1,3
A0A1B0GX31,8,0,8,4,4,4
A0A494C0I6,3,0,3,2,1,2
A6NHC0,46,0,46,28,18,28
A6NKU9,32,0,32,11,21,11
A8MW99,47,0,47,25,22,25
A8MYU2,117,1,116,66,52,65
B5MCY1,164,0,164,110,54,110
G5E9R7,40,0,40,26,14,26
O00327,70,6,64,30,46,24
O14494,24,1,23,15,10,14
O14977,33,0,33,25,8,25
O15355,52,12,40,29,27,25
O60383,51,1,50,27,25,26
O60397,4,0,4,3,1,3
O75689,18,1,17,11,8,10
O95232,58,12,46,21,47,11
O95237,16,0,16,9,7,9
P05165,57,4,53,26,33,24
P06744,48,19,29,29,28,20
P0C8F1,6,0,6,4,2,4
P0DSN6,27,0,27,20,7,20
P13805,11,1,10,5,7,4
P13984,17,2,15,9,10,7
P15311,32,14,18,18,10,22
P35244,5,1,4,4,0,5
P41143,26,1,25,15,12,14
P41217,21,0,21,16,5,16
P41222,19,1,18,11,9,10
P42892,64,6,58,30,36,28
P48594,27,2,25,17,12,15
P49286,22,0,22,18,4,18
P49903,13,2,11,9,6,7
P59537,24,0,24,19,5,19
P60604,11,0,11,8,3,8
Q01085,36,10,26,24,22,14
Q13111,108,35,73,56,71,37
Q13291,27,1,26,15,13,14
Q13398,69,2,67,42,29,40
Q14112,102,4,98,62,44,58
Q14416,66,2,64,40,28,38
Q14449,52,5,47,26,31,21
Q14CX5,41,1,40,34,8,33
Q15007,61,17,44,27,47,14
Q15428,24,4,20,12,12,12
Q17RF5,3,0,3,0,3,0
Q17RY6,6,0,6,2,4,2
Q2PPJ7,192,32,160,104,112,80
Q53RE8,16,3,13,9,10,6
Q5H913,23,0,23,13,10,13
Q5TF58,30,1,29,15,16,14
Q6P3R8,45,0,45,20,25,20
Q6PKX4,30,3,27,12,19,11
Q6RVD6,9,0,9,3,6,3
Q6TDP4,57,0,57,25,32,25
Q86UK7,79,9,70,36,50,29
Q86XP3,94,17,77,41,68,26
Q86YC3,61,0,61,43,18,43
Q8IYJ0,22,0,22,10,12,10
Q8N427,34,0,34,14,20,14
Q8N695,46,1,45,37,10,36
Q8N7G0,21,1,20,9,13,8
Q8NDA2,372,0,372,213,159,213
Q8NGT0,27,0,27,25,2,25
Q8TAP8,23,6,17,9,20,3
Q8TCJ0,25,0,25,19,6,19
Q8WUQ7,76,20,56,27,69,7
Q8WUU4,42,5,37,19,26,16
Q92785,44,13,31,22,33,11
Q969G6,9,0,9,7,2,7
Q96DR4,12,0,12,6,6,6
Q96GC9,24,0,24,18,6,18
Q96GX5,128,35,93,72,83,45
Q96HF1,14,0,14,10,4,10
Q96QB1,217,38,179,98,147,70
Q96SU4,88,18,70,46,50,38
Q9BQ15,21,2,19,10,11,10
Q9BQF6,150,15,135,88,75,75
Q9BR26,35,0,35,24,11,24
Q9BX73,12,0,12,8,4,8
Q9BYG4,24,0,24,9,15,9
Q9H0F7,15,1,14,10,6,9
Q9H9K5,52,0,52,33,19,33
Q9HBH5,21,1,20,11,9,12
Q9NZR2,318,1,317,230,87,231
Q9UBX0,17,1,16,6,12,5
Q9UDY2,182,75,107,85,164,18
Q9UGC7,20,1,19,9,10,10
Q9UIF9,220,29,191,114,135,85
Q9UKP5,91,0,91,54,37,54
Q9UMX3,11,0,11,6,5,6
Q9UQE7,95,23,72,46,70,25
Q9UQR0,100,23,77,54,69,31
Q9Y3C4,14,3,11,8,5,9
Q9Y3L3,88,21,67,38,67,21
Q9Y4B4,153,22,131,85,88,65
Q9Y5F7,95,2,93,47,48,47
Q9Y6Q2,83,2,81,39,44,39
A0A1W2PR80,53,0,53,20,33,20
A2CJ06,52,0,52,22,30,22
A6NGH8,25,0,25,15,10,15
O43583,9,3,6,5,7,2
O43707,69,25,44,35,33,36
O60281,274,11,263,157,120,154
O60941,60,11,49,34,37,23
O95050,14,0,14,6,8,6
O95263,78,7,71,43,42,36
O95294,50,1,49,19,32,18
P01009,29,7,22,17,15,14
P01780,12,0,12,9,3,9
P02686,51,20,31,24,45,6
P07919,6,2,4,3,5,1
P0CB48,33,1,32,13,21,12
P0DPK3,11,0,11,10,1,10
P14902,26,0,26,16,10,16
P15531,11,5,6,6,6,5
P17752,32,1,31,14,19,13
P19075,16,0,16,11,5,11
P20962,4,2,2,2,4,0
P24844,9,4,5,5,4,5
P28068,18,0,18,12,6,12
P30740,32,5,27,14,23,9
P33552,4,1,3,1,4,0
P40126,28,0,28,17,11,17
P40189,99,14,85,56,43,56
P40306,16,2,14,10,8,8
P42081,31,0,31,16,15,16
P46934,152,9,143,78,83,69
P48060,20,0,20,15,5,15
P49459,14,2,12,8,8,6
P55072,71,33,38,37,41,30
P55822,13,0,13,4,9,4
P83859,8,0,8,4,4,4
Q13474,93,1,92,44,50,43
Q13516,45,1,44,20,26,19
Q14123,71,4,67,34,41,30
Q14166,36,8,28,25,15,21
Q14CB8,43,8,35,25,26,17
Q15726,13,0,13,4,9,4
Q16363,161,2,159,74,87,74
Q5JRK9,10,4,6,5,5,5
Q5TEU4,21,2,19,9,14,7
Q5TZ20,20,0,20,19,1,19
Q5VVH5,22,0,22,10,12,10
Q5VVX9,19,0,19,12,7,12
Q5VWI1,44,1,43,22,23,21
Q5VXT5,20,0,20,15,5,15
Q658T7,39,0,39,19,20,19
Q6P2D8,61,2,59,28,33,28
Q6UE05,20,0,20,14,6,14
Q6ZMN7,88,6,82,40,54,34
Q6ZMY6,51,1,50,25,27,24
Q7Z3S7,81,0,81,51,30,51
Q7Z7G0,102,8,94,41,69,33
Q86X45,28,0,28,17,11,17
Q8IUB9,8,0,8,6,2,6
Q8IY63,120,32,88,54,96,24
Q8IZC6,108,3,105,49,60,48
Q8N535,8,0,8,3,5,3
Q8N7A1,22,1,21,16,5,17
Q8NA42,36,0,36,29,7,29
Q8NCS7,31,0,31,24,7,24
Q8NCU4,53,4,49,22,35,18
Q8NE31,59,3,56,18,44,15
Q8NGM1,22,0,22,14,8,14
Q8NH00,27,0,27,25,2,25
Q8WXQ8,39,0,39,23,16,23
Q8WZ26,10,0,10,6,4,6
Q92890,28,9,19,11,26,2
Q969R8,27,2,25,18,9,18
Q96AM1,21,0,21,16,5,16
Q96FT7,38,2,36,21,17,21
Q96NN9,38,4,34,17,25,13
Q96PD4,14,0,14,8,6,8
Q96Q27,41,0,41,24,17,24
Q96ST3,111,20,91,68,61,50
Q9BQI7,74,5,69,30,45,29
Q9BT40,44,0,44,32,12,32
Q9BTV5,36,4,32,22,18,18
Q9BUE0,12,1,11,8,5,7
Q9BYE2,68,0,68,26,42,26
Q9C0B6,62,0,62,36,26,36
Q9H079,32,5,27,16,19,13
Q9H773,15,6,9,7,14,1
Q9NPA1,16,0,16,13,3,13
Q9NPB9,20,1,19,16,3,17
Q9NQ55,38,9,29,20,25,13
Q9NYP8,20,0,20,13,7,13
Q9NZJ5,126,18,108,60,80,46
Q9NZM3,159,18,141,86,89,70
Q9UKP3,26,0,26,12,14,12
Q9UKR0,20,0,20,17,3,17
Q9UPU9,94,16,78,55,47,47
Q9Y215,26,0,26,9,17,9
Q9Y2Z0,37,9,28,19,27,10
Q9Y5G0,88,2,86,52,36,52
A0A075B6J6,11,0,11,9,2,9
A0A0C4DH26,13,0,13,8,5,8
A0A1B0GVG4,12,0,12,1,11,1
A0A8V8TII8,2,0,2,2,0,2
A6NDI0,31,0,31,24,7,24
A6NMN3,30,0,30,14,16,14
A6PVS8,35,2,33,20,17,18
A8MT33,12,0,12,6,6,6
O14649,33,2,31,16,19,14
O15068,110,14,96,52,72,38
O15217,8,1,7,5,2,6
O15525,10,1,9,7,4,6
O43312,117,19,98,49,83,34
O43414,22,1,21,14,9,13
O75529,65,1,64,30,36,29
O75747,132,3,129,87,48,84
O94991,86,6,80,52,36,50
O95394,36,3,33,21,18,18
O95782,80,13,67,48,35,45
O95819,168,64,104,85,125,43
P0C7H9,43,0,43,27,16,27
P10620,9,1,8,5,3,6
P12643,35,0,35,11,24,11
P17927,179,1,178,116,62,117
P21980,51,11,40,28,26,25
P29459,16,0,16,10,6,10
P30307,60,19,41,29,36,24
P31270,39,2,37,18,21,18
P42677,8,3,5,4,5,3
P46063,56,9,47,28,37,19
P48551,61,6,55,39,26,35
P49591,32,3,29,14,19,13
P49901,5,0,5,2,3,2
P50895,62,6,56,32,36,26
P54750,41,2,39,23,20,21
P56557,9,0,9,6,3,6
P56703,25,1,24,14,12,13
P58513,7,0,7,2,5,2
P62854,7,2,5,3,6,1
P63121,8,0,8,5,3,5
P78362,60,13,47,37,34,26
Q02161,35,0,35,25,10,25
Q08752,19,4,15,7,12,7
Q0VD83,79,7,72,26,60,19
Q12797,56,13,43,31,38,18
Q13434,43,0,43,22,21,22
Q13461,14,0,14,6,8,6
Q15543,4,1,3,2,3,1
Q5SZD1,16,1,15,7,10,6
Q5T749,65,2,63,35,32,33
Q5TYM5,10,0,10,9,1,9
Q5TZF3,14,2,12,6,8,6
Q68DC2,94,10,84,37,65,29
Q6PI78,12,0,12,8,4,8
Q6UXN7,1,0,1,0,1,0
Q6UXS9,25,0,25,16,9,16
Q6UXY8,112,16,96,64,60,52
Q6X784,21,0,21,10,11,10
Q7Z402,66,0,66,42,24,42
Q86Y22,17,0,17,7,10,7
Q86YW9,201,4,197,100,103,98
Q8IWD4,24,3,21,12,15,9
Q8IXS0,53,1,52,21,31,22
Q8IZH2,162,20,142,94,88,74
Q8IZL9,13,0,13,5,8,5
Q8N4C6,166,19,147,77,108,58
Q8NB16,40,10,30,17,31,9
Q8NC67,44,2,42,27,19,25
Q8NGG3,30,0,30,21,9,21
Q8WTZ4,12,0,12,6,6,6
Q8WY21,104,1,103,64,41,63
Q8WZ79,30,0,30,20,10,20
Q92636,87,3,84,56,32,55
Q92874,23,0,23,12,11,12
Q96AB3,14,1,13,4,9,5
Q96B97,100,34,66,48,82,18
Q96LW1,67,1,66,39,29,38
Q96LW9,32,4,28,17,15,17
Q96NL0,56,3,53,30,29,27
Q96PT4,10,0,10,2,8,2
Q99445,8,0,8,7,1,7
Q99811,30,3,27,7,24,6
Q99829,44,5,39,25,24,20
Q9BRR9,88,18,70,41,59,29
Q9BXJ8,16,0,16,14,2,14
Q9BXT8,115,0,115,59,56,59
Q9BYQ9,26,0,26,25,1,25
Q9BZP6,30,0,30,21,9,21
Q9BZR6,30,0,30,16,14,16
Q9H1C7,1,0,1,0,1,0
Q9H2P9,15,2,13,8,9,6
Q9NP73,107,4,103,57,52,55
Q9NPJ6,18,1,17,12,7,11
Q9NR71,64,0,64,37,27,37
Q9NZL4,22,2,20,13,9,13
Q9UBY8,16,0,16,15,1,15
Q9UL15,22,1,21,15,6,16
Q9UNP4,22,0,22,11,11,11
Q9Y2R9,9,0,9,4,5,4
Q9Y666,82,10,72,49,41,41
A6NHG9,24,0,24,21,3,21
A6NMU1,11,0,11,9,2,9
A8MT69,2,0,2,1,1,1
A8MWA6,42,0,42,22,20,22
F2Z398,16,0,16,11,5,11
K9M1U5,12,0,12,4,8,4
O15120,18,2,16,12,6,12
O15155,15,4,11,7,10,5
O43175,42,10,32,21,19,23
O60262,4,0,4,1,3,1
O60928,31,3,28,20,14,17
O95084,29,1,28,16,14,15
O95727,40,1,39,19,22,18
P01782,12,0,12,8,4,8
P04075,33,15,18,16,20,13
P12931,50,15,35,26,31,19
P17693,16,0,16,10,6,10
P21462,26,6,20,13,9,17
P23497,113,35,78,56,78,35
P25098,48,8,40,25,31,17
P28336,37,1,36,20,18,19
P29762,8,3,5,4,7,1
P49848,66,10,56,34,40,26
P50213,22,3,19,15,8,14
P54687,22,0,22,14,8,14
P55316,53,2,51,28,27,26
P59535,29,0,29,23,6,23
P63104,36,17,19,18,33,3
P82912,11,0,11,8,3,8
Q08623,15,0,15,7,8,7
Q0JRZ9,123,28,95,66,69,54
Q14517,428,27,401,257,184,244
Q15018,67,18,49,36,31,36
Q1A5X7,2,0,2,2,0,2
Q24JQ0,24,0,24,19,5,19
Q49A26,56,15,41,30,37,19
Q58FG0,15,2,13,9,6,9
Q5EG05,10,0,10,8,2,8
Q5JRA6,180,36,144,75,131,49
Q5KSL6,117,8,109,61,58,59
Q6FI81,42,11,31,22,19,23
Q6PCB8,28,0,28,18,10,18
Q6UX53,11,0,11,7,4,7
Q6UX72,11,0,11,6,5,6
Q6UXR4,21,0,21,12,9,12
Q6ZTB9,16,0,16,14,2,14
Q7RTT6,15,0,15,5,10,5
Q7Z6M3,29,1,28,16,14,15
Q86YQ2,14,0,14,8,6,8
Q8IV45,36,0,36,21,15,21
Q8IVD9,21,3,18,10,14,7
Q8IYA6,84,17,67,36,51,33
Q8IZU0,4,0,4,3,1,3
Q8N1L4,26,0,26,17,9,17
Q8N239,35,2,33,21,14,21
Q8N4W9,80,5,75,53,28,52
Q8N6T0,51,0,51,23,28,23
Q8N8F7,7,0,7,6,1,6
Q8TAA9,47,10,37,26,31,16
Q8TAM2,29,1,28,20,8,21
Q8TBR5,6,0,6,2,4,2
Q92748,7,0,7,4,3,4
Q93074,204,13,191,121,96,108
Q96EH5,2,0,2,0,2,0
Q96P64,80,1,79,39,42,38
Q96RN5,76,6,70,42,40,36
Q96SQ5,52,1,51,31,22,30
Q99463,24,0,24,20,4,20
Q99613,73,17,56,35,53,20
Q99683,128,15,113,72,71,57
Q9BRJ6,14,6,8,8,10,4
Q9BRS8,64,17,47,29,46,18
Q9BWX5,46,2,44,17,31,15
Q9BXD5,17,1,16,5,13,4
Q9BZ97,3,0,3,2,1,2
Q9C0C2,360,147,213,178,317,43
Q9GZT6,17,2,15,10,9,8
Q9H2A7,29,3,26,11,19,10
Q9H6L5,57,11,46,24,36,21
Q9H772,13,0,13,7,6,7
Q9H993,37,6,31,24,13,24
Q9HCS4,78,6,72,30,54,24
Q9NQB0,79,12,67,42,47,32
Q9NRG9,62,12,50,37,35,27
Q9NTK5,17,1,16,14,2,15
Q9NX57,15,2,13,6,11,4
Q9NY33,60,10,50,32,36,24
Q9NYF8,251,104,147,111,240,11
Q9NZN1,47,1,46,26,22,25
Q9P126,14,0,14,10,4,10
Q9P2P5,178,21,157,86,113,65
Q9UBM8,33,0,33,18,15,18
Q9UHF1,20,0,20,11,9,11
Q9ULX6,56,10,46,29,37,19
Q9UND3,25,0,25,14,11,14
Q9UNZ5,6,1,5,2,3,3
Q9Y691,22,0,22,17,5,17
A0A0A6YYL3,40,0,40,25,15,25
A0A0B4J1U4,13,0,13,4,9,4
A0A0B4J240,11,0,11,8,3,8
A0A0B4J2H0,14,0,14,9,5,9
A0A1W2PR48,45,0,45,33,12,33
A0A8I5KTY6,18,0,18,16,2,16
A0A8I5KXM2,10,0,10,6,4,6
A6NLJ0,27,0,27,8,19,8
A6NN14,81,0,81,52,29,52
A8MVW5,35,0,35,21,14,21
F8W1W9,29,0,29,8,21,8
O00180,26,3,23,22,7,19
O14786,74,3,71,39,34,40
O14836,27,0,27,11,16,11
O43149,269,24,245,154,125,144
O75603,47,0,47,24,23,24
O94826,40,10,30,22,28,12
O95178,6,0,6,6,0,6
P01701,15,0,15,9,6,9
P0C628,30,0,30,26,4,26
P0C7P4,24,0,24,10,14,10
P0DMV9,33,0,33,16,17,16
P11047,106,9,97,66,43,63
P12018,12,0,12,4,8,4
P12980,21,4,17,9,16,5
P14550,23,8,15,10,17,6
P16989,28,13,15,14,25,3
P18124,9,3,6,4,6,3
P21731,28,3,25,17,14,14
P42338,65,2,63,35,30,35
P43699,35,2,33,16,21,14
P48637,34,3,31,20,17,17
P49354,20,2,18,10,12,8
P49765,14,0,14,8,6,8
P50281,28,1,27,13,16,12
P61019,15,5,10,8,12,3
P61326,11,3,8,6,8,3
P78330,9,0,9,4,5,4
P78369,23,3,20,17,9,14
P78508,26,1,25,10,17,9
P82673,25,2,23,15,10,15
Q12837,55,2,53,25,32,23
Q12965,91,16,75,55,36,55
Q13042,47,7,40,30,18,29
Q13133,39,4,35,19,24,15
Q2V2M9,136,8,128,50,94,42
Q4LDG9,11,2,9,6,5,6
Q5EBL4,25,7,18,11,19,6
Q5J8M3,16,3,13,10,9,7
Q5JUX0,19,2,17,9,12,7
Q5SYE7,321,66,255,141,244,77
Q6AI39,162,8,154,82,84,78
Q6P995,84,6,78,36,52,32
Q76N32,127,23,104,63,79,48
Q7Z4S6,172,35,137,89,118,54
Q7Z7L1,66,1,65,39,26,40
Q86UQ8,18,0,18,10,8,10
Q8IU60,42,14,28,23,33,9
Q8IY95,22,6,16,14,8,14
Q8N456,18,0,18,9,9,9
Q8N4E4,10,0,10,5,5,5
Q8NA97,13,0,13,8,5,8
Q8NBT0,45,4,41,26,23,22
Q8NEN9,93,10,83,53,50,43
Q8NFJ8,61,4,57,18,47,14
Q8NG31,266,51,215,138,177,89
Q8NGK0,30,1,29,26,3,27
Q8NGQ1,29,0,29,23,6,23
Q8TF63,36,0,36,11,25,11
Q8WY36,119,24,95,60,79,40
Q92185,25,0,25,16,9,16
Q96AE4,33,10,23,20,23,10
Q96CQ1,24,2,22,17,9,15
Q96CW5,78,6,72,43,35,43
Q96GZ6,44,3,41,32,15,29
Q96JZ2,46,11,35,24,31,15
Q96MU7,118,43,75,55,100,18
Q96RR1,45,1,44,30,16,29
Q9BT04,31,0,31,19,12,19
Q9BY64,31,0,31,22,9,22
Q9C035,35,3,32,20,18,17
Q9H0D6,69,17,52,32,54,15
Q9H2Y9,76,1,75,45,30,46
Q9H4K7,26,2,24,10,18,8
Q9H4M7,108,29,79,40,93,15
Q9H6V9,14,2,12,9,7,7
Q9HCF6,140,0,140,60,80,60
Q9P0U1,2,1,1,1,2,0
Q9UEE5,39,8,31,22,23,16
Q9UIF8,261,25,236,128,158,103
Q9UJF2,174,41,133,85,118,56
Q9UQ10,20,0,20,15,5,15
Q9Y230,36,8,28,18,22,14
Q9Y281,13,3,10,6,10,3
Q9Y2T3,36,1,35,17,18,18
Q9Y2U9,31,0,31,21,10,21
Q9Y570,40,8,32,20,26,14
Q9Y6J3,12,0,12,3,9,3
X6R8D5,11,0,11,8,3,8
A0A087WWA1,4,0,4,2,2,2
A0A0B4J2D9,17,0,17,10,7,10
A0A0D9SF12,13,0,13,8,5,8
A0A0U1RRN3,1,0,1,1,0,1
A0A1B0GVG6,12,0,12,1,11,1
A0A5F9ZHS7,26,0,26,6,20,6
A2VEC9,432,3,429,274,161,271
A6NFF2,6,0,6,3,3,3
O14558,12,3,9,8,7,5
O15498,23,5,18,15,13,10
O60218,19,4,15,11,12,7
O60469,202,0,202,118,84,118
O95935,78,6,72,37,47,31
P06276,37,1,36,26,12,25
P07237,32,9,23,12,29,3
P07333,85,5,80,45,39,46
P0C1S8,55,0,55,22,33,22
P0C7M3,9,0,9,2,7,2
P0CG32,29,0,29,12,17,12
P16152,23,9,14,12,14,9
P16930,29,3,26,17,15,14
P20265,38,5,33,20,23,15
P22102,72,12,60,37,41,31
P23109,51,2,49,31,22,29
P35625,13,0,13,11,2,11
P40926,31,11,20,15,17,14
P47901,34,1,33,15,20,14
P49842,20,0,20,10,10,10
P51610,221,43,178,133,101,120
P52926,10,4,6,4,6,4
P54868,51,7,44,30,24,27
P67775,18,3,15,10,9,9
Q08722,21,0,21,15,6,15
Q13094,60,11,49,22,43,17
Q13190,39,4,35,18,23,16
Q14241,103,25,78,47,67,36
Q15166,26,3,23,17,12,14
Q16831,23,3,20,14,12,11
Q494X3,31,0,31,24,7,24
Q495A1,19,1,18,8,12,7
Q53R41,66,3,63,43,22,44
Q53SF7,180,46,134,90,130,50
Q5T2L2,3,0,3,3,0,3
Q5W186,10,0,10,5,5,5
Q66K66,20,1,19,9,12,8
Q68CQ7,26,0,26,17,9,17
Q6ZMV8,31,1,30,22,10,21
Q6ZQY3,30,0,30,18,12,18
Q7Z739,59,4,55,33,30,29
Q86SY8,7,0,7,7,0,7
Q86U38,47,4,43,19,30,17
Q86U86,163,43,120,84,120,43
Q86YN6,132,14,118,53,93,39
Q8IXM6,12,1,11,8,5,7
Q8IXQ6,58,5,53,29,28,30
Q8IYU8,28,1,27,16,11,17
Q8IZ26,47,3,44,30,16,31
Q8IZ83,53,5,48,26,28,25
Q8IZE3,80,9,71,46,39,41
Q8N1Q1,26,0,26,15,11,15
Q8N4T8,13,1,12,5,9,4
Q8N7R0,23,0,23,11,12,11
Q8N883,40,1,39,23,18,22
Q8N8D9,13,0,13,11,2,11
Q8N9W5,33,0,33,12,21,12
Q8NBT2,12,2,10,7,5,7
Q8NE62,35,0,35,19,16,19
Q8WUM0,155,33,122,80,104,51
Q8WW24,25,0,25,7,18,7
Q8WYQ3,14,0,14,12,2,12
Q92797,112,27,85,55,82,30
Q96AQ2,20,0,20,15,5,15
Q96L08,30,2,28,12,20,10
Q96PZ2,47,6,41,23,26,21
Q99856,48,8,40,20,36,12
Q9BY60,3,0,3,3,0,3
Q9GZT9,28,5,23,11,18,10
Q9H3S4,10,1,9,8,1,9
Q9H479,15,2,13,5,12,3
Q9H7P9,172,34,138,85,117,55
Q9H9L3,32,0,32,12,20,12
Q9H9S4,17,0,17,12,5,12
Q9HCM7,114,18,96,44,86,28
Q9HD45,35,0,35,27,8,27
Q9NPD8,10,1,9,6,5,5
Q9NPL8,13,2,11,7,8,5
Q9NR33,4,1,3,1,4,0
Q9NWF4,34,0,34,29,5,29
Q9NZU0,57,6,51,31,32,25
Q9P013,18,5,13,7,16,2
Q9UBP9,26,6,20,15,17,9
Q9UHP7,15,0,15,12,3,12
Q9ULI3,242,10,232,113,135,107
Q9UNW9,33,1,32,23,11,22
Q9UPY6,50,3,47,22,31,19
Q9UQP3,90,2,88,53,37,53
Q9Y2F9,42,0,42,28,14,28
Q9Y4X4,75,14,61,43,42,33
Q9Y646,36,1,35,23,12,24
A0A087WSZ9,12,0,12,8,4,8
A0A0B4J264,12,0,12,10,2,10
A0A0G2JQZ4,8,0,8,1,7,1
A6NL26,28,0,28,23,5,23
A8MXZ3,27,0,27,26,1,26
E9PI22,25,0,25,8,17,8
O00292,26,0,26,12,14,12
O15020,138,14,124,70,78,60
O15303,64,1,63,39,26,38
O43290,81,29,52,36,62,19
O43325,4,0,4,1,3,1
O43427,19,0,19,14,5,14
O43610,42,5,37,26,21,21
O75688,51,7,44,24,34,17
O75783,28,0,28,16,12,16
O76054,22,4,18,11,15,7
P01133,102,0,102,66,36,66
P01742,14,0,14,9,5,9
P04792,33,14,19,16,21,12
P06731,73,0,73,35,38,35
P08729,65,25,40,34,36,29
P09017,29,1,28,9,21,8
P0C025,23,0,23,16,7,16
P0C6T2,1,0,1,1,0,1
P11387,40,11,29,16,29,11
P11488,22,2,20,10,14,8
P18846,41,10,31,18,29,12
P21754,32,0,32,21,11,21
P23416,31,1,30,19,13,18
P25391,251,9,242,149,101,150
P30044,15,4,11,6,13,2
P30153,42,5,37,20,27,15
P34130,13,0,13,9,4,9
P36941,30,4,26,17,17,13
P41236,31,13,18,16,18,13
P60228,26,3,23,16,11,15
P61960,6,1,5,4,3,3
P63136,49,0,49,25,24,25
P81408,97,11,86,52,52,45
Q08431,32,3,29,21,14,18
Q10469,28,3,25,17,12,16
Q13015,7,1,6,5,3,4
Q16828,52,11,41,30,29,23
Q52MB2,13,0,13,5,8,5
Q562E7,169,9,160,99,77,92
Q5GH70,22,0,22,18,4,18
Q5SRI9,35,0,35,16,19,16
Q5VU92,32,0,32,16,16,16
Q5VUB5,125,26,99,60,75,50
Q6GPH4,33,8,25,15,20,13
Q6NSI1,18,0,18,8,10,8
Q6UWE0,66,12,54,33,37,29
Q6WKZ4,239,66,173,109,178,61
Q6ZMG9,22,0,22,16,6,16
Q6ZN44,72,0,72,35,37,35
Q6ZWL3,30,0,30,17,13,17
Q7Z3V4,81,4,77,50,35,46
Q86UA6,26,3,23,16,11,15
Q8IUZ5,25,1,24,16,10,15
Q8IV63,72,18,54,37,53,19
Q8IWP9,30,5,25,12,23,7
Q8N3X1,135,25,110,80,80,55
Q8N7Y1,22,0,22,10,12,10
Q8NFB2,17,0,17,13,4,13
Q8NFZ3,46,0,46,30,16,30
Q8NGZ4,22,0,22,18,4,18
Q8NH67,34,1,33,25,8,26
Q8NH76,20,0,20,18,2,18
Q8TEW0,214,71,143,95,184,30
Q8TF44,59,12,47,26,45,14
Q8WZ04,13,0,13,10,3,10
Q96A23,46,5,41,28,23,23
Q96BN2,21,2,19,10,11,10
Q96C57,43,13,30,15,41,2
Q96CH1,28,0,28,21,7,21
Q96H79,24,6,18,13,17,7
Q96N20,23,1,22,11,13,10
Q96N68,14,0,14,10,4,10
Q9BPX5,12,4,8,6,10,2
Q9BUM1,25,0,25,15,10,15
Q9BUV8,6,0,6,4,2,4
Q9BZD2,53,2,51,33,22,31
Q9NP74,64,20,44,27,55,9
Q9NPJ3,7,2,5,4,5,2
Q9NUR3,22,0,22,7,15,7
Q9P0P8,24,5,19,15,14,10
Q9UBT6,91,9,82,47,45,46
Q9UFG5,1,0,1,1,0,1
Q9UH17,15,1,14,12,4,11
Q9UI33,131,3,128,93,39,92
Q9UJ83,34,3,31,19,16,18
Q9UKI8,92,23,69,45,62,30
Q9UKK3,187,28,159,115,94,93
Q9UL45,7,0,7,2,5,2
Q9ULG3,47,0,47,25,22,25
Q9ULX3,33,5,28,15,23,10
Q9Y2P4,40,1,39,23,16,24
Q9Y320,22,5,17,16,11,11
Q9Y371,30,3,27,20,11,19
Q9Y5K2,28,0,28,19,9,19
A0A0B4J237,14,0,14,8,6,8
A0A0B4J244,9,0,9,7,2,7
A6NDX4,18,0,18,7,11,7
A6NHS1,7,0,7,2,5,2
A6NHX0,32,0,32,23,9,23
A8MT66,14,0,14,6,8,6
A8MUI8,38,2,36,14,26,12
A8MUN3,17,0,17,5,12,5
A8MWP4,20,0,20,7,13,7
C9JQL5,8,0,8,8,0,8
O00139,62,12,50,32,38,24
O43151,185,13,172,89,109,76
O43525,63,1,62,28,36,27
O60422,26,0,26,12,14,12
O60494,383,1,382,237,147,236
P01225,5,0,5,4,1,4
P02462,71,1,70,33,39,32
P02730,68,10,58,46,24,44
P02750,24,1,23,15,10,14
P09067,41,0,41,11,30,11
P0DJG4,41,0,41,15,26,15
P0DMV8,33,0,33,16,17,16
P0DN87,13,0,13,7,6,7
P13501,6,0,6,4,2,4
P16452,44,1,43,24,21,23
P25189,25,6,19,14,13,12
P34810,42,0,42,27,15,27
P35612,100,31,69,55,66,34
P36956,130,16,114,66,78,52
P45954,35,5,30,20,18,17
P49585,42,14,28,21,33,9
P51798,62,6,56,42,20,42
P55884,71,20,51,35,44,27
Q00169,8,1,7,3,6,2
Q03111,119,39,80,47,103,16
Q13315,266,33,233,151,142,124
Q13426,42,11,31,23,22,20
Q14952,34,0,34,23,11,23
Q16617,17,0,17,15,2,15
Q16629,77,32,45,33,76,1
Q4W5P6,2,0,2,0,2,0
Q5JTD0,63,12,51,28,47,16
Q5M9Q1,62,4,58,18,48,14
Q5T0B9,55,8,47,35,24,31
Q5T2T1,41,7,34,20,24,17
Q5T3J3,106,15,91,57,54,52
Q5VV11,8,0,8,3,5,3
Q5VYP0,157,0,157,126,31,126
Q6IQ22,18,5,13,9,12,6
Q6P0A1,9,0,9,4,5,4
Q6PDB4,36,0,36,22,14,22
Q6Q8B3,23,0,23,14,9,14
Q6ZRU5,7,0,7,6,1,6
Q6ZS46,23,0,23,7,16,7
Q6ZSR3,17,0,17,8,9,8
Q6ZSR9,58,10,48,22,46,12
Q6ZTK2,39,0,39,22,17,22
Q6ZVN7,13,0,13,7,6,7
Q7RTT5,10,0,10,5,5,5
Q7Z2W7,66,0,66,39,27,39
Q7Z601,33,0,33,17,16,17
Q86TA4,16,0,16,7,9,7
Q8IWB4,157,1,156,125,33,124
Q8IWE4,29,5,24,13,19,10
Q8IYL2,61,8,53,29,38,23
Q8N2B8,18,0,18,7,11,7
Q8N6C7,7,0,7,4,3,4
Q8N6U2,26,0,26,9,17,9
Q8N8I6,15,0,15,6,9,6
Q8NA96,32,0,32,25,7,25
Q8NC69,12,0,12,8,4,8
Q8NGC8,25,0,25,23,2,23
Q8NGF9,23,1,22,19,5,18
Q8NHC8,19,0,19,19,0,19
Q8TAE6,17,4,13,6,15,2
Q8WWF8,6,0,6,4,2,4
Q8WWR8,39,0,39,16,23,16
Q8WXX0,265,8,257,150,117,148
Q92834,91,8,83,49,50,41
Q969W9,34,3,31,14,21,13
Q96DP5,24,0,24,17,7,17
Q96FE7,16,0,16,9,7,9
Q96L94,18,3,15,12,7,11
Q96MT0,9,0,9,3,6,3
Q99720,12,0,12,11,1,11
Q9BTX7,27,4,23,18,13,14
Q9BUB5,45,10,35,22,33,12
Q9BV23,25,0,25,16,9,16
Q9BZH6,114,12,102,65,61,53
Q9H3C7,56,4,52,30,28,28
Q9H765,15,0,15,10,5,10
Q9H7C4,25,4,21,12,17,8
Q9HC35,129,36,93,71,90,39
Q9NQG6,37,5,32,21,21,16
Q9NRA1,24,0,24,11,13,11
Q9NYL4,8,0,8,5,3,5
Q9NYS0,13,1,12,9,3,10
Q9P1W8,28,1,27,19,10,18
Q9ULX5,32,0,32,19,13,19
Q9Y5G4,86,3,83,52,37,49
A0A0A0MT82,3,0,3,3,0,3
A0A1B0GXF2,11,0,11,4,7,4
A0AV02,64,0,64,37,27,37
A0JD37,10,0,10,5,5,5
A1IGU5,45,4,41,23,26,19
A6NHN0,30,2,28,17,15,15
B9A6J9,35,0,35,26,9,26
H3BV60,20,0,20,10,10,10
O00198,4,0,4,1,3,1
O14548,5,0,5,3,2,3
O43313,100,1,99,65,36,64
O43557,20,2,18,12,10,10
O60487,10,0,10,6,4,6
O60687,34,0,34,18,16,18
O75051,172,8,164,94,86,86
O95149,41,9,32,23,23,18
O95780,36,3,33,26,13,23
P05026,14,2,12,6,10,4
P07202,62,0,62,34,28,34
P10276,43,6,37,19,28,15
P16415,46,2,44,32,16,30
P21246,6,0,6,4,2,4
P32418,62,4,58,43,23,39
P49753,27,4,23,13,18,9
P52198,19,0,19,9,10,9
P52803,18,0,18,11,7,11
P53794,55,5,50,35,23,32
P54107,19,0,19,15,4,15
P54578,56,18,38,29,43,13
P57735,15,2,13,10,7,8
P60673,6,2,4,3,5,1
P62487,6,0,6,3,3,3
P98095,69,2,67,48,23,46
Q13166,5,0,5,4,1,4
Q13576,120,27,93,67,76,44
Q14153,88,28,60,44,56,32
Q14656,11,0,11,10,1,10
Q14677,97,20,77,51,58,39
Q15700,83,16,67,36,55,28
Q4V348,59,0,59,44,15,44
Q53F19,101,39,62,45,85,16
Q53FT3,19,0,19,11,8,11
Q5R3F8,97,14,83,46,65,32
Q5RIA9,21,0,21,10,11,10
Q5SRH9,43,0,43,22,21,22
Q68D20,32,1,31,11,22,10
Q68DQ2,377,47,330,198,218,159
Q68J44,10,0,10,3,7,3
Q6NZI2,49,22,27,25,34,15
Q6UWS5,1,0,1,0,1,0
Q6ZSZ6,144,10,134,70,82,62
Q6ZTR6,12,0,12,5,7,5
Q7L5Y9,31,1,30,17,15,16
Q7Z333,292,45,247,140,187,105
Q7Z3Y7,39,0,39,20,19,20
Q86TP1,33,0,33,16,17,16
Q86U37,23,0,23,11,12,11
Q86UN2,28,0,28,17,11,17
Q86V40,38,0,38,24,14,24
Q8IV04,21,2,19,10,9,12
Q8IZX4,135,6,129,62,77,58
Q8N371,19,0,19,10,9,10
Q8NCU8,2,0,2,2,0,2
Q8NDX6,26,7,19,12,19,7
Q8NH42,29,0,29,23,6,23
Q8NHU3,28,2,26,16,14,14
Q8TDI0,129,7,122,52,84,45
Q8TEB7,31,0,31,18,13,18
Q8TF76,107,19,88,60,64,43
Q8WWZ4,124,9,115,78,55,69
Q8WX39,9,0,9,8,1,8
Q92543,97,5,92,49,53,44
Q92572,13,3,10,7,9,4
Q92974,119,42,77,61,98,21
Q96H22,29,6,23,14,21,8
Q96PD6,21,3,18,13,7,14
Q96Q83,16,2,14,8,10,6
Q96SA4,37,0,37,32,5,32
Q99075,11,1,10,7,5,6
Q99816,31,5,26,14,22,9
Q9BVC6,18,0,18,15,3,15
Q9BY08,9,0,9,8,1,8
Q9C0K7,55,3,52,32,26,29
Q9H6K5,185,0,185,49,136,49
Q9H6X2,44,7,37,24,27,17
Q9HA65,69,9,60,33,41,28
Q9HCM4,74,14,60,39,49,25
Q9NUC0,41,0,41,21,20,21
Q9NVV4,59,5,54,26,36,23
Q9NYF0,108,8,100,48,66,42
Q9P296,21,1,20,17,5,16
Q9UBV2,53,3,50,22,32,21
Q9UHI7,38,1,37,26,13,25
Q9UKJ0,22,0,22,15,7,15
Q9UNX3,13,5,8,7,11,2
Q9UPW0,102,11,91,56,57,45
Q9Y3M2,14,3,11,6,11,3
Q9Y4X3,7,0,7,6,1,6
Q9Y6X9,91,23,68,43,69,22
Q9Y6Y8,116,17,99,70,63,53
A0A1W2PQM1,29,0,29,20,9,20
A2AJT9,77,14,63,28,61,16
A2RRD8,33,4,29,17,20,13
A6NGD5,38,0,38,13,25,13
A6QL64,193,7,186,84,116,77
H3BPF8,43,0,43,15,28,15
O15042,159,54,105,70,129,30
O43497,248,7,241,114,141,107
O43749,22,0,22,21,1,21
O60503,150,24,126,89,81,69
O75083,73,18,55,41,36,37
O75830,32,0,32,18,14,18
O76093,8,0,8,4,4,4
O94819,57,8,49,28,37,20
P01236,24,4,20,18,4,20
P01889,27,3,24,12,18,9
P0DPI2,13,0,13,5,8,5
P14410,104,1,103,66,37,67
P16520,33,2,31,23,12,21
P18825,38,0,38,22,16,22
P20645,20,1,19,12,7,13
P29084,36,8,28,14,30,6
P46019,114,16,98,62,60,54
P48544,20,0,20,13,7,13
P59044,46,0,46,27,19,27
P59923,101,5,96,50,56,45
P60568,8,0,8,6,2,6
P62701,12,6,6,6,10,2
P69891,12,4,8,6,10,2
P78364,124,13,111,57,74,50
P98194,68,3,65,47,20,48
Q13536,22,0,22,11,11,11
Q13607,29,1,28,23,7,22
Q13950,87,18,69,47,50,37
Q15020,66,12,54,33,35,31
Q15147,85,5,80,45,43,42
Q17RB8,51,4,47,24,29,22
Q2M3C6,58,1,57,26,33,25
Q2NL67,60,3,57,27,36,24
Q52M93,62,0,62,46,16,46
Q58DX5,76,3,73,38,39,37
Q5HYI7,23,2,21,15,10,13
Q5MJ70,24,0,24,13,11,13
Q5T1J6,14,1,13,9,4,10
Q5T7W7,48,7,41,30,21,27
Q5VWW1,13,0,13,10,3,10
Q685J3,967,1,966,800,166,801
Q68DY1,35,0,35,20,15,20
Q6IQ20,30,2,28,14,16,14
Q6NUM6,45,0,45,28,17,28
Q6P1N9,13,1,12,10,4,9
Q6PDA7,7,0,7,5,2,5
Q6UVY6,39,0,39,20,19,20
Q6XYQ8,42,0,42,20,22,20
Q6ZMB5,32,0,32,19,13,19
Q6ZN01,52,0,52,21,31,21
Q6ZN30,136,11,125,64,79,57
Q765I0,8,0,8,8,0,8
Q7Z3K3,165,41,124,84,118,47
Q7Z5J1,27,3,24,12,14,13
Q86UX2,69,0,69,34,35,34
Q86VW1,51,0,51,34,17,34
Q8IXK2,28,0,28,18,10,18
Q8IZ41,80,16,64,35,61,19
Q8N0Y5,33,0,33,30,3,30
Q8N2X6,7,0,7,4,3,4
Q8N4T4,16,0,16,8,8,8
Q8N4W6,24,0,24,18,6,18
Q8N5H3,18,0,18,10,8,10
Q8N699,44,8,36,21,29,15
Q8TDB4,21,1,20,10,12,9
Q8TDY8,108,3,105,64,47,61
Q8WTR2,18,0,18,16,2,16
Q8WW52,39,0,39,25,14,25
Q8WXD5,12,1,11,7,6,6
Q8WXH5,47,0,47,17,30,17
Q8WXR4,97,2,95,51,48,49
Q92665,36,3,33,12,27,9
Q92904,21,0,21,6,15,6
Q969H0,66,7,59,37,36,30
Q96AQ9,31,0,31,12,19,12
Q96FA3,38,7,31,16,21,17
Q96P20,84,0,84,59,25,59
Q96P53,36,2,34,18,20,16
Q99518,45,1,44,27,17,28
Q9BQI3,57,11,46,30,32,25
Q9BRH9,58,4,54,31,31,27
Q9BYG3,25,7,18,14,18,7
Q9BZW8,41,1,40,26,16,25
Q9H3S7,149,28,121,82,91,58
Q9NQ50,7,1,6,2,6,1
Q9NSI5,43,0,43,23,20,23
Q9NZK5,34,6,28,19,13,21
Q9UDV7,47,3,44,29,21,26
Q9UFE4,76,3,73,20,59,17
Q9UGF5,28,0,28,18,10,18
Q9UL54,95,15,80,52,58,37
Q9Y5V3,45,4,41,26,23,22
Q9Y673,21,2,19,14,9,12
Q9Y6G5,18,3,15,9,12,6
A0A0A0MT99,3,0,3,3,0,3
A0A0U1RQE8,25,0,25,16,9,16
A0A1B0GTJ6,32,0,32,17,15,17
A6NIK2,11,0,11,3,8,3
A6NNL0,73,1,72,36,38,35
A7XYQ1,78,6,72,30,54,24
A8MTY0,41,0,41,36,5,36
A8MYP8,15,0,15,3,12,3
C9J798,58,0,58,29,29,29
C9JLR9,52,2,50,23,31,21
E5RJM6,11,0,11,3,8,3
O14804,20,0,20,15,5,15
O15063,107,10,97,52,65,42
O15391,31,1,30,15,17,14
O43193,29,0,29,15,14,15
O43889,36,0,36,23,13,23
O76038,15,2,13,6,11,4
O95076,32,3,29,13,22,10
P00352,28,4,24,13,19,9
P01709,17,0,17,12,5,12
P01824,20,0,20,15,5,15
P07108,3,1,2,1,3,0
P0DP08,18,0,18,14,4,14
P12107,73,2,71,30,43,30
P12259,260,13,247,137,134,126
P17812,53,13,40,28,34,19
P18509,15,1,14,5,11,4
P21781,8,1,7,4,5,3
P22676,17,2,15,11,8,9
P23610,16,0,16,12,4,12
P30518,29,1,28,21,9,20
P30825,44,0,44,29,15,29
P31944,8,0,8,4,4,4
P40305,14,0,14,10,4,10
P41587,41,0,41,29,12,29
P42166,125,44,81,61,102,23
P48023,25,0,25,15,10,15
P48436,62,11,51,29,42,20
P50549,45,6,39,28,23,22
P50616,44,8,36,24,26,18
P51813,74,4,70,30,44,30
P56177,44,3,41,24,23,21
P59827,31,0,31,21,10,21
P62913,10,3,7,6,7,3
P82094,169,42,127,81,116,53
Q06828,30,0,30,23,7,23
Q13614,69,8,61,36,39,30
Q15415,72,1,71,18,55,17
Q15417,29,11,18,16,20,9
Q16674,8,0,8,4,4,4
Q16696,27,1,26,9,19,8
Q16769,31,0,31,13,18,13
Q16891,86,26,60,39,63,23
Q2M329,24,1,23,10,15,9
Q2T9J0,40,2,38,27,15,25
Q4G0T1,64,0,64,43,21,43
Q5JSP0,77,14,63,37,46,31
Q5W064,31,0,31,16,15,16
Q6AHZ1,156,12,144,77,85,71
Q6XE38,4,0,4,4,0,4
Q70YC5,36,4,32,16,22,14
Q7L591,49,10,39,27,30,19
Q7Z5G4,4,0,4,2,2,2
Q86WT1,28,0,28,14,14,14
Q8IZQ5,6,1,5,2,5,1
Q8N0Y2,27,8,19,17,16,11
Q8N165,24,0,24,15,9,15
Q8N300,3,0,3,1,2,1
Q8N8W4,58,0,58,24,34,24
Q8N999,16,0,16,10,6,10
Q8NE00,34,6,28,25,11,23
Q8NGV7,21,0,21,17,4,17
Q8NH81,18,0,18,15,3,15
Q8WVF5,15,0,15,8,7,8
Q92819,42,0,42,33,9,33
Q969E3,14,2,12,4,12,2
Q96DS6,15,0,15,10,5,10
Q96ET8,32,4,28,21,13,19
Q96EX1,3,0,3,0,3,0
Q96JY6,87,37,50,41,79,8
Q96L96,191,18,173,97,102,89
Q9BUV0,70,10,60,13,65,5
Q9GZX6,11,0,11,8,3,8
Q9HC36,35,6,29,15,24,11
Q9HCN8,18,0,18,8,10,8
Q9NQW6,218,78,140,116,170,48
Q9NV92,32,3,29,16,13,19
Q9NWA0,14,5,9,6,11,3
Q9NWW9,11,0,11,5,6,5
Q9NXH3,16,0,16,3,13,3
Q9NXR8,62,6,56,32,34,28
Q9NYB5,77,2,75,53,22,55
Q9P0V3,107,19,88,62,62,45
Q9P2G4,109,3,106,51,61,48
Q9UHJ9,18,0,18,14,4,14
Q9UL12,56,0,56,27,29,27
Q9UQ26,186,26,160,61,151,35
Q9Y5R5,42,0,42,14,28,14
Q9Y623,121,28,93,68,81,40
A0A075B6L2,13,0,13,13,0,13
A0A0C4DH29,12,0,12,8,4,8
A0A994J5G1,3,0,3,0,3,0
A6NK59,41,2,39,25,18,23
A6NKT7,184,12,172,82,112,72
B3KU38,69,0,69,24,45,24
B7Z1M9,29,0,29,7,22,7
O43439,63,12,51,23,50,13
O60678,41,3,38,26,18,23
O60810,26,0,26,24,2,24
O75817,7,1,6,3,5,2
O94953,88,8,80,39,55,33
O95170,55,0,55,28,27,28
P01583,32,4,28,22,14,18
P05114,10,4,6,4,10,0
P07355,60,35,25,32,45,15
P0CJ89,23,0,23,10,13,10
P10644,28,7,21,15,18,10
P12034,40,1,39,12,29,11
P12081,30,7,23,16,21,9
P13196,55,3,52,31,27,28
P13473,34,1,33,19,16,18
P16435,43,3,40,24,22,21
P18850,74,6,68,27,53,21
P32320,10,2,8,6,6,4
P43353,29,2,27,12,19,10
P46087,84,23,61,40,65,19
P47804,26,0,26,21,5,21
P48431,41,6,35,24,19,22
P49281,44,3,41,28,19,25
P51788,74,11,63,41,42,32
P53611,23,2,21,17,6,17
P55771,37,4,33,21,20,17
P59046,64,0,64,44,20,44
P61604,9,4,5,5,6,3
P62072,5,0,5,5,0,5
Q01638,36,1,35,21,16,20
Q03468,144,24,120,64,96,48
Q10471,36,4,32,20,18,18
Q12789,217,45,172,115,133,84
Q13422,84,28,56,45,67,17
Q13601,27,6,21,13,12,15
Q13698,118,9,109,80,47,71
Q16384,11,1,10,7,5,6
Q16644,20,4,16,11,13,7
Q2KHT3,101,5,96,57,49,52
Q2TAL5,59,10,49,27,42,17
Q4G112,64,0,64,30,34,30
Q5VUE5,8,0,8,3,5,3
Q5VYS4,30,0,30,12,18,12
Q66K74,152,43,109,74,107,45
Q6NUI1,16,0,16,6,10,6
Q6ZSB3,9,0,9,3,6,3
Q6ZU52,83,2,81,36,47,36
Q7Z6V5,9,0,9,3,6,3
Q86W24,79,2,77,56,23,56
Q8IXR9,68,0,68,32,36,32
Q8N393,62,1,61,33,28,34
Q8N3J9,22,0,22,20,2,20
Q8N4J0,28,1,27,15,12,16
Q8NBL3,21,0,21,16,5,16
Q8NDP4,35,0,35,22,13,22
Q8TCU4,574,51,523,283,336,238
Q8TD55,61,19,42,29,37,24
Q8TF46,80,6,74,51,33,47
Q8WVV4,67,11,56,37,41,26
Q969Q6,22,1,21,13,10,12
Q969Y0,42,1,41,27,14,28
Q96D05,7,3,4,4,6,1
Q96I15,29,3,26,15,15,14
Q96IL0,9,0,9,3,6,3
Q96K83,134,10,124,79,65,69
Q96M43,60,0,60,32,28,32
Q96PB8,20,0,20,15,5,15
Q96QU1,142,2,140,80,64,78
Q9BV35,30,1,29,19,12,18
Q9BXF9,36,3,33,15,20,16
Q9BYH1,91,1,90,49,41,50
Q9BZC5,4,0,4,4,0,4
Q9H246,7,2,5,3,6,1
Q9H425,56,17,39,26,41,15
Q9H4A5,26,8,18,15,19,7
Q9NPA0,33,4,29,15,22,11
Q9NRA0,62,12,50,32,42,20
Q9NRM7,102,20,82,48,70,32
Q9NSB8,31,0,31,13,18,13
Q9NVP4,63,3,60,36,28,35
Q9P2R6,187,39,148,84,142,45
Q9UBG7,49,3,46,30,20,29
Q9UC07,46,0,46,25,21,25
Q9UFF9,20,0,20,12,8,12
Q9UGL9,18,0,18,11,7,11
Q9UIE0,37,0,37,24,13,24
Q9UJ41,41,9,32,23,27,14
Q9UK23,32,0,32,18,14,18
Q9UMF0,63,1,62,34,30,33
Q9UNF0,52,16,36,26,40,12
Q9UQV4,32,1,31,22,9,23
Q9Y566,242,9,233,70,179,63
A0A075B6J9,18,0,18,12,6,12
A1KXE4,12,1,11,6,7,5
A4D1S5,13,0,13,7,6,7
A6NEL2,95,16,79,43,68,27
A6NIU2,8,0,8,4,4,4
A6NK53,57,0,57,46,11,46
A8MQ03,15,6,9,8,11,4
C9JTQ0,32,5,27,13,24,8
I3L0S3,10,0,10,3,7,3
O14656,21,0,21,14,7,14
O14981,130,10,120,71,63,67
O43280,34,0,34,19,15,19
O43768,12,6,6,6,12,0
O60701,41,8,33,21,28,13
O60907,62,6,56,33,35,27
O75665,125,35,90,60,84,41
O75940,23,6,17,10,11,12
O95863,42,12,30,23,27,15
O97980,2,0,2,1,1,1
P00167,10,1,9,7,4,6
P01033,13,1,12,11,3,10
P01579,13,2,11,6,9,4
P01911,19,0,19,10,9,10
P02489,18,2,16,11,9,9
P03979,12,0,12,3,9,3
P07996,76,3,73,46,33,43
P0C2W1,20,0,20,16,4,16
P0C7Q2,13,0,13,5,8,5
P0DX00,16,0,16,10,6,10
P13236,10,0,10,7,3,7
P13688,52,5,47,27,26,26
P14136,29,8,21,10,25,4
P20941,20,2,18,9,13,7
P23490,70,0,70,32,38,32
P25205,81,21,60,41,51,30
P31275,25,0,25,14,11,14
P32321,11,0,11,7,4,7
P36268,32,0,32,19,13,19
P36544,35,0,35,28,7,28
P48681,210,90,120,104,146,64
P50219,35,4,31,16,21,14
P52434,9,0,9,5,4,5
P56545,22,3,19,16,9,13
P56749,28,4,24,19,13,15
P57087,30,2,28,15,15,15
P57738,5,0,5,4,1,4
P58004,36,1,35,19,18,18
P59022,9,0,9,7,2,7
Q03167,75,1,74,46,30,45
Q04844,28,0,28,19,9,19
Q15697,43,8,35,21,28,15
Q2LD37,614,70,544,299,383,231
Q4KMQ2,51,6,45,30,21,30
Q569G3,13,0,13,6,7,6
Q5JNZ3,53,1,52,30,24,29
Q5JSJ4,66,3,63,34,35,31
Q5SQS7,17,0,17,7,10,7
Q5VT79,25,0,25,12,13,12
Q6NUQ4,59,3,56,39,19,40
Q6XYB7,12,0,12,4,8,4
Q6ZN08,43,0,43,31,12,31
Q8IVA1,12,0,12,5,7,5
Q8IY51,38,1,37,14,25,13
Q8IZQ8,148,12,136,55,101,47
Q8N0T1,7,2,5,2,7,0
Q8N8D1,15,0,15,7,8,7
Q8NC74,77,20,57,34,63,14
Q8NE01,56,10,46,29,33,23
Q8NG66,46,3,43,23,26,20
Q8NGA8,23,0,23,22,1,22
Q8TBN0,37,8,29,17,28,9
Q8TBY9,89,4,85,54,37,52
Q8TC59,62,1,61,26,37,25
Q8TEV9,138,31,107,72,89,49
Q8TF39,86,5,81,53,34,52
Q92585,137,14,123,77,72,65
Q92826,24,3,21,10,15,9
Q96HH6,33,0,33,22,11,22
Q96JB2,67,8,59,34,39,28
Q96KV7,183,9,174,108,84,99
Q96MT8,69,2,67,32,39,30
Q9BQN1,82,5,77,34,51,31
Q9BTL4,24,3,21,11,16,8
Q9BUN5,15,2,13,8,7,8
Q9BX51,17,0,17,10,7,10
Q9BXN6,11,2,9,4,9,2
Q9BYG8,41,0,41,28,13,28
Q9BZZ2,157,4,153,86,73,84
Q9HBX8,74,2,72,47,27,47
Q9NV72,40,0,40,25,15,25
Q9NY72,14,0,14,9,5,9
Q9NZW4,540,2,538,29,513,27
Q9ULE0,147,33,114,69,111,36
Q9ULN7,42,0,42,11,31,11
Q9ULW2,39,3,36,30,12,27
Q9UPQ0,169,57,112,82,142,27
Q9Y3E7,15,2,13,8,7,8
Q9Y466,26,1,25,14,13,13
Q9Y534,14,4,10,6,12,2
A0A1B0GVX0,2,0,2,2,0,2
A0A1W2PPF3,23,0,23,12,11,12
A0A494BZU4,10,0,10,8,2,8
A0AVK6,118,15,103,53,74,44
A2RU14,5,0,5,4,1,4
A6ND36,92,23,69,41,66,26
O00154,29,3,26,21,11,18
O14604,4,1,3,2,3,1
O43493,85,22,63,35,62,23
O75081,75,13,62,38,50,25
O75438,2,0,2,1,1,1
O75901,34,0,34,15,19,15
O95047,17,0,17,14,3,14
O95755,28,4,24,12,18,10
P05452,7,0,7,3,4,3
P08962,9,1,8,5,5,4
P0CB33,32,3,29,23,12,20
P0DTE7,32,0,32,20,12,20
P10599,10,4,6,6,2,8
P10619,34,0,34,23,11,23
P10646,13,1,12,9,5,8
P23458,79,6,73,46,33,46
P25490,28,6,22,13,19,9
P27544,22,0,22,16,6,16
P28827,105,7,98,56,50,55
P30874,33,2,31,23,12,21
P32242,59,0,59,26,33,26
P35348,43,1,42,28,16,27
P35499,109,1,108,70,40,69
P50607,47,0,47,17,30,17
P51449,45,1,44,25,21,24
P59768,2,0,2,1,1,1
P85037,115,33,82,61,75,40
Q08AD1,202,54,148,95,159,43
Q09028,44,6,38,31,19,25
Q0GE19,32,0,32,23,9,23
Q12905,28,6,22,16,10,18
Q12951,54,7,47,23,36,18
Q13387,100,5,95,35,70,30
Q14032,22,1,21,15,6,16
Q14739,69,21,48,39,45,24
Q15034,75,0,75,53,22,53
Q2M296,21,2,19,12,11,10
Q3LHN2,2,0,2,2,0,2
Q4G0F5,21,4,17,10,15,6
Q4KWH8,206,39,167,105,118,88
Q4VC12,38,0,38,26,12,26
Q5GAN4,5,0,5,2,3,2
Q5HYA8,78,0,78,50,28,50
Q5M775,181,60,121,92,129,52
Q5TF21,81,6,75,27,60,21
Q5TGS1,21,0,21,12,9,12
Q5VST6,24,0,24,13,11,13
Q5VVM6,68,0,68,32,36,32
Q5W0N0,5,0,5,5,0,5
Q6EEV6,5,1,4,2,4,1
Q6P4R8,168,22,146,82,98,70
Q6PI47,41,6,35,18,25,16
Q6UXF1,66,0,66,36,30,36
Q6VY07,159,31,128,83,99,60
Q70EL1,278,35,243,119,190,88
Q8IV13,43,0,43,25,18,25
Q8IXE1,20,0,20,18,2,18
Q8N0X7,58,9,49,32,33,25
Q8N1D5,11,0,11,6,5,6
Q8N370,45,5,40,33,13,32
Q8N7X0,166,13,153,72,105,61
Q8NFJ5,28,5,23,20,11,17
Q8NGA1,25,0,25,19,6,19
Q8TB37,22,0,22,10,12,10
Q8TCT6,41,0,41,25,16,25
Q8TDY3,28,0,28,20,8,20
Q92783,54,8,46,29,31,23
Q96A35,11,3,8,5,7,4
Q96A57,14,5,9,8,9,5
Q96EF0,56,0,56,42,14,42
Q96FV2,26,1,25,15,10,16
Q96FZ2,39,7,32,20,20,19
Q96HH4,26,2,24,14,14,12
Q96HW7,75,7,68,39,35,40
Q96I13,33,3,30,20,16,17
Q96L34,88,20,68,38,68,20
Q99459,62,17,45,32,45,17
Q9BT81,39,3,36,16,26,13
Q9BZJ7,15,0,15,6,9,6
Q9H3J6,6,0,6,2,4,2
Q9H6Y5,25,0,25,6,19,6
Q9H706,119,20,99,56,83,36
Q9NPI0,9,0,9,9,0,9
Q9NUD9,30,1,29,25,6,24
Q9NYG5,1,0,1,1,0,1
Q9NZY2,8,0,8,3,5,3
Q9UJH8,11,0,11,8,3,8
Q9UJV9,38,8,30,17,29,9
Q9ULR3,52,11,41,26,37,15
Q9UPV7,37,3,34,22,18,19
Q9UQ74,38,0,38,26,12,26
Q9Y2W6,56,8,48,30,28,28
Q9Y5S2,163,27,136,87,99,64
Q9Y6F8,43,2,41,23,22,21
A0A0G2JND7,8,0,8,6,2,6
A0A1B0GVH4,10,0,10,8,2,8
A0PJZ0,8,0,8,7,1,7
A4D1B5,72,2,70,50,24,48
A4FU01,61,0,61,39,22,39
A6NEF3,28,1,27,13,16,12
A8MXV6,14,0,14,9,5,9
A8TX70,189,1,188,103,87,102
F5H094,67,0,67,47,20,47
O14525,123,3,120,75,51,72
O14737,11,5,6,5,7,4
O60476,30,0,30,17,13,17
O60861,50,14,36,24,38,12
O75159,63,5,58,31,35,28
O94759,90,5,85,52,43,47
O95391,45,12,33,22,29,16
O95721,29,11,18,14,26,3
P01717,13,0,13,8,5,8
P05230,8,0,8,3,5,3
P11310,16,2,14,9,7,9
P13637,67,12,55,42,35,32
P15056,112,35,77,67,68,44
P20674,6,0,6,2,4,2
P24855,21,2,19,17,4,17
P30550,39,2,37,33,8,31
P42696,43,9,34,15,35,8
P53667,66,19,47,36,43,23
P54296,143,26,117,72,91,52
P55198,180,21,159,85,116,64
P60022,6,0,6,4,2,4
P78312,157,22,135,75,98,59
Q01780,72,13,59,36,47,25
Q02223,16,2,14,13,5,11
Q12912,83,19,64,38,64,19
Q13433,80,7,73,39,48,32
Q13451,25,3,22,11,17,8
Q14974,61,12,49,37,18,43
Q15654,37,12,25,21,18,19
Q2TAY7,45,3,42,27,21,24
Q3C1V1,21,0,21,7,14,7
Q3LI83,45,0,45,27,18,27
Q5BJE1,56,2,54,31,25,31
Q5JSH3,129,42,87,68,83,46
Q5T0F9,55,9,46,26,38,17
Q63HK3,89,8,81,49,44,45
Q68CR7,107,3,104,48,58,49
Q68CZ1,90,3,87,47,46,44
Q6GMV2,23,1,22,16,6,17
Q6J272,18,0,18,11,7,11
Q6ZN04,86,9,77,37,52,34
Q86T29,44,0,44,27,17,27
Q86UX6,42,7,35,21,28,14
Q86X55,62,2,60,38,22,40
Q86YM7,28,0,28,13,15,13
Q8IUL8,71,0,71,33,38,33
Q8IYX8,45,6,39,24,21,24
Q8IZJ0,7,0,7,6,1,6
Q8IZM8,88,0,88,52,36,52
Q8IZP2,14,4,10,8,10,4
Q8N129,10,0,10,2,8,2
Q8N475,50,0,50,32,18,32
Q8N998,20,0,20,6,14,6
Q8NEK8,22,0,22,13,9,13
Q8NEV9,15,0,15,10,5,10
Q8NHP6,47,5,42,28,24,23
Q8NI60,41,2,39,25,18,23
Q8TDX7,21,6,15,12,15,6
Q8WW43,20,0,20,15,5,15
Q92804,82,24,58,36,70,12
Q969S8,45,5,40,23,25,20
Q96FN4,36,1,35,21,14,22
Q96G21,15,2,13,7,8,7
Q96JB6,50,1,49,33,18,32
Q96JM4,151,2,149,77,76,75
Q96NY8,54,6,48,28,32,22
Q96PF2,24,0,24,13,11,13
Q96SZ4,84,11,73,51,42,42
Q96T55,16,0,16,11,5,11
Q96T59,7,0,7,3,4,3
Q9BSJ6,51,20,31,24,45,6
Q9BSR8,17,1,16,14,4,13
Q9BXB1,100,4,96,66,30,70
Q9BZE9,52,9,43,24,37,15
Q9NYT0,33,4,29,13,24,9
Q9NZK7,4,0,4,3,1,3
Q9P2D7,302,3,299,186,115,187
Q9P2R3,78,5,73,47,32,46
Q9UBU2,25,0,25,17,8,17
Q9UHL9,89,8,81,39,58,31
Q9UI95,8,0,8,7,1,7
Q9UJM8,23,2,21,15,10,13
Q9UKJ8,53,4,49,34,21,32
Q9UKQ9,18,0,18,9,9,9
Q9ULL5,205,24,181,89,138,67
Q9UNY5,30,0,30,16,14,16
Q9Y231,29,0,29,16,13,16
Q9Y2I9,91,22,69,46,67,24
Q9Y3Q7,59,1,58,38,22,37
Q9Y3Y2,12,3,9,7,8,4
A0A6Q8PFD8,1,0,1,0,1,0
A1L3X4,5,0,5,4,1,4
A4D0T7,2,0,2,2,0,2
A8MX34,51,0,51,45,6,45
B2RN74,26,0,26,23,3,23
O15123,39,1,38,22,18,21
O15392,5,1,4,3,1,4
O60234,6,0,6,3,3,3
O60613,11,0,11,9,2,9
O76003,27,4,23,14,17,10
O94855,83,8,75,51,40,43
O94983,126,2,124,53,75,51
O95567,22,0,22,8,14,8
O95843,8,0,8,4,4,4
P07195,34,8,26,23,11,23
P08684,38,9,29,23,24,14
P0C6A0,19,0,19,6,13,6
P0C7X0,42,0,42,24,18,24
P0CJ68,2,0,2,1,1,1
P0CJ90,23,0,23,10,13,10
P12883,152,57,95,84,95,57
P13994,41,8,33,20,29,12
P21730,29,6,23,18,17,12
P28290,272,98,174,141,165,107
P28358,41,4,37,19,26,15
P29692,36,17,19,19,24,12
P35241,17,3,14,7,9,8
P49643,57,13,44,29,29,28
P52756,98,20,78,52,60,38
P55010,33,11,22,15,23,10
P56270,39,7,32,18,20,19
P57071,115,5,110,62,56,59
P57737,90,9,81,51,48,42
P62684,39,0,39,13,26,13
P98153,43,2,41,28,15,28
Q01082,214,62,152,105,125,89
Q107X0,17,0,17,8,9,8
Q13370,140,32,108,76,80,60
Q13643,22,1,21,18,5,17
Q14129,8,0,8,5,3,5
Q149N8,137,10,127,67,80,57
Q15036,67,17,50,30,50,17
Q16620,56,0,56,35,21,35
Q19AV6,20,0,20,9,11,9
Q2TAA2,20,2,18,12,8,12
Q49AA0,39,0,39,22,17,22
Q569H4,18,0,18,9,9,9
Q5JPE7,103,4,99,69,38,65
Q5SV17,7,0,7,5,2,5
Q6NVV7,10,0,10,7,3,7
Q6P387,35,0,35,14,21,14
Q6ZSB9,86,2,84,40,48,38
Q7L190,27,3,24,13,17,10
Q7Z2Z1,318,79,239,146,241,77
Q7Z443,156,0,156,107,49,107
Q86UF2,68,6,62,32,40,28
Q86VP1,63,20,43,35,46,17
Q86XD5,54,11,43,31,34,20
Q86YJ5,31,0,31,18,13,18
Q8IXP5,42,0,42,18,24,18
Q8N271,66,7,59,38,33,33
Q8N511,11,0,11,6,5,6
Q8N653,53,0,53,31,22,31
Q8N680,62,12,50,28,40,22
Q8N7L0,11,0,11,5,6,5
Q8NCQ5,42,0,42,24,18,24
Q8NCW0,36,0,36,15,21,15
Q8NFT2,40,3,37,33,10,30
Q8NG04,55,0,55,33,22,33
Q8NGI9,31,0,31,26,5,26
Q8NHK3,44,0,44,21,23,21
Q8WV83,49,2,47,33,14,35
Q8WWF5,34,0,34,22,12,22
Q8WWI5,44,3,41,28,17,27
Q92502,114,9,105,49,72,42
Q92817,160,30,130,75,115,45
Q92985,36,3,33,15,18,18
Q969T9,19,4,15,10,13,6
Q96EY5,46,14,32,26,32,14
Q96NT5,32,0,32,23,9,23
Q99453,32,0,32,16,16,16
Q9BQD3,19,1,18,8,12,7
Q9BTE0,14,0,14,10,4,10
Q9BW66,19,3,16,11,11,8
Q9BWL3,23,4,19,11,16,7
Q9GZP1,23,6,17,13,14,9
Q9H0E3,119,12,107,73,58,61
Q9H3T3,67,4,63,41,30,37
Q9H7U1,122,17,105,49,88,34
Q9NV29,16,2,14,12,6,10
Q9NZN4,34,9,25,14,27,7
Q9UBC0,44,2,42,22,24,20
Q9Y2E8,37,1,36,30,8,29
Q9Y3B2,22,3,19,14,11,11
Q9Y3D5,8,1,7,2,5,3
Q9Y448,28,8,20,14,18,10
Q9Y4A0,35,2,33,17,20,15
Q9Y4Z2,20,0,20,3,17,3
Q9Y6M4,34,8,26,17,23,11
A0A087WW87,16,0,16,10,6,10
A0A5B7,13,0,13,8,5,8
A6NKX4,42,0,42,19,23,19
D6RF30,43,0,43,22,21,22
E9PIF3,24,0,24,13,11,13
O00230,7,0,7,5,2,5
O14602,4,1,3,1,4,0
O15258,11,3,8,5,7,4
O15484,40,3,37,19,24,16
O43399,41,19,22,20,32,9
O75140,167,11,156,78,94,73
O75635,34,2,32,21,15,19
O95988,10,0,10,3,7,3
P01566,17,0,17,10,7,10
P0C7N8,35,2,33,31,6,29
P12955,31,2,29,14,19,12
P16070,105,18,87,57,46,59
P20648,61,5,56,35,31,30
P21579,15,1,14,10,6,9
P26678,2,1,1,1,2,0
P35321,1,0,1,1,0,1
P49146,27,0,27,15,12,15
P52292,46,12,34,28,18,28
P55073,22,0,22,10,12,10
P55212,16,2,14,10,8,8
P55851,21,2,19,9,12,9
P60507,54,0,54,38,16,38
P60510,15,1,14,7,9,6
P63132,49,0,49,28,21,28
P81133,92,2,90,36,58,34
Q01892,23,4,19,11,16,7
Q04727,108,24,84,59,69,39
Q06265,34,8,26,19,23,11
Q13098,40,3,37,21,22,18
Q13261,36,0,36,20,16,20
Q13591,94,3,91,56,39,55
Q15743,25,3,22,18,8,17
Q16890,36,13,23,19,24,12
Q3I5F7,21,3,18,13,11,10
Q53EV4,16,0,16,10,6,10
Q5GH77,31,0,31,25,6,25
Q5H9F3,227,25,202,112,140,87
Q5SYC1,18,2,16,7,11,7
Q5T0W9,178,64,114,93,119,59
Q5U5Z8,68,3,65,35,34,34
Q5VYK3,166,13,153,86,79,87
Q68DV7,85,1,84,43,43,42
Q6ICB0,17,1,16,11,7,10
Q6UUV7,112,29,83,59,68,44
Q6UXV3,15,0,15,9,6,9
Q6Y288,39,0,39,23,16,23
Q6YP21,40,4,36,20,24,16
Q6ZN16,98,6,92,47,53,45
Q6ZRI0,247,0,247,154,93,154
Q8N4U5,49,5,44,22,32,17
Q8N690,8,1,7,5,4,4
Q8N6F7,21,7,14,9,19,2
Q8N9L9,20,0,20,12,8,12
Q8NGH6,20,0,20,15,5,15
Q8TAF8,15,0,15,14,1,14
Q8TD17,56,2,54,37,17,39
Q8TD23,37,1,36,26,12,25
Q8TD91,54,1,53,24,31,23
Q8WVF1,21,1,20,14,8,13
Q969Q1,23,3,20,12,12,11
Q969W1,20,0,20,18,2,18
Q96A19,45,9,36,18,36,9
Q96BD5,56,7,49,30,31,25
Q96C86,17,3,14,10,6,11
Q96LZ7,31,8,23,17,20,11
Q96PG8,11,0,11,3,8,3
Q96QS6,31,3,28,15,13,18
Q96SN8,206,40,166,101,139,67
Q96T60,32,5,27,16,21,11
Q99547,9,3,6,5,7,2
Q99832,31,7,24,14,14,17
Q9BQ04,30,4,26,15,19,11
Q9BXC1,20,1,19,17,4,16
Q9BXG8,27,0,27,16,11,16
Q9GZN2,25,3,22,14,14,11
Q9GZY4,9,0,9,3,6,3
Q9H1F0,3,0,3,2,1,2
Q9HAI6,47,0,47,27,20,27
Q9HBV1,22,0,22,12,10,12
Q9HCS7,43,1,42,24,20,23
Q9NUL5,27,5,22,10,16,11
Q9NUQ2,19,3,16,8,10,9
Q9NYJ8,99,16,83,48,67,32
Q9P299,13,0,13,10,3,10
Q9P2F9,38,2,36,24,14,24
Q9P2T1,29,3,26,15,17,12
Q9UKA2,55,2,53,39,16,39
Q9ULD8,101,3,98,55,49,52
Q9UN71,91,1,90,50,40,51
Q9UPQ8,39,0,39,30,9,30
Q9Y3P9,105,18,87,54,67,38
Q9Y468,82,2,80,47,37,45
A0A0B4J1U7,17,0,17,12,5,12
A0A1B0GUS4,3,0,3,1,2,1
A6NI15,22,0,22,11,11,11
A6NJI9,15,0,15,5,10,5
B0L3A2,10,0,10,7,3,7
O00258,11,0,11,9,2,9
O15027,435,171,264,248,330,105
O15354,43,0,43,25,18,25
O43402,12,3,9,8,7,5
O60231,71,10,61,40,41,30
O60266,91,11,80,55,41,50
O60479,38,5,33,20,23,15
O94886,64,9,55,44,27,37
O95521,34,0,34,19,15,19
O95749,19,5,14,12,12,7
P00749,34,2,32,22,12,22
P01375,21,3,18,9,13,8
P01763,16,1,15,11,6,10
P04920,98,17,81,58,47,51
P07585,27,1,26,16,12,15
P0C7T3,22,0,22,18,4,18
P0CK97,29,5,24,19,15,14
P11766,25,5,20,14,16,9
P13584,29,0,29,20,9,20
P17302,55,20,35,34,25,30
P23435,16,0,16,11,5,11
P25100,48,2,46,31,19,29
P30411,36,4,32,24,14,22
P32245,32,0,32,19,13,19
P38405,19,1,18,11,9,10
P40818,117,25,92,50,78,39
P59036,7,0,7,0,7,0
P78545,46,6,40,26,24,22
Q01118,113,7,106,80,36,77
Q05215,47,0,47,24,23,24
Q05469,118,13,105,52,73,45
Q06495,55,3,52,42,16,39
Q13123,35,8,27,18,25,10
Q14108,27,1,26,19,9,18
Q14392,63,2,61,39,26,37
Q14667,195,6,189,107,94,101
Q14699,70,17,53,39,42,28
Q15233,17,5,12,10,6,11
Q15617,33,0,33,29,4,29
Q16849,87,3,84,41,49,38
Q32ZL2,13,0,13,10,3,10
Q504U0,16,0,16,5,11,5
Q5T1M5,168,47,121,94,103,65
Q5T447,52,2,50,31,23,29
Q6NUJ5,70,12,58,27,53,17
Q6P1A2,27,2,25,18,7,20
Q6QEF8,32,1,31,24,9,23
Q7Z602,15,0,15,11,4,11
Q7Z7L7,58,1,57,38,21,37
Q86WZ6,66,0,66,47,19,47
Q86Y29,8,0,8,4,4,4
Q8IW92,40,0,40,34,6,34
Q8IYS8,12,0,12,2,10,2
Q8IZY5,9,0,9,5,4,5
Q8N4Q0,32,2,30,19,15,17
Q8N5W8,4,0,4,2,2,2
Q8NA69,26,1,25,11,14,12
Q8NC51,52,25,27,25,50,2
Q8TDB6,91,23,68,46,66,25
Q92542,66,1,65,37,30,36
Q96A11,20,0,20,12,8,12
Q96AA3,39,3,36,26,14,25
Q96DF8,42,10,32,19,33,9
Q96IQ7,40,2,38,19,21,19
Q96JE7,132,18,114,63,81,51
Q96KN1,28,6,22,15,19,9
Q96MN5,18,2,16,7,13,5
Q96R54,28,0,28,20,8,20
Q96S79,10,0,10,7,3,7
Q99558,91,2,89,46,47,44
Q9BRG2,49,13,36,26,36,13
Q9BRN9,18,2,16,14,6,12
Q9BYU1,30,1,29,19,12,18
Q9C0C9,159,36,123,72,121,38
Q9GZT3,7,2,5,4,5,2
Q9NQQ7,33,2,31,27,8,25
Q9NS64,7,0,7,5,2,5
Q9NVJ2,10,1,9,7,2,8
Q9NW82,58,4,54,27,35,23
Q9NXJ0,28,0,28,23,5,23
Q9NY28,33,1,32,20,14,19
Q9NZD1,16,0,16,14,2,14
Q9UKP6,27,0,27,14,13,14
Q9ULE3,108,11,97,45,74,34
Q9UPQ7,111,23,88,54,70,41
Q9XRX5,7,0,7,2,5,2
Q9Y2C4,27,0,27,16,11,16
Q9Y2R0,6,2,4,3,5,1
Q9Y337,26,0,26,13,13,13
Q9Y3C6,6,2,4,4,4,2
Q9Y5H1,85,3,82,46,38,47
Q9Y5I0,85,2,83,49,38,47
Q9Y6R0,51,12,39,30,33,18
A0A075B734,25,0,25,13,12,13
A0A1B0GVD1,6,0,6,3,3,3
A0A2R8Y4M2,1,0,1,1,0,1
A0A8I5KQE6,13,0,13,5,8,5
A4D0Y5,4,0,4,2,2,2
A5YKK6,152,9,143,91,68,84
A6NNW6,40,0,40,23,17,23
A8MV65,32,0,32,21,11,21
A8MWA4,26,2,24,19,9,17
O00273,44,11,33,24,27,17
O00501,9,0,9,5,4,5
O15273,10,3,7,5,6,4
O43556,25,0,25,14,11,14
O60547,21,3,18,10,14,7
O75323,18,2,16,10,10,8
O75494,68,25,43,25,68,0
O75962,336,53,283,178,187,149
O76099,31,0,31,26,5,26
O95630,34,7,27,20,17,17
O96006,44,2,42,27,19,25
O96007,20,1,19,9,12,8
P00450,67,7,60,36,28,39
P01588,14,2,12,8,6,8
P01715,14,0,14,8,6,8
P08686,25,0,25,17,8,17
P0C2L3,12,0,12,5,7,5
P0DMS9,21,0,21,11,10,11
P10071,238,27,211,101,160,78
P13765,16,0,16,3,13,3
P16298,32,3,29,17,18,14
P17213,45,0,45,30,15,30
P20671,3,0,3,1,2,1
P33121,40,9,31,21,22,18
P42785,38,0,38,27,11,27
P43119,32,2,30,18,16,16
P49321,103,43,60,53,73,30
P49758,32,0,32,21,11,21
P51172,78,3,75,45,36,42
P52737,48,5,43,29,22,26
P56750,9,0,9,9,0,9
Q0IIN9,18,0,18,5,13,5
Q0VAF6,12,0,12,8,4,8
Q13064,39,0,39,20,19,20
Q13224,154,13,141,82,81,73
Q13432,24,7,17,15,16,8
Q15119,35,0,35,20,15,20
Q15477,93,13,80,53,49,44
Q15782,33,1,32,22,12,21
Q2M2W7,24,0,24,9,15,9
Q5DT21,4,0,4,3,1,3
Q5SZK8,245,4,241,124,121,124
Q5T4S7,537,52,485,318,253,284
Q5T6V5,27,3,24,15,11,16
Q5W5W9,14,0,14,10,4,10
Q6EKJ0,86,4,82,45,41,45
Q6JQN1,65,2,63,29,36,29
Q6ZNG1,64,2,62,41,23,41
Q6ZPB5,19,0,19,15,4,15
Q6ZR52,51,1,50,33,19,32
Q7L3V2,28,0,28,16,12,16
Q7Z2Y5,144,13,131,65,86,58
Q7Z442,209,1,208,127,83,126
Q7Z4T9,45,1,44,25,21,24
Q86UD4,47,3,44,27,23,24
Q86VI1,54,2,52,30,24,30
Q86VW2,45,2,43,18,29,16
Q8IUX7,52,4,48,30,26,26
Q8IV48,29,5,24,19,13,16
Q8IVB5,24,0,24,12,12,12
Q8IWZ8,58,14,44,23,47,11
Q8IZP6,18,0,18,8,10,8
Q8N910,10,0,10,3,7,3
Q8NFP4,70,0,70,37,33,37
Q8NFU4,6,0,6,2,4,2
Q8NHG8,48,19,29,25,40,8
Q8NHU6,82,7,75,53,34,48
Q8TAV3,18,0,18,8,10,8
Q8TCX1,23,1,22,11,13,10
Q8TDV5,26,0,26,17,9,17
Q8TEH3,96,18,78,54,58,38
Q8TEM1,184,14,170,107,91,93
Q8WZ60,39,2,37,26,13,26
Q96AY2,56,10,46,26,40,16
Q96NJ6,45,3,42,28,20,25
Q96R47,23,0,23,19,4,19
Q99684,52,6,46,29,29,23
Q9BRC7,61,1,60,33,29,32
Q9BTZ2,23,1,22,15,9,14
Q9C0B2,117,1,116,57,59,58
Q9NR81,49,0,49,16,33,16
Q9NST1,48,1,47,28,19,29
Q9NUK0,16,0,16,16,0,16
Q9NUS5,9,0,9,4,5,4
Q9UBP4,20,0,20,12,8,12
Q9ULD6,90,5,85,40,55,35
Q9UM13,14,1,13,10,3,11
Q9Y2P0,46,0,46,31,15,31
Q9Y6K5,76,6,70,46,32,44
A0A096LP01,10,0,10,4,6,4
A0A0G2JLW4,16,0,16,10,6,10
A0A1B0GWG4,8,0,8,1,7,1
A0A1W2PQ09,13,0,13,4,9,4
A6NFX1,41,0,41,25,16,25
A6NGC4,23,1,22,19,5,18
B2RXH8,28,0,28,4,24,4
H3BU77,4,0,4,1,3,1
O15440,134,16,118,73,65,69
O43150,86,15,71,43,50,36
O43505,20,0,20,11,9,11
O75325,44,0,44,29,15,29
O75970,239,32,207,124,133,106
O76011,43,1,42,30,14,29
O95944,30,0,30,19,11,19
P01148,6,0,6,3,3,3
P01584,19,1,18,13,7,12
P07315,12,0,12,7,5,7
P07949,97,7,90,55,49,48
P09960,55,11,44,33,25,30
P0C7H8,8,0,8,8,0,8
P0CW23,4,0,4,2,2,2
P15882,20,2,18,10,12,8
P19544,46,2,44,25,21,25
P28340,77,11,66,41,43,34
P30988,17,0,17,14,3,14
P41231,29,3,26,19,13,16
P42336,60,4,56,36,28,32
P47869,30,0,30,11,19,11
P48065,41,0,41,28,13,28
P48357,130,2,128,79,49,81
P49327,247,50,197,137,120,127
P49761,66,15,51,24,57,9
P52943,17,6,11,9,12,5
P57727,38,0,38,29,9,29
P60006,5,0,5,1,4,1
P62873,29,4,25,22,11,18
P82914,12,2,10,6,8,4
Q02930,55,5,50,32,28,27
Q04721,204,23,181,139,82,122
Q13541,20,10,10,10,16,4
Q15746,203,39,164,108,120,83
Q16236,77,11,66,42,38,39
Q16555,63,22,41,37,42,21
Q16773,25,0,25,14,11,14
Q3T906,91,3,88,57,35,56
Q5BKX8,34,3,31,13,24,10
Q5JQS5,24,0,24,20,4,20
Q5T7N2,108,30,78,51,59,49
Q5TBE3,6,0,6,1,5,1
Q5TC12,21,4,17,10,15,6
Q6UXD5,64,0,64,26,38,26
Q6WCQ1,132,42,90,61,93,39
Q6ZQR2,15,0,15,4,11,4
Q6ZVW7,32,2,30,24,6,26
Q7L8C5,30,0,30,13,17,13
Q7Z419,13,0,13,9,4,9
Q8N7P1,47,0,47,23,24,23
Q8N9N5,50,5,45,29,26,24
Q8NCP5,75,8,67,42,39,36
Q8NGP4,17,0,17,12,5,12
Q8WWN8,139,10,129,58,91,48
Q8WXE0,134,35,99,68,97,37
Q8WXI3,27,0,27,9,18,9
Q92625,163,45,118,86,120,43
Q969X0,9,0,9,5,4,5
Q96AV8,119,11,108,51,77,42
Q96B23,83,21,62,43,53,30
Q96EK4,22,1,21,13,8,14
Q96EL3,9,1,8,4,4,5
Q96IZ6,20,0,20,17,3,17
Q96JH8,106,9,97,45,70,36
Q96MV1,23,0,23,19,4,19
Q96PN6,98,5,93,67,32,66
Q96QR1,8,0,8,6,2,6
Q99932,55,0,55,25,30,25
Q9BS34,41,2,39,29,12,29
Q9BT88,34,2,32,19,17,17
Q9BV20,18,2,16,10,8,10
Q9C0B7,77,3,74,44,36,41
Q9GZS0,41,0,41,16,25,16
Q9GZS1,38,7,31,18,25,13
Q9H0R3,9,0,9,7,2,7
Q9H3H5,20,0,20,15,5,15
Q9H5I5,225,14,211,131,106,119
Q9H7Y0,43,0,43,27,16,27
Q9HBH0,13,2,11,5,6,7
Q9NVK5,16,2,14,9,9,7
Q9NVN8,43,9,34,23,21,22
Q9NWM3,36,6,30,14,26,10
Q9NZM1,143,23,120,75,81,62
Q9UH65,31,4,27,19,14,17
Q9UHA4,11,0,11,9,2,9
Q9UHJ6,43,2,41,32,9,34
Q9UL33,10,0,10,8,2,8
Q9UNX9,29,0,29,17,12,17
Q9UPN6,115,9,106,58,66,49
Q9Y2L6,133,17,116,61,87,46
Q9Y6F1,34,2,32,18,16,18
A0A7P0TBJ1,27,0,27,13,14,13
A0A8Q3WLD3,3,0,3,3,0,3
A1L4L8,13,0,13,9,4,9
A6NDX5,49,0,49,27,22,27
A6QL63,90,2,88,49,43,47
O00219,37,0,37,27,10,27
O00442,18,2,16,10,10,8
O00763,184,23,161,102,93,91
O14948,35,3,32,16,22,13
O15040,171,12,159,105,78,93
O15172,6,0,6,2,4,2
O43432,149,19,130,68,94,55
O60245,108,15,93,64,53,55
O60308,70,6,64,35,41,29
O60716,127,56,71,66,83,44
O60934,97,29,68,54,50,47
O75175,95,11,84,46,56,39
O95450,87,3,84,44,44,43
O95522,32,0,32,23,9,23
O95754,60,5,55,38,27,33
O95907,27,0,27,15,12,15
O95967,34,0,34,25,9,25
O95999,31,9,22,17,19,12
P01031,141,4,137,80,65,76
P05177,39,3,36,28,14,25
P05783,65,31,34,33,39,26
P07910,55,24,31,24,53,2
P0C7P1,70,0,70,18,52,18
P0C7W8,41,0,41,22,19,22
P10073,53,1,52,26,28,25
P10636,120,43,77,51,104,16
P13945,23,0,23,15,8,15
P15173,19,0,19,12,7,12
P17658,36,1,35,22,15,21
P17676,36,11,25,19,22,14
P23409,26,0,26,12,14,12
P27797,29,10,19,16,23,6
P29323,86,8,78,50,38,48
P32942,46,4,42,34,14,32
P35542,13,0,13,10,3,10
P36896,29,1,28,21,9,20
P37837,26,7,19,12,17,9
P56202,21,0,21,13,8,13
P62068,20,0,20,8,12,8
P78560,11,0,11,4,7,4
Q08345,57,3,54,28,30,27
Q12798,6,0,6,3,3,3
Q13423,65,3,62,42,24,41
Q13634,59,1,58,33,27,32
Q14432,151,38,113,77,102,49
Q15619,27,0,27,20,7,20
Q16570,27,0,27,19,8,19
Q16613,13,0,13,11,2,11
Q4VXU2,46,5,41,22,29,17
Q5DID0,119,0,119,75,44,75
Q5VT33,2,0,2,1,1,1
Q5VVC0,16,0,16,12,4,12
Q5VZY2,18,0,18,12,6,12
Q6KB66,56,12,44,27,41,15
Q6P161,4,0,4,1,3,1
Q6ZV60,10,0,10,2,8,2
Q7L1V2,50,5,45,23,28,22
Q7L211,28,0,28,14,14,14
Q7Z4G4,37,3,34,22,18,19
Q7Z5A7,8,0,8,6,2,6
Q7Z7M1,67,0,67,45,22,45
Q8IZS6,13,0,13,7,6,7
Q8NA03,74,8,66,32,46,28
Q8TAG9,50,3,47,28,21,29
Q8TE56,74,1,73,40,35,39
Q8TF27,75,6,69,33,38,37
Q92526,20,3,17,15,8,12
Q92552,37,7,30,20,18,19
Q96CX2,47,14,33,26,33,14
Q96DU3,44,6,38,23,27,17
Q96KK3,41,0,41,28,13,28
Q96MU5,26,0,26,17,9,17
Q96SF7,77,3,74,37,41,36
Q9BVR0,87,3,84,44,46,41
Q9C0E4,94,2,92,39,57,37
Q9C0I1,62,12,50,40,28,34
Q9H336,39,1,38,18,20,19
Q9HBM6,22,6,16,11,17,5
Q9NQ39,6,0,6,3,3,3
Q9NRX4,15,6,9,8,9,6
Q9NYL2,127,45,82,61,95,32
Q9P021,6,0,6,4,2,4
Q9P2F6,162,7,155,72,95,67
Q9UBG3,46,0,46,23,23,23
Q9UBI9,39,7,32,23,23,16
Q9ULJ6,96,1,95,53,44,52
Q9Y223,43,2,41,25,18,25
Q9Y2U8,115,33,82,60,88,27
Q9Y490,246,70,176,127,177,69
Q9Y4D1,81,7,74,45,39,42
Q9Y4F5,229,60,169,98,189,40
Q9Y4H4,18,6,12,10,10,8
Q9Y605,4,0,4,1,3,1
Q9Y6P5,34,3,31,19,18,16
A0A0B4J1U6,9,0,9,5,4,5
A0A1B0GTQ4,5,0,5,2,3,2
A0A1W2PRS3,20,0,20,13,7,13
A0A5F9ZHS0,8,0,8,5,3,5
A1Z1Q3,26,0,26,14,12,14
A2A3L6,35,0,35,16,19,16
A5PLL7,9,0,9,6,3,6
A6NC78,43,0,43,23,20,23
A8K0R7,95,9,86,42,62,33
B2RPK0,12,0,12,7,5,7
C9JVW0,11,0,11,5,6,5
O60830,8,0,8,6,2,6
O75151,143,32,111,70,101,42
O94903,22,4,18,13,13,9
O95342,102,10,92,57,53,49
P00441,18,8,10,10,12,6
P01562,19,2,17,10,9,10
P08779,75,22,53,32,65,10
P0C841,2,0,2,1,1,1
P13682,42,1,41,27,16,26
P13716,20,3,17,13,10,10
P16109,71,1,70,55,15,56
P22760,27,1,26,14,14,13
P29320,83,3,80,42,42,41
P35237,31,5,26,19,17,14
P35754,5,1,4,2,2,3
P40222,49,13,36,25,35,14
P48736,71,5,66,39,31,40
P49747,36,0,36,23,13,23
P51808,6,0,6,5,1,5
P51946,26,5,21,14,15,11
Q03112,148,14,134,70,88,60
Q05209,111,40,71,55,72,39
Q05932,40,2,38,25,17,23
Q12846,26,8,18,14,16,10
Q13057,48,9,39,28,21,27
Q14264,44,0,44,31,13,31
Q14651,51,7,44,31,27,24
Q15814,31,3,28,19,15,16
Q16531,96,12,84,62,46,50
Q17R31,16,0,16,8,8,8
Q2TAC2,62,4,58,26,38,24
Q2TB90,44,4,40,27,19,25
Q49AG3,68,1,67,44,25,43
Q4G0J3,63,21,42,29,49,14
Q58FG1,25,0,25,18,7,18
Q5SRE5,160,19,141,91,72,88
Q5T655,38,1,37,15,24,14
Q68EM7,109,32,77,54,71,38
Q6DHY5,35,0,35,26,9,26
Q6ZW05,78,0,78,48,30,48
Q7Z422,28,13,15,15,22,6
Q86X95,74,11,63,28,57,17
Q8IZA0,109,6,103,59,54,55
Q8IZF3,63,0,63,41,22,41
Q8IZK6,36,0,36,25,11,25
Q8IZU1,4,0,4,2,2,2
Q8N1E6,37,0,37,21,16,21
Q8N4Q1,7,0,7,4,3,4
Q8N755,14,0,14,11,3,11
Q8N7B9,37,2,35,16,23,14
Q8N9T8,44,0,44,7,37,7
Q8ND83,98,19,79,43,66,32
Q8NGB8,23,0,23,16,7,16
Q8NHH9,37,6,31,21,22,15
Q8NHX4,30,0,30,11,19,11
Q8TAX0,21,4,17,10,11,10
Q8TEA7,67,2,65,37,32,35
Q92667,122,31,91,65,84,38
Q969F2,42,9,33,18,31,11
Q96BQ1,15,0,15,8,7,8
Q96LR7,9,0,9,4,5,4
Q96ME7,56,4,52,31,25,31
Q96RC9,31,0,31,29,2,29
Q99575,97,17,80,52,60,37
Q99676,69,5,64,46,28,41
Q9BQI5,110,26,84,49,85,25
Q9BSH4,22,1,21,16,5,17
Q9BWT1,44,6,38,13,37,7
Q9BXS1,10,0,10,4,6,4
Q9BYI3,80,13,67,48,45,35
Q9BZE1,18,0,18,7,11,7
Q9H1X3,18,1,17,11,8,10
Q9H756,35,2,33,27,6,29
Q9HAY6,33,1,32,15,17,16
Q9HCE0,224,4,220,139,85,139
Q9NP61,101,30,71,53,74,27
Q9NR63,36,1,35,25,10,26
Q9NRZ9,68,15,53,35,42,26
Q9P2G1,117,22,95,60,79,38
Q9UID3,58,11,47,33,30,28
Q9UK13,53,1,52,37,17,36
Q9UN86,40,8,32,20,28,12
Q9UPT6,140,17,123,72,83,57
Q9Y3A6,17,1,16,12,4,13
Q9Y5E7,61,0,61,45,16,45
Q9Y6K8,40,5,35,16,27,13
A6NDE8,3,0,3,1,2,1
B6A8C7,27,2,25,14,15,12
O15085,190,43,147,82,141,49
O15399,91,1,90,47,45,46
O43903,32,6,26,17,21,11
O60333,212,30,182,112,112,100
O60658,63,9,54,35,33,30
O75631,29,1,28,17,13,16
O75638,14,2,12,6,10,4
O75871,18,0,18,10,8,10
O94925,48,4,44,25,27,21
P01876,38,0,38,23,15,23
P03956,22,3,19,12,11,11
P04435,7,0,7,3,4,3
P05187,38,9,29,20,25,13
P05198,24,8,16,12,16,8
P06213,120,17,103,68,45,75
P07098,25,0,25,16,9,16
P09936,12,2,10,7,7,5
P0CAT3,10,0,10,3,7,3
P0CJ86,23,0,23,10,13,10
P14543,94,4,90,60,38,56
P15880,21,7,14,10,14,7
P17023,33,0,33,23,10,23
P23246,48,13,35,24,33,15
P29973,45,0,45,22,23,22
P30990,12,0,12,5,7,5
P35442,77,3,74,46,34,43
P38159,111,50,61,51,90,21
P43307,16,4,12,8,8,8
P43366,24,2,22,15,11,13
P46060,48,13,35,23,24,24
P48200,77,3,74,43,37,40
P51800,53,2,51,31,20,33
P51957,108,20,88,54,72,36
P56693,58,9,49,32,35,23
P58397,141,8,133,90,57,84
P60411,49,0,49,44,5,44
P62256,13,2,11,8,5,8
P62807,22,11,11,11,22,0
P63215,5,1,4,3,1,4
Q01518,64,22,42,39,29,35
Q02809,36,3,33,23,16,20
Q05586,76,6,70,42,40,36
Q15054,61,14,47,26,35,26
Q29RF7,116,27,89,60,65,51
Q2M1V0,15,0,15,8,7,8
Q2WGJ9,132,4,128,61,73,59
Q3LI58,6,0,6,5,1,5
Q5GH76,65,1,64,34,32,33
Q5T6S3,58,5,53,36,25,33
Q5TGL8,18,1,17,10,9,9
Q5THJ4,388,0,388,195,193,195
Q6DN12,96,13,83,52,53,43
Q6IS24,38,2,36,21,15,23
Q6ZNE5,57,7,50,32,32,25
Q76KP1,68,3,65,26,43,25
Q7RTY1,34,0,34,25,9,25
Q7Z403,62,6,56,36,30,32
Q7Z5P9,1132,0,1132,695,437,695
Q86V88,10,1,9,4,7,3
Q8IUS5,21,0,21,20,1,20
Q8N326,11,0,11,5,6,5
Q8N328,38,0,38,19,19,19
Q8N3F8,125,38,87,58,105,20
Q8NBP0,58,2,56,25,31,27
Q8NGY1,30,0,30,24,6,24
Q8NH85,24,1,23,20,5,19
Q8NH94,30,0,30,23,7,23
Q8NI38,8,0,8,6,2,6
Q8TAA5,8,0,8,6,2,6
Q8TDW4,38,2,36,23,17,21
Q8TEZ7,25,0,25,20,5,20
Q92973,55,8,47,38,21,34
Q92993,49,7,42,27,29,20
Q969F9,84,7,77,56,29,55
Q969S2,29,2,27,12,19,10
Q969V4,19,0,19,6,13,6
Q96GA7,18,1,17,14,3,15
Q96HT8,7,1,6,3,5,2
Q96I27,24,0,24,14,10,14
Q96IR2,75,2,73,53,22,53
Q96M83,127,0,127,41,86,41
Q96NJ5,37,0,37,27,10,27
Q96R30,22,0,22,18,4,18
Q99814,96,2,94,46,52,44
Q9BPZ2,18,1,17,9,10,8
Q9BQ90,23,0,23,8,15,8
Q9BRK4,88,23,65,43,64,24
Q9BS91,41,3,38,32,12,29
Q9BWV1,99,3,96,48,52,47
Q9GZR7,68,18,50,35,51,17
Q9HC58,49,2,47,36,13,36
Q9UGH3,50,4,46,28,22,28
Q9UHC1,158,8,150,70,92,66
Q9UKS7,66,16,50,36,44,22
Q9UKZ9,26,4,22,17,7,19
Q9ULC0,36,1,35,21,14,22
Q9ULT6,109,3,106,54,58,51
Q9Y6Z5,24,0,24,10,14,10
A0A075B6W5,11,0,11,6,5,6
A0A0B4J235,10,0,10,7,3,7
A0A0B4J248,10,0,10,4,6,4
A3KMH1,127,3,124,55,73,54
A4D263,34,0,34,15,19,15
A9QM74,35,2,33,21,16,19
F2Z3F1,9,0,9,4,5,4
O14949,7,2,5,4,5,2
O43813,17,2,15,13,6,11
O60765,72,3,69,46,29,43
O75310,33,0,33,24,9,24
O75914,46,5,41,23,26,20
O95718,39,2,37,20,21,18
O95758,47,5,42,20,32,15
O95801,28,7,21,14,19,9
O95970,48,1,47,35,14,34
P02452,71,12,59,34,45,26
P03915,49,0,49,40,9,40
P06748,45,22,23,22,37,8
P0CL84,6,0,6,4,2,4
P0DN78,28,0,28,19,9,19
P0DPB6,6,0,6,2,4,2
P26368,42,14,28,20,34,8
P27448,127,45,82,57,87,40
P29622,35,0,35,22,13,22
P35346,22,1,21,13,10,12
P41227,27,9,18,14,18,9
P46736,31,4,27,13,22,9
P48751,104,8,96,48,58,46
P49019,28,0,28,17,11,17
P49069,37,9,28,22,24,13
P50548,81,25,56,38,58,23
P54920,26,6,20,13,19,7
P59780,9,1,8,6,4,5
P62820,21,8,13,10,17,4
Q00526,18,1,17,11,6,12
Q01534,15,0,15,13,2,13
Q07627,28,0,28,28,0,28
Q13148,60,23,37,32,49,11
Q15022,73,13,60,40,46,27
Q15645,42,8,34,21,21,21
Q2WGN9,76,0,76,38,38,38
Q3KNV8,14,0,14,9,5,9
Q58WW2,106,7,99,54,57,49
Q5T7B8,184,41,143,88,115,69
Q5TC04,13,0,13,3,10,3
Q5U649,26,0,26,18,8,18
Q6DN14,88,5,83,42,51,37
Q6NUK4,24,8,16,10,22,2
Q6PIY7,40,6,34,25,19,21
Q6UW10,9,0,9,6,3,6
Q6W5P4,37,2,35,26,9,28
Q6ZT89,22,0,22,12,10,12
Q7Z5H4,32,0,32,23,9,23
Q86UA1,36,0,36,19,17,19
Q86Y39,5,0,5,2,3,2
Q86YF9,73,2,71,36,39,34
Q8N139,123,4,119,82,41,82
Q8N184,44,0,44,28,16,28
Q8N187,69,2,67,38,33,36
Q8N3K9,551,30,521,249,316,235
Q8N3V7,173,51,122,85,133,40
Q8N6T7,23,5,18,14,14,9
Q8ND94,7,0,7,4,3,4
Q8NEJ0,18,0,18,9,9,9
Q8NFQ6,50,0,50,34,16,34
Q8TA86,11,1,10,1,9,2
Q8WXI8,14,0,14,12,2,12
Q92536,48,4,44,35,15,33
Q96BD8,16,2,14,8,10,6
Q96DT0,20,1,19,11,10,10
Q96FB5,22,0,22,15,7,15
Q96N28,13,0,13,10,3,10
Q96PQ5,23,3,20,10,14,9
Q96RV3,309,17,292,138,188,121
Q99616,6,0,6,2,4,2
Q9BXU3,32,0,32,15,17,15
Q9C0H9,168,38,130,65,137,31
Q9H489,17,0,17,9,8,9
Q9HCJ6,24,2,22,11,15,9
Q9NRR6,86,13,73,41,56,30
Q9NVV5,16,1,15,13,4,12
Q9NWQ4,69,13,56,36,44,25
Q9NX36,21,0,21,8,13,8
Q9NYW5,32,0,32,26,6,26
Q9NYY1,11,0,11,4,7,4
Q9NZ42,3,0,3,3,0,3
Q9UGB7,14,1,13,9,6,8
Q9UHV2,21,0,21,14,7,14
Q9UID6,55,8,47,37,26,29
Q9ULV0,130,17,113,77,64,66
Q9UMD9,207,30,177,110,125,82
Q9UPN9,122,24,98,55,83,39
Q9Y3B8,14,1,13,8,7,7
Q9Y5K1,37,1,36,19,17,20
Q9Y6J9,56,8,48,35,29,27
Q9Y6M1,41,5,36,23,23,18
Q9Y6Z7,11,0,11,5,6,5
A2RUH7,18,0,18,6,12,6
A8K830,41,0,41,27,14,27
O00189,56,4,52,31,29,27
O14593,18,1,17,10,9,9
O14669,11,0,11,6,5,6
O15520,22,0,22,12,10,12
O43633,20,9,11,11,10,10
O43909,58,3,55,31,30,28
O60337,40,2,38,32,8,32
O60911,21,0,21,14,7,14
O60925,5,1,4,2,4,1
O75531,3,1,2,1,3,0
O76002,22,0,22,16,6,16
O95398,65,3,62,37,31,34
P00492,13,4,9,6,11,2
P01743,14,0,14,8,6,8
P01859,44,3,41,31,16,28
P0C5Z0,10,1,9,4,7,3
P0CG47,18,9,9,9,18,0
P0DI81,8,1,7,4,5,3
P12645,41,0,41,24,17,24
P14867,27,0,27,13,14,13
P17039,46,0,46,32,14,32
P18827,25,2,23,13,14,11
P19823,77,6,71,52,29,48
P23258,39,6,33,29,16,23
P35968,117,8,109,65,56,61
P43487,12,5,7,6,9,3
P51523,67,3,64,37,33,34
P60866,9,2,7,4,5,4
P61587,28,5,23,15,18,10
P62952,6,0,6,4,2,4
P63133,50,0,50,27,23,27
Q12962,22,2,20,11,13,9
Q13424,48,7,41,25,30,18
Q13573,49,17,32,22,38,11
Q14296,39,4,35,21,22,17
Q14954,33,0,33,20,13,20
Q15776,54,12,42,34,26,28
Q15796,44,11,33,26,21,23
Q5JYT7,102,8,94,50,60,42
Q5T035,26,5,21,9,22,4
Q5T089,27,0,27,21,6,21
Q5T3F8,58,6,52,40,20,38
Q5TA45,30,0,30,21,9,21
Q5UAW9,32,3,29,22,11,21
Q68D85,38,2,36,20,18,20
Q6GTS8,39,0,39,23,16,23
Q6PJW8,77,5,72,33,47,30
Q6UW78,1,0,1,0,1,0
Q6ZMW2,55,0,55,31,24,31
Q6ZMY3,116,0,116,45,71,45
Q6ZNA1,65,0,65,43,22,43
Q709F0,55,3,52,34,22,33
Q7Z5H3,85,9,76,37,57,28
Q86WN2,14,0,14,10,4,10
Q86XF0,11,0,11,6,5,6
Q8N143,54,0,54,20,34,20
Q8N1I8,9,0,9,4,5,4
Q8N365,47,3,44,20,30,17
Q8N6V9,28,0,28,6,22,6
Q8N7X4,58,5,53,21,42,16
Q8NGB6,23,0,23,20,3,20
Q8NGE1,24,0,24,24,0,24
Q8NH21,23,0,23,22,1,22
Q8TCT1,18,0,18,9,9,9
Q8WXF8,28,0,28,8,20,8
Q92879,51,5,46,30,22,29
Q96CS4,40,3,37,17,26,14
Q96IV0,58,1,57,33,26,32
Q96JG8,48,0,48,24,24,24
Q96R08,25,0,25,22,3,22
Q96S38,166,43,123,80,125,41
Q99469,39,3,36,7,35,4
Q9BTP7,12,0,12,5,7,5
Q9BXE9,35,0,35,22,13,22
Q9BXX0,75,1,74,36,38,37
Q9BY66,111,2,109,58,55,56
Q9C0D5,256,50,206,131,151,105
Q9GZS9,32,0,32,17,15,17
Q9GZU3,59,4,55,36,27,32
Q9H0U4,17,4,13,6,13,4
Q9H156,59,2,57,29,30,29
Q9H2L5,28,3,25,11,20,8
Q9H2U6,2,0,2,2,0,2
Q9H2V7,48,2,46,34,16,32
Q9HBG6,93,3,90,60,34,59
Q9HCT0,11,0,11,3,8,3
Q9NPR2,81,6,75,49,38,43
Q9NRD8,107,1,106,64,42,65
Q9P2J5,74,11,63,43,32,42
Q9UBF1,48,1,47,35,14,34
Q9UI10,53,9,44,27,31,22
Q9ULH0,215,48,167,104,141,74
Q9Y225,2,0,2,2,0,2
Q9Y2A4,52,0,52,39,13,39
Q9Y3P4,32,1,31,19,14,18
A0A0J9YX75,8,0,8,4,4,4
A0A8V8TNH8,44,0,44,23,21,23
A6NL08,29,0,29,26,3,26
O00445,21,0,21,15,6,15
O14492,64,6,58,26,44,20
O15072,94,1,93,46,49,45
O43296,55,8,47,27,34,21
O43586,33,5,28,17,17,16
O43826,46,0,46,32,14,32
O60478,32,0,32,19,13,19
O75533,86,27,59,45,46,40
O75541,31,2,29,15,18,13
O94776,60,14,46,35,29,31
O94933,73,1,72,38,36,37
O95433,24,7,17,13,18,6
P01106,82,20,62,36,62,20
P01229,7,0,7,7,0,7
P0CE67,5,0,5,4,1,4
P0CG23,29,3,26,18,14,15
P13747,28,3,25,14,15,13
P20393,86,6,80,35,53,33
P21554,39,2,37,27,14,25
P27707,25,7,18,15,9,16
P28223,51,0,51,35,16,35
P30989,32,3,29,21,14,18
P35232,23,8,15,13,6,17
P43357,27,0,27,22,5,22
P51513,39,2,37,23,18,21
P52742,58,0,58,48,10,48
P55064,17,1,16,11,7,10
P59542,25,1,24,19,7,18
P62079,8,0,8,4,4,4
P62917,11,3,8,6,6,5
P78540,29,1,28,14,16,13
Q04637,154,33,121,79,98,56
Q13227,22,1,21,11,12,10
Q13319,26,1,25,13,14,12
Q14152,93,25,68,46,66,27
Q14320,30,10,20,15,25,5
Q14657,8,0,8,4,4,4
Q14973,19,0,19,14,5,14
Q3SY17,10,0,10,7,3,7
Q5EE01,3,0,3,2,1,2
Q5H9J9,29,0,29,15,14,15
Q5JRV8,38,1,37,18,19,19
Q5JWR5,270,10,260,161,115,155
Q5T2D3,23,2,21,10,15,8
Q5TC84,34,0,34,14,20,14
Q5VV43,109,3,106,54,58,51
Q5VW32,26,1,25,16,11,15
Q6IB77,20,2,18,10,10,10
Q6L9T8,10,0,10,8,2,8
Q6N063,13,0,13,8,5,8
Q6NYC8,80,31,49,35,64,16
Q6P3W6,364,4,360,309,59,305
Q6UW01,13,0,13,8,5,8
Q6VMQ6,173,30,143,93,96,77
Q6ZSS7,66,5,61,40,31,35
Q6ZTZ1,26,0,26,11,15,11
Q7L3T8,25,0,25,16,9,16
Q7Z7A4,60,5,55,28,37,23
Q86XJ1,112,25,87,52,83,29
Q8IYD1,50,5,45,19,34,16
Q8N2M4,16,0,16,13,3,13
Q8NBN7,17,0,17,11,6,11
Q8NHS0,29,0,29,11,18,11
Q8TBB6,63,3,60,41,23,40
Q8TF47,65,5,60,39,27,38
Q8TF64,23,3,20,8,18,5
Q92547,173,32,141,87,116,57
Q96LI5,38,0,38,24,14,24
Q96PX1,90,4,86,45,49,41
Q96Q04,112,3,109,58,57,55
Q96SW2,31,3,28,20,14,17
Q96TA0,64,0,64,44,20,44
Q99527,21,0,21,18,3,18
Q99750,26,3,23,16,9,17
Q9BSQ5,65,14,51,33,42,23
Q9BSY9,19,0,19,14,5,14
Q9BX40,48,13,35,24,35,13
Q9BXW7,21,0,21,8,13,8
Q9C099,72,6,66,38,32,40
Q9H2D6,318,35,283,94,259,59
Q9H5V9,10,2,8,5,3,7
Q9HAB8,27,5,22,14,12,15
Q9NP77,10,2,8,5,5,5
Q9NPG1,57,5,52,31,29,28
Q9NRM0,37,1,36,26,12,25
Q9NV88,58,3,55,44,17,41
Q9NX05,96,6,90,48,54,42
Q9P2S6,76,4,72,39,35,41
Q9UBN1,38,3,35,14,25,13
Q9UJW0,28,3,25,16,13,15
Q9UQ05,97,3,94,39,57,40
Q9Y2C9,70,1,69,62,9,61
Q9Y2L9,66,9,57,35,40,26
Q9Y4E8,86,19,67,44,59,27
Q9Y5J7,2,0,2,1,1,1
Q9Y5X3,36,9,27,16,25,11
A2VCK2,22,2,20,8,16,6
A6NI56,44,0,44,13,31,13
O00506,37,5,32,15,23,14
O14978,61,5,56,36,30,31
O15218,32,0,32,23,9,23
O43683,125,41,84,69,63,62
O60635,9,0,9,5,4,5
O95377,19,0,19,16,3,16
P01768,12,0,12,8,4,8
P08118,5,0,5,5,0,5
P0CG35,2,0,2,2,0,2
P0DTE2,8,0,8,7,1,7
P0DW12,13,0,13,6,7,6
P11215,101,3,98,64,40,61
P12755,81,15,66,41,53,28
P14652,37,4,33,17,20,17
P15153,10,0,10,6,4,6
P15813,31,1,30,20,12,19
P19652,9,0,9,5,4,5
P21815,26,2,24,5,23,3
P34741,23,3,20,8,18,5
P36888,91,3,88,55,39,52
P51451,28,2,26,12,18,10
P56962,17,2,15,10,9,8
P59091,5,0,5,1,4,1
P61163,28,2,26,14,16,12
P62888,10,4,6,6,4,6
P78368,27,7,20,15,19,8
Q08397,43,0,43,13,30,13
Q13237,45,3,42,20,28,17
Q13886,26,1,25,8,19,7
Q14956,41,0,41,27,14,27
Q15043,48,4,44,37,15,33
Q16563,25,5,20,17,13,12
Q16706,112,5,107,68,49,63
Q4FZB7,104,5,99,41,66,38
Q52LA3,14,5,9,7,10,4
Q5EBN2,16,0,16,9,7,9
Q5JTV8,102,36,66,49,65,37
Q5RI15,6,0,6,5,1,5
Q5SVS4,14,0,14,11,3,11
Q5U5X0,6,1,5,4,3,3
Q6BEB4,31,3,28,15,17,14
Q6F5E7,9,0,9,5,4,5
Q6P9F7,72,3,69,46,25,47
Q6QN14,30,0,30,27,3,27
Q6UY01,55,0,55,30,25,30
Q70HW3,25,0,25,15,10,15
Q7L2H7,25,3,22,13,15,10
Q7Z794,59,0,59,20,39,20
Q86SU0,67,9,58,28,48,19
Q86UB9,28,0,28,19,9,19
Q86UT8,22,0,22,10,12,10
Q86UV7,16,0,16,12,4,12
Q86XW9,14,0,14,9,5,9
Q8IWV8,136,9,127,84,59,77
Q8IX21,172,29,143,78,121,51
Q8IZN3,46,3,43,28,21,25
Q8N111,9,2,7,6,5,4
Q8N2N9,121,13,108,52,74,47
Q8N2R0,21,4,17,12,13,8
Q8N6Y1,76,0,76,46,30,46
Q8N972,66,2,64,60,6,60
Q8N9M1,63,16,47,28,49,14
Q8NH70,21,0,21,15,6,15
Q8NH80,20,0,20,17,3,17
Q8TAD8,50,16,34,22,44,6
Q8TAY7,26,2,24,6,22,4
Q8TBM8,28,3,25,12,19,9
Q8TE49,80,5,75,32,51,29
Q8WZ55,25,1,24,7,19,6
Q969H6,9,1,8,5,5,4
Q969S6,6,0,6,4,2,4
Q96EZ4,24,0,24,12,12,12
Q96GI7,21,5,16,12,14,7
Q96HE9,43,10,33,29,24,19
Q96LA8,24,1,23,17,8,16
Q99714,17,6,11,9,8,9
Q9BRP7,53,3,50,42,10,43
Q9BS18,1,0,1,0,1,0
Q9BWD3,4,0,4,3,1,3
Q9BWH2,16,4,12,7,13,3
Q9BXA5,22,0,22,18,4,18
Q9BXT2,12,0,12,8,4,8
Q9BYT1,43,0,43,35,8,35
Q9C0E2,100,7,93,63,44,56
Q9H0B3,88,4,84,38,52,36
Q9H0R1,45,2,43,26,17,28
Q9HCE6,114,7,107,56,65,49
Q9NQ84,48,19,29,27,40,8
Q9NVL8,19,1,18,6,14,5
Q9NVU0,62,8,54,36,34,28
Q9NYV7,23,0,23,18,5,18
Q9NZF1,4,0,4,3,1,3
Q9NZH0,23,5,18,17,9,14
Q9ULL1,213,41,172,100,152,61
Q9Y376,18,1,17,11,6,12
Q9Y5K5,21,2,19,14,5,16
Q9Y5X1,62,15,47,39,28,34
Q9Y657,27,10,17,16,21,6
A0A1W2PR64,13,0,13,6,7,6
A1L443,59,0,59,19,40,19
A4GXA9,25,0,25,6,19,6
A6NJ69,5,0,5,2,3,2
A6NM62,133,1,132,64,70,63
F2Z3M2,9,0,9,3,6,3
O15049,61,13,48,24,42,19
O15060,60,1,59,40,21,39
O15496,6,0,6,3,3,3
O76000,23,0,23,17,6,17
O94763,65,17,48,34,46,19
O94782,96,20,76,55,55,41
O95786,52,2,50,29,25,27
P01877,33,0,33,22,11,22
P09016,23,2,21,10,15,8
P09104,27,5,22,17,13,14
P09486,7,0,7,5,2,5
P09871,41,0,41,27,14,27
P0DPB3,57,0,57,19,38,19
P14780,44,1,43,20,25,19
P15421,12,0,12,12,0,12
P26440,23,2,21,14,11,12
P29965,23,0,23,15,8,15
P33908,41,2,39,27,16,25
P34910,63,6,57,31,38,25
P35247,21,0,21,10,11,10
P43681,53,3,50,24,32,21
P51160,41,1,40,26,16,25
P53618,71,12,59,41,40,31
P54136,38,8,30,21,23,15
P60842,25,6,19,13,10,15
P61586,8,2,6,2,6,2
P61968,15,0,15,13,2,13
P63128,66,0,66,30,36,30
P78333,38,0,38,21,17,21
Q03060,42,10,32,24,18,24
Q07326,20,0,20,16,4,16
Q12931,62,10,52,31,31,31
Q13574,90,25,65,54,61,29
Q14919,17,1,16,8,10,7
Q15029,58,10,48,33,29,29
Q15053,2,0,2,1,1,1
Q16651,31,0,31,21,10,21
Q49SQ1,32,0,32,25,7,25
Q4J6C6,36,1,35,22,15,21
Q4VC44,43,9,34,21,27,16
Q53TN4,26,6,20,19,13,13
Q5EB52,24,0,24,11,13,11
Q5VWT5,74,5,69,29,46,28
Q5ZPR3,44,2,42,29,15,29
Q68DN1,290,11,279,79,220,70
Q6PKG0,134,57,77,67,90,44
Q6T4P5,64,6,58,29,41,23
Q6ZRH7,105,0,105,61,44,61
Q7Z3B3,187,41,146,87,135,52
Q7Z4H3,9,0,9,5,4,5
Q7Z7L9,63,0,63,45,18,45
Q86XN8,42,3,39,17,26,16
Q86YN1,16,0,16,13,3,13
Q8IV01,47,3,44,19,31,16
Q8IVE3,184,18,166,77,115,69
Q8IY45,23,2,21,15,8,15
Q8N0V3,26,0,26,11,15,11
Q8N3T1,44,0,44,18,26,18
Q8N446,36,0,36,14,22,14
Q8NDI1,154,40,114,68,120,34
Q8NEZ3,80,5,75,47,34,46
Q8TAP9,40,15,25,18,37,3
Q8TDI8,38,0,38,24,14,24
Q8WWQ0,232,64,168,117,169,63
Q8WX92,36,6,30,20,22,14
Q92839,34,2,32,23,11,23
Q92949,26,0,26,14,12,14
Q969T4,25,3,22,15,13,12
Q96BI1,34,0,34,22,12,22
Q96I59,35,1,34,16,20,15
Q96NT3,13,0,13,10,3,10
Q96PK6,122,35,87,62,95,27
Q96PL2,28,0,28,20,8,20
Q96Q91,74,2,72,39,37,37
Q96QI5,19,0,19,10,9,10
Q99836,20,1,19,13,8,12
Q9BUB7,20,1,19,11,8,12
Q9BZC7,217,21,196,115,121,96
Q9H078,41,5,36,26,20,21
Q9H190,19,1,18,10,10,9
Q9HCI7,84,13,71,50,39,45
Q9NQ79,42,0,42,22,20,22
Q9NQX1,48,0,48,31,17,31
Q9NR22,22,1,21,15,6,16
Q9NRN7,21,2,19,12,9,12
Q9NTG7,35,7,28,14,24,11
Q9NUL7,46,3,43,23,24,22
Q9NW64,18,3,15,8,13,5
Q9UMX2,15,1,14,6,10,5
Q9UPQ9,290,45,245,134,199,91
Q9Y240,13,0,13,5,8,5
Q9Y2Z9,45,0,45,27,18,27
Q9Y5Y7,29,1,28,17,11,18
A0A1B0GVB3,18,0,18,10,8,10
A0A2R8Y2Y2,8,0,8,3,5,3
A4D1P6,79,11,68,43,45,34
A6NDG6,13,0,13,7,6,7
A6NNJ1,46,2,44,27,21,25
A8MPS7,17,1,16,10,8,9
C9JLW8,15,7,8,7,15,0
O14569,19,0,19,11,8,11
O14796,9,1,8,5,5,4
O43448,28,1,27,16,13,15
O75182,102,12,90,55,57,45
O95096,25,2,23,15,12,13
O95169,7,0,7,4,3,4
O95626,13,3,10,7,9,4
P04264,106,22,84,44,84,22
P0C864,16,0,16,5,11,5
P0DML2,16,0,16,10,6,10
P0DMR2,1,0,1,0,1,0
P0DPQ3,13,0,13,8,5,8
P10745,92,2,90,60,34,58
P10767,17,0,17,12,5,12
P11836,32,7,25,19,20,12
P19105,6,3,3,3,4,2
P23588,123,56,67,58,101,22
P23975,37,3,34,29,11,26
P25800,3,0,3,3,0,3
P27701,16,0,16,6,10,6
P28074,24,6,18,12,18,6
P39086,64,1,63,42,23,41
P43005,33,2,31,20,15,18
P43630,48,1,47,35,12,36
P49238,23,0,23,14,9,14
P49326,39,5,34,22,22,17
P52740,69,0,69,42,27,42
P53805,17,3,14,10,10,7
P55895,41,2,39,26,17,24
P58173,24,0,24,21,3,21
Q0VDD8,281,3,278,163,119,162
Q13066,4,1,3,2,3,1
Q13751,81,1,80,41,41,40
Q14012,24,3,21,19,6,18
Q15365,52,21,31,25,44,8
Q16206,41,4,37,21,24,17
Q16610,30,0,30,16,14,16
Q4AC94,291,30,261,147,164,127
Q5JQS6,24,9,15,11,18,6
Q5JS37,20,0,20,15,5,15
Q5SWA1,92,7,85,40,57,35
Q5T8P6,102,15,87,49,66,36
Q5TCZ1,172,39,133,79,122,50
Q6IQ21,61,3,58,32,28,33
Q6NS38,17,1,16,5,11,6
Q6UX46,4,0,4,1,3,1
Q6ZRP0,24,0,24,12,12,12
Q7L622,59,5,54,34,28,31
Q7Z713,10,0,10,5,5,5
Q86WC4,37,2,35,25,14,23
Q8IWZ4,15,0,15,10,5,10
Q8IWZ6,54,1,53,25,28,26
Q8N4F7,20,1,19,12,7,13
Q8N6M8,12,0,12,9,3,9
Q8N987,39,3,36,23,19,20
Q8N9E0,46,3,43,4,45,1
Q8NBE8,36,3,33,26,11,25
Q8NHC4,23,0,23,21,2,21
Q8TB61,37,2,35,23,16,21
Q8TB73,45,0,45,24,21,24
Q8WUB8,63,19,44,32,50,13
Q8WXG6,223,46,177,106,161,62
Q92622,159,33,126,90,92,67
Q92764,51,3,48,24,30,21
Q969F0,11,0,11,5,6,5
Q96BT1,27,1,26,9,19,8
Q96DR5,20,0,20,18,2,18
Q96MF4,17,1,16,4,12,5
Q96PN7,113,18,95,57,74,39
Q9BRK0,24,5,19,10,17,7
Q9BTV7,44,7,37,18,31,13
Q9BU79,9,0,9,9,0,9
Q9BWH6,120,14,106,62,72,48
Q9BWW8,17,0,17,11,6,11
Q9BZE0,53,6,47,27,30,23
Q9GZU1,49,6,43,32,23,26
Q9H159,69,3,66,38,30,39
Q9HBU6,25,0,25,13,12,13
Q9NPB6,43,8,35,19,28,15
Q9NRN5,14,0,14,8,6,8
Q9NU53,24,0,24,14,10,14
Q9NUL3,61,15,46,29,47,14
Q9NWW7,50,0,50,29,21,29
Q9NYD6,59,18,41,25,52,7
Q9NZ20,35,2,33,15,22,13
Q9NZJ7,30,2,28,16,16,14
Q9UGF6,25,0,25,20,5,20
Q9UHA7,11,1,10,6,4,7
Q9UJQ7,7,0,7,5,2,5
Q9UJX4,66,9,57,41,34,32
Q9Y5Y4,40,5,35,23,16,24
Q9Y680,10,0,10,3,7,3
A0A075B7D8,11,0,11,7,4,7
A0A1B0GTU2,1,0,1,0,1,0
A0A1B0GVS7,19,0,19,11,8,11
A0A2R8YE69,67,0,67,24,43,24
A0A2R8YEG4,23,0,23,20,3,20
A0PJX4,25,2,23,11,16,9
B1ANH7,13,0,13,6,7,6
C9JJ37,12,0,12,8,4,8
O00623,31,0,31,15,16,15
O00628,26,0,26,17,9,17
O14562,18,3,15,7,12,6
O14828,34,9,25,21,16,18
O14933,7,2,5,4,5,2
O14976,157,38,119,79,102,55
O15127,30,3,27,19,12,18
O43293,36,8,28,18,20,16
O43716,7,0,7,3,4,3
O60683,21,2,19,10,13,8
O60814,22,11,11,11,22,0
O75343,34,0,34,20,14,20
O76081,31,0,31,14,17,14
O95838,42,0,42,27,15,27
P02745,16,0,16,11,5,11
P04731,6,0,6,3,3,3
P08069,104,12,92,60,50,54
P08865,18,6,12,9,11,7
P0C7W9,42,1,41,23,20,22
P0DP25,4,0,4,1,3,1
P20823,71,5,66,38,38,33
P21854,43,2,41,26,19,24
P23945,57,0,57,35,22,35
P24071,23,0,23,15,8,15
P32119,10,3,7,6,7,3
P35318,18,1,17,5,14,4
P43246,62,8,54,37,27,35
P49683,19,0,19,14,5,14
P49788,17,0,17,9,8,9
P52954,22,0,22,5,17,5
P62280,9,4,5,4,9,0
Q00005,38,1,37,21,18,20
Q02447,80,7,73,52,25,55
Q12830,363,57,306,170,232,131
Q12901,41,0,41,24,17,24
Q13206,65,16,49,36,37,28
Q13796,238,62,176,111,175,63
Q14995,73,3,70,29,47,26
Q15013,28,7,21,15,16,12
Q15554,47,4,43,21,28,19
Q16445,37,1,36,21,17,20
Q16557,37,0,37,21,16,21
Q3B7J2,26,1,25,11,16,10
Q3SXM0,42,0,42,28,14,28
Q53QW1,62,2,60,28,34,28
Q5FYA8,35,0,35,22,13,22
Q5I0X4,5,0,5,5,0,5
Q5T5U3,343,83,260,172,234,109
Q5TGJ6,11,0,11,4,7,4
Q5VSP4,8,0,8,3,5,3
Q5VWK5,53,0,53,42,11,42
Q6P3W2,11,0,11,6,5,6
Q6UWP8,21,0,21,12,9,12
Q6UXG3,33,0,33,16,17,16
Q6YBV0,36,0,36,27,9,27
Q7Z3E1,54,0,54,29,25,29
Q86V85,42,0,42,30,12,30
Q8IXM3,7,0,7,5,2,5
Q8IYD9,43,1,42,18,26,17
Q8IZ20,50,0,50,29,21,29
Q8N1A6,10,0,10,6,4,6
Q8N5S1,22,0,22,14,8,14
Q8N9H8,53,0,53,25,28,25
Q8NA70,51,1,50,21,29,22
Q8NCM2,79,2,77,43,38,41
Q8NDH2,725,0,725,325,400,325
Q8NI37,20,0,20,10,10,10
Q8WV37,45,0,45,37,8,37
Q92750,85,4,81,51,36,49
Q93075,119,17,102,47,89,30
Q96BI3,24,2,22,19,7,17
Q96BP2,4,0,4,2,2,2
Q96EW2,32,0,32,21,11,21
Q96H78,22,1,21,14,9,13
Q96HU8,20,1,19,12,9,11
Q96J92,163,9,154,63,109,54
Q96MY1,65,7,58,30,42,23
Q9BR39,85,26,59,36,75,10
Q9H4B0,25,0,25,16,9,16
Q9NNW7,30,4,26,16,12,18
Q9NVA4,29,3,26,20,10,19
Q9NVH6,16,0,16,9,7,9
Q9NZ56,157,16,141,70,101,56
Q9P0L0,26,8,18,13,19,7
Q9P246,105,25,80,53,69,36
Q9P2Y5,71,17,54,39,47,24
Q9UI15,13,3,10,10,6,7
Q9UNE7,22,6,16,10,18,4
Q9UPR6,77,6,71,34,49,28
Q9Y2E4,132,10,122,73,63,69
Q9Y316,34,2,32,20,16,18
A0A1B0GTK4,21,0,21,14,7,14
A0A5F9ZHU2,10,0,10,5,5,5
A6NGE4,49,0,49,20,29,20
A8K979,81,4,77,35,50,31
C9JBD0,6,0,6,4,2,4
O00232,32,6,26,20,18,14
O43422,59,6,53,34,31,28
O60237,134,28,106,50,108,26
O60437,116,21,95,53,78,38
O95361,53,10,43,32,29,24
P00751,56,2,54,33,25,31
P08842,38,0,38,27,11,27
P09327,55,4,51,36,21,34
P0C853,11,0,11,7,4,7
P11117,21,1,20,12,10,11
P13385,13,0,13,8,5,8
P17098,58,7,51,30,27,31
P18848,36,6,30,12,30,6
P21580,72,19,53,34,47,25
P35270,25,6,19,16,11,14
P36508,40,2,38,25,17,23
P37287,37,2,35,27,12,25
P41134,13,2,11,6,9,4
P54198,131,20,111,72,65,66
P56199,104,3,101,61,46,58
P57054,12,0,12,7,5,7
P60893,21,0,21,17,4,17
P62837,10,1,9,7,4,6
P62993,14,3,11,7,10,4
P67809,26,13,13,13,20,6
P68543,21,1,20,8,14,7
P86478,8,0,8,4,4,4
P98161,398,12,386,223,187,211
P98170,47,11,36,20,26,21
Q06203,36,1,35,19,18,18
Q09470,39,3,36,25,17,22
Q13487,25,0,25,7,18,7
Q14525,38,1,37,17,22,16
Q15836,8,4,4,4,6,2
Q2M3G4,92,25,67,50,67,25
Q5JZY3,84,0,84,44,40,44
Q5T6M2,22,0,22,6,16,6
Q5TC63,14,0,14,9,5,9
Q5TIE3,122,0,122,66,56,66
Q5VTR2,78,17,61,32,51,27
Q63HM2,78,0,78,52,26,52
Q6H3X3,25,0,25,15,10,15
Q6IF00,27,2,25,20,5,22
Q6P1M9,43,0,43,21,22,21
Q75NE6,6,0,6,6,0,6
Q75V66,60,1,59,39,20,40
Q7LGC8,30,1,29,12,17,13
Q7RTP6,261,77,184,116,216,45
Q86TL2,17,0,17,7,10,7
Q86XR5,15,0,15,11,4,11
Q86Y56,56,1,55,35,22,34
Q86YT6,67,11,56,30,38,29
Q8IV32,40,5,35,11,32,8
Q8N4V2,37,0,37,30,7,30
Q8N7Z5,197,8,189,98,99,98
Q8NCS4,6,0,6,4,2,4
Q8NDY6,14,1,13,5,10,4
Q8NGD5,25,0,25,22,3,22
Q8NGW6,25,0,25,24,1,24
Q8TC90,25,0,25,12,13,12
Q8TCZ7,5,0,5,2,3,2
Q8TDM5,7,0,7,5,2,5
Q8TE73,287,8,279,163,120,167
Q8TER5,135,29,106,65,91,44
Q8WTP8,26,1,25,11,14,12
Q8WUN7,15,1,14,8,6,9
Q92802,44,2,42,24,20,24
Q96AP4,51,5,46,28,24,27
Q96B45,10,2,8,6,6,4
Q96D71,144,48,96,73,113,31
Q96EL1,25,0,25,12,13,12
Q96FV0,26,0,26,12,14,12
Q96HA4,36,0,36,19,17,19
Q96IZ7,77,22,55,28,69,8
Q96Q45,49,11,38,33,23,26
Q99581,11,0,11,5,6,5
Q9BQ48,5,1,4,2,4,1
Q9BUL5,55,17,38,27,45,10
Q9BW60,22,0,22,20,2,20
Q9H1Y0,12,0,12,9,3,9
Q9H477,20,0,20,13,7,13
Q9H9E3,56,3,53,36,23,33
Q9HAC7,22,0,22,14,8,14
Q9NRM6,38,0,38,24,14,24
Q9NXB0,40,0,40,19,21,19
Q9NXE8,67,21,46,27,61,6
Q9NYT6,72,5,67,55,22,50
Q9P278,141,16,125,60,87,54
Q9UGI6,69,2,67,39,30,39
Q9UJT9,52,4,48,24,30,22
Q9UKL4,19,1,18,11,9,10
Q9UL03,68,6,62,35,39,29
Q9UMR2,33,8,25,18,21,12
Q9Y3Q4,129,4,125,45,88,41
A0A075B6X5,14,0,14,7,7,7
A0A0A6YYD4,10,0,10,7,3,7
A0A1B0GV22,5,0,5,2,3,2
A6NL82,2,0,2,1,1,1
A6NNX1,2,0,2,2,0,2
M5A8F1,12,0,12,10,2,10
O43837,27,3,24,12,18,9
O60346,176,17,159,102,91,85
O60725,25,0,25,17,8,17
O75150,71,10,61,33,48,23
O75493,30,1,29,19,12,18
O75795,39,0,39,29,10,29
O95260,54,7,47,29,30,24
P02511,27,10,17,14,17,10
P02746,10,0,10,6,4,6
P03973,4,0,4,0,4,0
P04053,38,2,36,18,22,16
P06396,59,13,46,35,25,34
P09210,22,9,13,11,20,2
P0DP06,18,0,18,12,6,12
P0DV60,11,0,11,10,1,10
P10632,30,3,27,14,19,11
P11474,27,4,23,20,11,16
P11532,284,41,243,162,137,147
P13647,86,27,59,41,66,20
P14416,37,5,32,18,22,15
P15812,32,0,32,22,10,22
P19237,14,5,9,9,10,4
P20309,64,5,59,32,37,27
P26640,79,12,67,45,40,39
P27635,13,4,9,9,8,5
P31939,53,15,38,24,26,27
P34925,42,0,42,24,18,24
P36915,59,13,46,27,45,14
P43405,45,10,35,23,28,17
P51508,56,2,54,35,23,33
P53674,22,1,21,10,13,9
P53814,156,53,103,73,122,34
P55273,9,2,7,4,7,2
P61011,34,6,28,17,21,13
P61964,42,3,39,29,14,28
P62269,2,1,1,1,2,0
P62877,7,2,5,5,2,5
P82650,21,4,17,10,13,8
Q01968,61,5,56,42,22,39
Q14442,15,0,15,12,3,12
Q16763,8,2,6,3,7,1
Q2MV58,52,0,52,34,18,34
Q4VC31,7,0,7,4,3,4
Q504Y3,27,0,27,13,14,13
Q53GS7,66,10,56,34,42,24
Q5JT82,44,0,44,26,18,26
Q5T013,8,0,8,4,4,4
Q5T4T1,8,0,8,6,2,6
Q5TAQ9,72,14,58,34,46,26
Q69YQ0,163,35,128,76,112,51
Q6NXE6,33,5,28,21,15,18
Q6UW02,35,0,35,16,19,16
Q6ZNC4,68,13,55,35,42,26
Q6ZV77,18,0,18,9,9,9
Q7RTW8,109,1,108,69,41,68
Q7Z408,341,0,341,215,126,215
Q86V21,56,5,51,37,20,36
Q8IVE0,23,0,23,6,17,6
Q8N0S2,17,2,15,10,7,10
Q8N443,17,0,17,9,8,9
Q8N9R8,43,2,41,23,22,21
Q8NBR9,27,0,27,14,13,14
Q8NFG4,65,10,55,35,40,25
Q8NFH3,45,6,39,26,25,20
Q8NGI4,24,0,24,22,2,22
Q8WTV1,17,1,16,5,13,4
Q8WVX9,25,0,25,16,9,16
Q969E2,14,1,13,8,7,7
Q969G2,36,0,36,16,20,16
Q96D42,34,1,33,23,12,22
Q96J02,71,6,65,37,40,31
Q96KT6,13,0,13,6,7,6
Q96KW9,22,1,21,15,8,14
Q96MP8,13,0,13,6,7,6
Q96N66,38,7,31,24,17,21
Q9BQB4,8,0,8,5,3,5
Q9BV90,5,0,5,2,3,2
Q9BWM7,16,0,16,10,6,10
Q9BXR6,41,0,41,25,16,25
Q9BYX2,67,8,59,32,41,26
Q9GIP4,10,0,10,7,3,7
Q9H1K0,90,20,70,40,70,20
Q9H210,25,0,25,20,5,20
Q9H9T3,30,0,30,14,16,14
Q9NP56,29,3,26,15,17,12
Q9NQV6,93,9,84,52,44,49
Q9NQX7,14,1,13,9,6,8
Q9NRF8,47,12,35,27,32,15
Q9NYI0,119,13,106,57,73,46
Q9NZI5,60,10,50,37,27,33
Q9UQ16,66,7,59,35,36,30
Q9Y3C1,9,3,6,5,5,4
Q9Y3I1,48,0,48,29,19,29
S4R3P1,1,0,1,1,0,1
A0A0A0MS05,9,0,9,3,6,3
A0A0C4DH90,16,0,16,12,4,12
A0A1B0GTR0,10,0,10,6,4,6
A0A5F9ZH88,23,0,23,18,5,18
A0A8V8TPW1,16,0,16,7,9,7
A0JP26,45,0,45,30,15,30
A6H8Y1,279,30,249,120,187,92
A6NGB0,23,0,23,9,14,9
A6NHP3,32,0,32,9,23,9
F5H284,10,1,9,3,8,2
O00499,48,8,40,29,21,27
O43699,35,1,34,24,12,23
O43763,17,0,17,10,7,10
O43790,43,3,40,21,25,18
O43829,41,8,33,20,25,16
O60287,164,9,155,97,72,92
O60512,23,0,23,10,13,10
O75152,124,39,85,57,92,32
O76087,4,1,3,2,3,1
O95372,14,2,12,11,5,9
P0C0L4,147,2,145,71,78,69
P0DML3,16,0,16,10,6,10
P0DMT0,1,0,1,1,0,1
P14317,41,7,34,17,25,16
P22105,294,0,294,166,128,166
P30711,6,0,6,4,2,4
P31947,28,11,17,14,25,3
P32019,73,1,72,47,27,46
P35408,69,14,55,39,32,37
P37059,26,1,25,13,14,12
P37173,54,10,44,31,23,31
P46776,6,1,5,3,4,2
P47897,37,6,31,20,19,18
P50461,15,3,12,10,8,7
P51692,52,7,45,28,27,25
P52594,93,15,78,58,38,55
P52788,22,3,19,10,13,9
P54284,58,6,52,20,42,16
P55259,43,0,43,29,14,29
P55286,55,0,55,33,22,33
P58340,28,2,26,14,16,12
P98187,26,1,25,18,9,17
Q07973,31,1,30,16,16,15
Q08379,85,21,64,46,44,41
Q13585,57,4,53,31,30,27
Q13616,48,1,47,26,23,25
Q14D33,35,0,35,26,9,26
Q30KQ5,3,0,3,3,0,3
Q3KNT9,15,0,15,9,6,9
Q5FBB7,70,16,54,32,50,20
Q5T5B0,11,0,11,6,5,6
Q5VXH4,28,1,27,24,3,25
Q5VZQ5,17,0,17,10,7,10
Q6J4K2,41,1,40,26,16,25
Q6UWP7,30,5,25,19,6,24
Q6UWQ7,9,0,9,7,2,7
Q70IA8,10,1,9,5,4,6
Q7Z6W7,31,0,31,16,15,16
Q86TS9,4,0,4,3,1,3
Q8IUM7,79,0,79,40,39,40
Q8IWG1,61,1,60,34,28,33
Q8IX06,62,4,58,36,30,32
Q8IXW0,61,1,60,25,37,24
Q8IY49,14,0,14,14,0,14
Q8N865,40,5,35,21,20,20
Q8NC24,27,2,25,12,17,10
Q8NET6,19,1,18,7,13,6
Q8NF91,781,53,728,419,399,382
Q8NGL7,17,0,17,15,2,15
Q8NGX9,21,0,21,20,1,20
Q8NH43,23,0,23,21,2,21
Q8TBK6,55,0,55,16,39,16
Q8TF61,86,7,79,35,56,30
Q92887,145,14,131,91,66,79
Q96A44,14,0,14,11,3,11
Q96CD0,21,0,21,13,8,13
Q96EK2,45,2,43,18,27,18
Q96PZ0,52,11,41,26,29,23
Q96Q05,105,9,96,60,52,53
Q96QA6,8,0,8,5,3,5
Q96RE7,63,15,48,32,42,21
Q96T92,56,0,56,16,40,16
Q9BRI3,26,0,26,23,3,23
Q9BRT9,15,3,12,4,14,1
Q9BUE6,6,0,6,2,4,2
Q9BX68,4,0,4,3,1,3
Q9BZV3,155,0,155,87,68,87
Q9NX77,32,0,32,20,12,20
Q9P0W8,75,2,73,32,45,30
Q9UG56,28,2,26,14,16,12
Q9UHF4,47,0,47,29,18,29
Q9UJG1,12,0,12,7,5,7
Q9UKZ1,53,3,50,24,30,23
Q9UPQ4,33,1,32,17,17,16
Q9Y2Z2,51,0,51,27,24,27
Q9Y3D6,6,0,6,3,3,3
Q9Y4C4,76,5,71,41,36,40
Q9Y5E1,71,0,71,49,22,49
Q9Y5K8,9,1,8,6,4,5
A0A0B4J268,12,0,12,4,8,4
A0A1W2PQ64,10,0,10,5,5,5
A1L4Q6,20,0,20,9,11,9
A4D1N5,12,0,12,8,4,8
A8MWL6,16,0,16,11,5,11
O43156,81,5,76,53,33,48
O60812,39,11,28,14,36,3
O95158,21,0,21,9,12,9
O95460,41,2,39,30,13,28
O95684,62,21,41,29,40,22
O95881,13,1,12,10,4,9
P08048,63,5,58,43,21,42
P08913,40,10,30,28,22,18
P0C880,9,0,9,4,5,4
P0CB38,31,0,31,13,18,13
P0DMW5,5,0,5,4,1,4
P0DP57,7,0,7,6,1,6
P0DTW1,3,0,3,1,2,1
P13598,21,0,21,17,4,17
P15328,14,0,14,10,4,10
P15814,26,2,24,14,14,12
P16233,33,0,33,19,14,19
P20151,20,0,20,15,5,15
P24462,28,1,27,13,16,12
P35523,76,2,74,44,34,42
P42858,349,43,306,189,187,162
P43235,23,0,23,13,10,13
P48549,46,4,42,22,28,18
P48729,25,9,16,14,14,11
P49335,40,3,37,23,20,20
P49736,82,22,60,44,48,34
P57086,17,3,14,9,11,6
P59942,8,0,8,7,1,7
P60409,70,0,70,66,4,66
Q01453,17,0,17,15,2,15
Q0VG73,10,0,10,5,5,5
Q14159,94,6,88,45,53,41
Q14964,15,0,15,5,10,5
Q15006,13,0,13,6,7,6
Q15126,15,5,10,9,11,4
Q2KHT4,36,0,36,22,14,22
Q3KR16,66,10,56,29,47,19
Q3LI54,2,0,2,1,1,1
Q3LI61,1,0,1,0,1,0
Q3MJ16,63,0,63,36,27,36
Q56UQ5,13,1,12,8,4,9
Q58A44,9,0,9,2,7,2
Q5JS54,11,0,11,9,2,9
Q5KU26,45,1,44,21,25,20
Q5SR56,54,2,52,39,17,37
Q5T280,18,2,16,10,10,8
Q63ZE4,33,0,33,24,9,24
Q6A1A2,21,0,21,12,9,12
Q6ZQT0,14,0,14,11,3,11
Q6ZRG5,24,0,24,12,12,12
Q6ZRN7,20,0,20,5,15,5
Q6ZTI0,13,0,13,0,13,0
Q70Z53,34,10,24,20,22,12
Q86SR1,35,0,35,24,11,24
Q8N1X5,20,3,17,6,17,3
Q8N3U1,13,0,13,7,6,7
Q8N468,45,0,45,32,13,32
Q8N8Y5,10,0,10,4,6,4
Q8N9P6,18,0,18,6,12,6
Q8N9X3,11,0,11,7,4,7
Q8NEM7,108,13,95,53,66,42
Q8NFD4,10,0,10,5,5,5
Q8NGF0,28,0,28,20,8,20
Q8NGL9,25,0,25,24,1,24
Q8TAT8,11,0,11,4,7,4
Q8TBF5,15,0,15,11,4,11
Q8WYH8,18,4,14,13,9,9
Q92956,21,1,20,12,10,11
Q96E22,22,0,22,15,7,15
Q96EF6,16,0,16,10,6,10
Q96EP5,29,4,25,17,14,15
Q96MF0,11,0,11,8,3,8
Q96MR9,55,2,53,36,19,36
Q96NB3,38,8,30,19,25,13
Q96ST8,67,14,53,29,48,19
Q96T76,90,6,84,58,30,60
Q99704,54,15,39,30,37,17
Q9BTT0,18,4,14,7,15,3
Q9BXJ4,16,0,16,11,5,11
Q9BYN7,64,2,62,39,25,39
Q9H0F6,38,6,32,24,20,18
Q9H0I3,20,0,20,9,11,9
Q9H2G9,39,7,32,17,29,10
Q9H9Q2,15,3,12,10,8,7
Q9NV39,8,0,8,4,4,4
Q9NW38,26,0,26,21,5,21
Q9NXG6,26,0,26,14,12,14
Q9NYP3,56,4,52,34,22,34
Q9UJY1,20,4,16,9,15,5
Q9UKA4,301,57,244,143,211,90
Q9UPI3,52,2,50,38,16,36
Q9Y248,6,0,6,4,2,4
A0A286YF60,5,0,5,4,1,4
E7ERA6,22,4,18,10,16,6
F8W0I5,84,0,84,26,58,26
O14531,36,4,32,19,19,17
O14777,55,14,41,30,31,24
O14921,12,0,12,4,8,4
O15078,154,14,140,63,93,61
O15119,94,17,77,53,50,44
O15393,42,0,42,30,12,30
O60235,34,0,34,19,15,19
O60676,7,0,7,5,2,5
O75690,44,0,44,42,2,42
O76009,37,1,36,21,17,20
O95259,80,3,77,37,46,34
O95897,36,0,36,16,20,16
P00533,113,32,81,66,49,64
P01861,45,0,45,33,12,33
P0C7N4,23,0,23,10,13,10
P0DPA2,34,0,34,19,15,19
P12074,6,0,6,3,3,3
P12235,18,5,13,12,5,13
P13521,52,11,41,23,38,14
P15976,45,8,37,23,28,17
P17035,50,1,49,32,19,31
P42357,41,1,40,21,21,20
P42768,35,6,29,19,16,19
P49184,25,0,25,20,5,20
P49711,44,11,33,24,23,21
P54762,88,7,81,44,49,39
P55157,83,2,81,48,35,48
P57773,40,0,40,21,19,21
P58549,6,0,6,0,6,0
P61106,16,5,11,6,13,3
P68036,3,0,3,1,2,1
P68871,8,4,4,4,4,4
P78395,45,1,44,27,19,26
Q00975,180,15,165,79,108,72
Q05996,74,1,73,38,37,37
Q08AG5,52,1,51,29,24,28
Q13557,39,14,25,20,31,8
Q15262,84,2,82,50,36,48
Q16204,79,33,46,40,62,17
Q49AM3,51,7,44,27,29,22
Q4L235,108,2,106,59,51,57
Q52LJ0,30,2,28,14,18,12
Q5HYC2,247,6,241,116,137,110
Q5JRX3,72,0,72,52,20,52
Q5T1H1,299,1,298,220,80,219
Q5T215,10,0,10,7,3,7
Q5TA79,13,0,13,12,1,12
Q5TGI4,6,0,6,1,5,1
Q6E213,19,0,19,14,5,14
Q6GYQ0,225,40,185,131,118,107
Q6IBW4,61,21,40,32,38,23
Q6MZP7,79,11,68,49,37,42
Q6MZT1,28,0,28,11,17,11
Q6UW32,3,0,3,3,0,3
Q6UXV0,30,0,30,17,13,17
Q6XZF7,176,29,147,93,94,82
Q6ZMR3,28,0,28,12,16,12
Q6ZWJ1,58,9,49,31,30,28
Q7LG56,27,4,23,14,17,10
Q7Z3E2,90,14,76,41,57,33
Q7Z410,75,0,75,52,23,52
Q86U44,56,14,42,30,40,16
Q86V59,27,0,27,7,20,7
Q86VP3,114,14,100,52,76,38
Q86VY4,31,4,27,17,16,15
Q8N1B3,13,1,12,7,7,6
Q8N8R5,34,0,34,21,13,21
Q8N9L1,32,0,32,11,21,11
Q8NDD1,35,13,22,17,31,4
Q8TAZ6,12,0,12,10,2,10
Q8TDU5,16,0,16,15,1,15
Q8WU90,27,8,19,13,16,11
Q8WVQ1,32,3,29,19,14,18
Q969V6,139,29,110,66,98,41
Q96H35,14,2,12,7,5,9
Q96MF7,27,7,20,16,18,9
Q9BQS7,68,1,67,47,22,46
Q9BT22,32,3,29,21,14,18
Q9C037,38,6,32,21,13,25
Q9GZN0,26,0,26,19,7,19
Q9GZW5,23,1,22,11,13,10
Q9H1A7,4,0,4,3,1,3
Q9H5V7,52,7,45,30,25,27
Q9H7X7,18,0,18,7,11,7
Q9HAZ1,52,12,40,27,37,15
Q9NQS7,132,61,71,65,118,14
Q9NR12,42,13,29,24,29,13
Q9NVU7,55,13,42,31,37,18
Q9NWU2,8,0,8,3,5,3
Q9NXV6,156,35,121,71,114,42
Q9NY57,20,1,19,11,10,10
Q9NZJ4,373,13,360,207,179,194
Q9P275,173,46,127,88,129,44
Q9UM22,15,0,15,10,5,10
Q9UNN8,22,3,19,13,8,14
S4R3C0,13,0,13,8,5,8
A0A0C4DH41,19,0,19,12,7,12
A0A1B0GVQ3,12,0,12,4,8,4
A0A3B3IU63,9,0,9,2,7,2
A6NES4,126,0,126,80,46,80
A6NFK2,21,0,21,10,11,10
A8MXU0,3,0,3,3,0,3
O00522,53,6,47,32,27,26
O14745,50,22,28,26,32,18
O14791,31,3,28,19,15,16
O14829,45,1,44,25,21,24
O15446,45,18,27,19,36,9
O43423,15,2,13,6,11,4
O43581,37,4,33,24,17,20
O43861,94,6,88,52,46,48
O60307,217,55,162,88,164,53
O60404,24,0,24,18,6,18
O75363,71,16,55,36,49,22
O95279,43,4,39,21,26,17
P02778,7,0,7,5,2,5
P08217,31,0,31,25,6,25
P0DMP1,2,0,2,2,0,2
P10321,24,0,24,13,11,13
P10398,80,28,52,44,52,28
P10635,23,1,22,11,13,10
P12319,15,0,15,13,2,13
P15121,23,7,16,13,17,6
P15848,35,1,34,17,19,16
P18428,48,0,48,23,25,23
P18754,49,13,36,27,27,22
P24522,8,0,8,7,1,7
P29373,8,2,6,4,4,4
P31277,22,0,22,11,11,11
P32780,50,5,45,22,33,17
P32926,91,7,84,54,42,49
P35590,80,1,79,48,33,47
P41273,17,0,17,6,11,6
P47893,20,0,20,15,5,15
P49682,24,0,24,15,9,15
P49913,9,0,9,4,5,4
P59052,11,0,11,8,3,8
P59540,23,0,23,19,4,19
P78423,34,0,34,17,17,17
Q02818,19,7,12,9,11,8
Q12988,6,0,6,3,3,3
Q13287,24,3,21,12,15,9
Q13596,45,10,35,23,24,21
Q13618,46,5,41,26,21,25
Q14191,146,19,127,87,66,80
Q15485,15,0,15,8,7,8
Q15646,29,0,29,19,10,19
Q16619,11,0,11,7,4,7
Q16739,18,0,18,13,5,13
Q2KHR2,223,27,196,111,139,84
Q2TBC4,23,0,23,13,10,13
Q3LI64,3,0,3,3,0,3
Q5PT55,29,0,29,19,10,19
Q5RGS3,13,0,13,6,7,6
Q5VVY1,21,0,21,10,11,10
Q6YL49,34,0,34,11,23,11
Q70CQ3,46,0,46,28,18,28
Q7Z7J9,3,0,3,2,1,2
Q86UP8,83,0,83,46,37,46
Q86UX7,54,8,46,31,29,25
Q86VP6,125,20,105,77,62,63
Q86WB7,40,0,40,31,9,31
Q86X24,37,0,37,13,24,13
Q86YZ3,1054,97,957,345,804,250
Q8IY82,49,2,47,24,27,22
Q8NA56,31,1,30,14,16,15
Q8NBF6,62,9,53,37,34,28
Q8NCC3,21,0,21,14,7,14
Q8NI32,15,0,15,9,6,9
Q8TBM7,6,0,6,6,0,6
Q8WVP5,8,0,8,3,5,3
Q96NA8,48,4,44,22,28,20
Q96PU5,102,31,71,55,76,26
Q96RD2,15,1,14,14,2,13
Q99805,40,0,40,29,11,29
Q9BRX9,28,0,28,18,10,18
Q9BVV2,17,1,16,9,9,8
Q9GZQ3,18,0,18,12,6,12
Q9GZQ6,30,0,30,20,10,20
Q9H2A3,30,0,30,10,20,10
Q9H343,19,0,19,16,3,16
Q9H3S3,40,0,40,28,12,28
Q9H3Y0,22,0,22,11,11,11
Q9HB29,34,0,34,26,8,26
Q9NQR7,64,0,64,14,50,14
Q9NTI2,70,0,70,38,32,38
Q9NX70,16,1,15,5,12,4
Q9NYW8,69,4,65,44,27,42
Q9NZN3,29,4,25,15,18,11
Q9P2M4,63,7,56,37,31,32
Q9UBP6,10,1,9,4,7,3
Q9UI08,76,25,51,43,54,22
Q9UQQ2,73,15,58,39,45,28
Q9Y296,14,1,13,8,7,7
Q9Y478,36,17,19,18,29,7
Q9Y5Y5,25,3,22,14,14,11
Q9Y6G3,7,1,6,4,4,3
A0A075B6U4,9,0,9,7,2,7
A0A1W2PPH5,13,0,13,4,9,4
A6ND48,27,0,27,19,8,19
A6NK58,6,0,6,5,1,5
A8MTZ0,5,0,5,1,4,1
B7ZLF3,9,0,9,3,6,3
E9PKD4,25,0,25,13,12,13
O00237,59,1,58,36,24,35
O15151,56,10,46,31,35,21
O94901,90,17,73,54,43,47
O95249,29,6,23,13,22,7
P04433,14,0,14,10,4,10
P08637,26,0,26,20,6,20
P09525,28,4,24,10,22,6
P0CG13,1,0,1,0,1,0
P0DMB1,25,0,25,8,17,8
P0DPD5,36,0,36,25,11,25
P11229,31,0,31,11,20,11
P12525,27,0,27,11,16,11
P16118,31,3,28,14,20,11
P17735,30,0,30,15,15,15
P23470,133,4,129,70,67,66
P25063,11,0,11,8,3,8
P28838,42,11,31,17,34,8
P31942,28,10,18,15,23,5
P35548,32,5,27,17,20,12
P47884,23,0,23,16,7,16
P48147,44,4,40,30,16,28
P48745,20,0,20,12,8,12
P49190,39,0,39,32,7,32
P49918,26,5,21,14,17,9
P52738,43,3,40,28,18,25
P56645,164,12,152,82,92,72
P78357,87,1,86,54,34,53
Q01826,69,9,60,37,41,28
Q05682,72,30,42,33,51,21
Q12923,319,46,273,150,197,122
Q12934,39,0,39,21,18,21
Q13126,16,1,15,9,8,8
Q14003,33,1,32,17,17,16
Q14206,11,0,11,4,7,4
Q14686,263,24,239,122,159,104
Q14738,49,10,39,27,32,17
Q16288,52,0,52,38,14,38
Q16385,10,3,7,4,9,1
Q3ZCT1,31,2,29,21,8,23
Q4G0S7,17,1,16,7,11,6
Q587I9,9,1,8,5,5,4
Q5TAH2,81,2,79,54,25,56
Q6DKK2,17,0,17,13,4,13
Q6GMV3,3,0,3,2,1,2
Q6GPI1,21,0,21,16,5,16
Q6IF42,21,0,21,20,1,20
Q6P1W5,50,0,50,25,25,25
Q6P9A1,66,0,66,37,29,37
Q6PH85,11,0,11,8,3,8
Q6PIL6,16,1,15,9,6,10
Q6S545,45,0,45,33,12,33
Q6V1X1,62,1,61,36,27,35
Q6ZMU1,39,1,38,29,9,30
Q6ZNC8,30,0,30,20,10,20
Q6ZNG0,30,0,30,24,6,24
Q6ZVE7,4,0,4,4,0,4
Q86X52,55,0,55,24,31,24
Q8IVS2,26,1,25,15,12,14
Q8IX03,149,24,125,80,87,62
Q8IZ81,15,0,15,12,3,12
Q8N5I4,19,0,19,13,6,13
Q8N6Y2,23,1,22,10,14,9
Q8N912,5,0,5,1,4,1
Q8NB46,74,7,67,43,36,38
Q8NC01,25,0,25,15,10,15
Q8NDW8,68,0,68,38,30,38
Q8NEJ9,45,17,28,19,41,4
Q8NHG7,6,2,4,3,3,3
Q8WXF1,27,9,18,12,24,3
Q95460,19,0,19,14,5,14
Q969R2,118,12,106,56,70,48
Q969X5,18,0,18,11,7,11
Q96A99,35,0,35,9,26,9
Q96J84,66,12,54,31,45,21
Q96Q42,171,20,151,106,83,88
Q96RQ3,52,4,48,22,30,22
Q96SC8,40,0,40,8,32,8
Q99612,50,7,43,23,30,20
Q9BRK5,22,3,19,11,14,8
Q9BS92,14,0,14,8,6,8
Q9BTF0,35,1,34,20,16,19
Q9BYZ2,34,2,32,20,14,20
Q9H1Y3,30,0,30,17,13,17
Q9H2X9,86,4,82,54,36,50
Q9NRX1,9,1,8,5,5,4
Q9NWS9,41,9,32,27,17,24
Q9NXV2,19,3,16,11,9,10
Q9NZM5,28,6,22,15,19,9
Q9P267,199,9,190,100,108,91
Q9UMX9,37,1,36,27,11,26
Q9UNU6,33,3,30,23,7,26
Q9UPM9,13,1,12,5,9,4
Q9Y330,35,0,35,20,15,20
A0A075B6J1,20,0,20,9,11,9
A0A0A0MS14,11,0,11,7,4,7
A0A2R8Y4L6,27,0,27,24,3,24
A6NGU5,35,0,35,19,16,19
O00144,30,0,30,23,7,23
O00220,35,3,32,19,19,16
O00519,42,1,41,25,18,24
O43451,202,5,197,129,78,124
O75388,28,0,28,20,8,20
O75882,122,2,120,90,34,88
O76014,30,0,30,19,11,19
O95255,123,8,115,70,59,64
P01210,21,3,18,7,17,4
P02538,74,22,52,34,62,12
P02776,3,0,3,2,1,2
P02788,56,6,50,25,33,23
P05413,6,0,6,1,5,1
P08138,41,8,33,23,20,21
P08319,25,3,22,14,12,13
P0C1Z6,19,5,14,12,10,9
P0CI26,29,0,29,21,8,21
P0DMV1,15,0,15,11,4,11
P15884,118,12,106,51,73,45
P16333,42,12,30,24,28,14
P16455,11,1,10,9,3,8
P17980,17,2,15,8,11,6
P19387,23,4,19,14,11,12
P22223,44,1,43,21,22,22
P28749,106,24,82,54,76,30
P30519,14,4,10,6,12,2
P49840,56,14,42,34,26,30
P49915,43,4,39,25,20,23
P50416,60,6,54,39,25,35
P50502,24,8,16,10,18,6
P78348,30,2,28,22,10,20
P78381,31,3,28,18,14,17
Q00059,29,9,20,14,22,7
Q02383,82,8,74,34,56,26
Q05084,44,8,36,27,23,21
Q08380,56,4,52,35,25,31
Q13185,21,10,11,11,14,7
Q13508,21,0,21,14,7,14
Q13568,34,7,27,18,23,11
Q14139,70,4,66,36,38,32
Q14186,42,4,38,16,30,12
Q15070,31,1,30,16,16,15
Q15075,110,15,95,56,69,41
Q16280,30,0,30,15,15,15
Q16627,8,0,8,3,5,3
Q3KRA9,14,1,13,8,7,7
Q53S99,11,0,11,5,6,5
Q5T2E6,49,0,49,31,18,31
Q5TD94,62,4,58,26,40,22
Q5U5R9,55,1,54,30,24,31
Q5XKK7,29,7,22,12,24,5
Q68DW6,2,0,2,2,0,2
Q68G75,11,0,11,3,8,3
Q6L8G9,27,4,23,22,1,26
Q6P1M0,35,2,33,27,10,25
Q6PID6,19,2,17,9,12,7
Q6UB99,318,59,259,126,235,83
Q6ZN18,98,20,78,43,67,31
Q7Z6K1,37,0,37,22,15,22
Q86YQ8,41,1,40,20,22,19
Q8IVK1,6,0,6,5,1,5
Q8IYS0,79,7,72,34,50,29
Q8N490,24,1,23,14,11,13
Q8NCM8,318,9,309,185,130,188
Q8NEN0,78,1,77,39,38,40
Q8NGY9,22,0,22,19,3,19
Q8NGZ6,29,0,29,25,4,25
Q8TBZ5,45,2,43,29,14,31
Q8TD31,64,1,63,23,42,22
Q8WW01,11,1,10,9,1,10
Q92903,38,5,33,24,15,23
Q96IG2,32,3,29,17,18,14
Q96KQ4,111,17,94,47,81,30
Q96LM6,7,0,7,4,3,4
Q96LW2,23,0,23,15,8,15
Q96MY7,58,2,56,20,40,18
Q96RS0,106,23,83,46,77,29
Q99081,167,45,122,85,125,42
Q9BVK8,13,0,13,12,1,12
Q9BYE3,11,0,11,6,5,6
Q9C019,29,1,28,11,19,10
Q9H112,4,0,4,3,1,3
Q9H4Q3,51,3,48,22,30,21
Q9H6B9,28,0,28,19,9,19
Q9H8Y8,56,9,47,33,30,26
Q9HB15,34,2,32,19,17,17
Q9HBU1,13,1,12,6,8,5
Q9HCE1,68,11,57,29,50,18
Q9NRW3,10,0,10,6,4,6
Q9NZH6,20,0,20,11,9,11
Q9UGM5,39,2,37,22,19,20
Q9UJ70,27,3,24,18,10,17
Q9UJY4,63,11,52,33,35,28
Q9UK76,38,18,20,19,37,1
Q9UPZ9,69,5,64,27,47,22
Q9Y6R1,101,21,80,60,62,39
A0A0A0MT76,2,0,2,2,0,2
A0A0J9YY99,11,0,11,8,3,8
A4FU49,59,2,57,10,51,8
A6NGZ8,9,0,9,3,6,3
A6NHQ2,16,0,16,9,7,9
A6NNH2,37,2,35,13,26,11
B3EWF7,19,0,19,9,10,9
O00476,46,0,46,30,16,30
O00762,13,2,11,8,7,6
O14960,9,0,9,9,0,9
O43692,17,0,17,13,4,13
O43914,9,1,8,5,5,4
O60293,259,62,197,128,179,80
O75762,70,6,64,46,26,44
O94986,147,16,131,79,82,65
O95197,152,20,132,78,86,66
O95202,51,7,44,26,32,19
O96028,152,33,119,80,87,65
P00374,13,2,11,6,9,4
P01286,10,0,10,6,4,6
P0DPF7,6,0,6,3,3,3
P14151,27,0,27,19,8,19
P18405,12,0,12,8,4,8
P20718,14,0,14,11,3,11
P20810,115,46,69,57,64,51
P23760,54,3,51,27,30,24
P30556,26,3,23,18,9,17
P37268,30,1,29,18,13,17
P41226,58,5,53,34,29,29
P42772,3,0,3,1,2,1
P51572,16,4,12,6,10,6
P52333,95,10,85,55,38,57
P52747,44,1,43,25,20,24
P53365,22,3,19,13,12,10
P55017,75,2,73,53,24,51
P55058,38,1,37,23,16,22
P56696,63,2,61,38,27,36
P59282,12,1,11,4,9,3
P59536,29,0,29,24,5,24
Q02509,37,1,36,21,17,20
Q05BU3,1,0,1,0,1,0
Q12893,33,9,24,21,19,14
Q13561,27,5,22,17,15,12
Q14157,222,52,170,127,113,109
Q14194,47,11,36,25,31,16
Q15527,16,6,10,8,12,4
Q4G0N8,80,0,80,50,30,50
Q5T1Q4,30,0,30,22,8,22
Q5VT52,324,95,229,154,225,99
Q6ICL3,15,0,15,8,7,8
Q6PIV2,33,0,33,12,21,12
Q6UVW9,12,0,12,7,5,7
Q6UXN2,20,0,20,7,13,7
Q6ZNW5,20,0,20,11,9,11
Q6ZT52,18,0,18,7,11,7
Q6ZUI0,22,0,22,11,11,11
Q6ZV50,52,0,52,32,20,32
Q7Z2X7,6,0,6,2,4,2
Q7Z7B8,4,0,4,2,2,2
Q7Z7J7,17,0,17,11,6,11
Q86T03,13,1,12,6,8,5
Q86WV6,31,3,28,21,11,20
Q86XT4,31,0,31,17,14,17
Q8IUZ0,56,0,56,33,23,33
Q8IV20,27,0,27,15,12,15
Q8IWL8,13,0,13,8,5,8
Q8IZA3,33,0,33,5,28,5
Q8N7K0,58,1,57,42,15,43
Q8NGL6,20,0,20,17,3,17
Q8TDD1,72,18,54,37,53,19
Q8WU68,13,2,11,7,6,7
Q8WW33,14,1,13,7,8,6
Q8WYA0,46,4,42,19,31,15
Q92609,122,32,90,63,87,35
Q96EI5,15,6,9,7,14,1
Q96EX3,48,0,48,35,13,35
Q96IZ0,34,9,25,16,27,7
Q96M89,68,8,60,39,33,35
Q96PB1,62,0,62,43,19,43
Q96PL5,38,2,36,22,14,24
Q96SK2,78,16,62,43,51,27
Q96T75,8,0,8,6,2,6
Q99471,7,1,6,6,0,7
Q99748,9,0,9,5,4,5
Q9GZQ8,7,0,7,6,1,6
Q9H1E3,56,27,29,28,55,1
Q9H3W5,51,0,51,38,13,38
Q9H4T2,18,0,18,12,6,12
Q9H8X9,28,0,28,21,7,21
Q9HBI0,18,0,18,10,8,10
Q9HBL7,7,0,7,4,3,4
Q9UBK8,66,11,55,45,24,42
Q9UK10,65,5,60,42,28,37
Q9ULC4,6,1,5,4,3,3
Q9ULI1,151,5,146,105,45,106
Q9UPY3,176,24,152,102,94,82
Q9Y242,24,2,22,10,16,8
Q9Y4C0,144,3,141,69,74,70
Q9Y5F9,85,0,85,40,45,40
Q9Y6C2,82,3,79,33,50,32
A0A0A0MRZ9,20,0,20,14,6,14
A0A0C4DH72,15,0,15,10,5,10
A1KZ92,93,0,93,47,46,47
A1L1A6,13,0,13,7,6,7
A1L3X0,16,0,16,13,3,13
A5D8V7,34,2,32,15,21,13
A6NHY2,28,0,28,19,9,19
A6NM76,32,0,32,28,4,28
E2RYF6,327,0,327,301,26,301
O00238,38,1,37,19,18,20
O15066,61,11,50,31,35,26
O43164,109,28,81,54,63,46
O43566,80,24,56,38,60,20
O60499,21,7,14,8,14,7
O75420,119,33,86,58,84,35
O75694,137,18,119,76,61,76
P01764,15,0,15,9,6,9
P02656,14,3,11,6,9,5
P02763,6,0,6,4,2,4
P07339,39,4,35,23,18,21
P10914,34,1,33,20,15,19
P14678,4,0,4,3,1,3
P15260,72,16,56,40,34,38
P19235,49,0,49,33,16,33
P22694,24,8,16,14,18,6
P28566,31,0,31,18,13,18
P35462,34,6,28,23,17,17
P42330,31,10,21,17,24,7
P47756,30,7,23,19,16,14
P49841,35,9,26,18,14,21
Q01650,38,4,34,29,13,25
Q03405,26,0,26,19,7,19
Q06830,15,6,9,8,11,4
Q12829,24,2,22,11,15,9
Q12849,37,4,33,18,19,18
Q13794,2,1,1,1,2,0
Q14002,18,0,18,11,7,11
Q14137,69,11,58,37,41,28
Q14508,8,0,8,7,1,7
Q14678,156,25,131,81,86,70
Q14690,154,19,135,76,85,69
Q15825,27,1,26,23,3,24
Q16048,5,0,5,2,3,2
Q16825,116,19,97,50,85,31
Q495M9,45,2,43,13,32,13
Q53T94,43,0,43,25,18,25
Q562F6,163,31,132,86,96,67
Q5H9K5,62,0,62,37,25,37
Q5T5S1,33,0,33,17,16,17
Q6IPT2,12,0,12,6,6,6
Q6P4F7,171,45,126,78,116,55
Q6PD62,116,35,81,61,88,28
Q6QNK2,100,0,100,63,37,63
Q6UWT2,8,0,8,1,7,1
Q6UY09,65,0,65,38,27,38
Q6ZNG9,44,1,43,26,17,27
Q6ZVK1,16,0,16,13,3,13
Q7RTU7,15,0,15,2,13,2
Q7Z3E5,65,5,60,34,34,31
Q86UQ5,12,0,12,8,4,8
Q86XE5,20,0,20,6,14,6
Q8IUA7,121,1,120,78,42,79
Q8IVW8,42,1,41,30,13,29
Q8IXU6,28,2,26,22,6,22
Q8IYR2,59,0,59,35,24,35
Q8IZ96,10,1,9,6,5,5
Q8N6M3,20,0,20,10,10,10
Q8TB69,36,0,36,25,11,25
Q8TDP1,9,3,6,6,4,5
Q92902,58,0,58,34,24,34
Q93073,145,21,124,67,87,58
Q96A65,91,18,73,55,54,37
Q96AG4,14,3,11,6,11,3
Q96C23,16,2,14,8,8,8
Q96E66,14,0,14,7,7,7
Q96GF1,13,0,13,8,5,8
Q96HP8,17,0,17,10,7,10
Q96NG3,48,4,44,20,32,16
Q99549,85,28,57,43,70,15
Q9BUB4,51,9,42,26,24,27
Q9BUY5,50,1,49,37,12,38
Q9BZS1,40,3,37,19,22,18
Q9H1D9,24,1,23,15,10,14
Q9H3K2,24,0,24,16,8,16
Q9NVV2,8,0,8,3,5,3
Q9NWZ8,26,5,21,15,16,10
Q9NX58,32,9,23,16,25,7
Q9NZN9,16,0,16,10,6,10
Q9P265,163,30,133,102,75,88
Q9UBS4,15,2,13,7,10,5
Q9UBW8,15,2,13,5,10,5
Q9ULX9,13,2,11,6,7,6
Q9Y243,24,4,20,11,17,7
Q9Y253,83,6,77,43,44,39
Q9Y2K6,108,28,80,63,69,39
Q9Y334,69,0,69,39,30,39
Q9Y3Q8,67,25,42,31,57,10
Q9Y483,51,6,45,30,25,26
Q9Y5S8,47,2,45,30,17,30
A4D2B0,19,5,14,10,14,5
A6NNL5,9,0,9,7,2,7
B2RXH4,81,3,78,29,55,26
C9JLJ4,39,0,39,31,8,31
D6R901,39,0,39,33,6,33
E5RQL4,10,0,10,5,5,5
E9PQR5,28,0,28,9,19,9
I3L3R5,8,0,8,2,6,2
O14610,1,0,1,0,1,0
O15297,58,7,51,30,35,23
O15360,144,4,140,85,61,83
O75663,18,0,18,12,6,12
O95163,118,12,106,71,55,63
P01137,28,0,28,20,8,20
P0C7P3,67,0,67,37,30,37
P0CW19,5,1,4,2,4,1
P0DJD7,44,0,44,37,7,37
P16444,30,0,30,22,8,22
P17480,86,21,65,36,63,23
P20231,13,2,11,11,2,11
P21583,32,1,31,17,16,16
P22059,76,18,58,40,42,34
P23352,62,0,62,36,26,36
P28476,41,2,39,23,20,21
P35354,34,0,34,18,16,18
P40879,55,1,54,32,22,33
P43250,26,3,23,13,14,12
P49767,31,1,30,13,19,12
P49959,89,29,60,48,58,31
P62241,14,5,9,6,9,5
P63124,7,0,7,6,1,6
Q00403,28,5,23,16,15,13
Q02045,9,0,9,3,6,3
Q03014,30,5,25,13,22,8
Q03519,47,0,47,35,12,35
Q0D2K3,14,0,14,6,8,6
Q12857,85,24,61,42,59,26
Q13976,40,4,36,22,20,20
Q14008,167,26,141,89,96,71
Q14703,80,1,79,39,42,38
Q16478,82,0,82,42,40,42
Q16600,59,8,51,35,30,29
Q1ZZU3,21,3,18,10,14,7
Q3B7S5,4,0,4,2,2,2
Q495C1,35,2,33,20,17,18
Q56P42,8,0,8,5,3,5
Q5HY98,33,2,31,21,12,21
Q5T1C6,20,4,16,10,10,10
Q63HQ0,43,10,33,20,25,18
Q658Y4,101,18,83,59,46,55
Q6GMR7,27,1,26,16,12,15
Q6IF63,12,0,12,12,0,12
Q6P4A8,38,0,38,27,11,27
Q6SPF0,37,10,27,14,33,4
Q6UX98,10,0,10,8,2,8
Q6UXZ0,27,0,27,15,12,15
Q6VEQ5,37,0,37,29,8,29
Q7Z406,106,14,92,53,65,41
Q86UB2,54,2,52,23,33,21
Q86UK0,244,14,230,157,93,151
Q86VF7,135,5,130,73,67,68
Q86VM9,204,73,131,90,177,27
Q8IUX4,20,0,20,9,11,9
Q8IWR0,90,10,80,49,51,39
Q8IXA5,27,2,25,13,14,13
Q8IZ52,38,3,35,28,13,25
Q8N119,43,3,40,18,24,19
Q8N6G5,27,0,27,18,9,18
Q8N7S6,22,0,22,9,13,9
Q8NEQ6,12,0,12,4,8,4
Q8NFA0,164,31,133,93,100,64
Q8NFJ6,21,0,21,14,7,14
Q8NGC2,22,0,22,19,3,19
Q8NGG0,27,0,27,21,6,21
Q8TDR2,37,6,31,15,20,17
Q8WWH5,40,10,30,20,22,18
Q8WYQ4,11,0,11,3,8,3
Q92886,25,0,25,11,14,11
Q96DL1,25,0,25,18,7,18
Q96K75,41,0,41,28,13,28
Q96QS1,27,0,27,19,8,19
Q96RL7,236,11,225,140,107,129
Q96SB3,79,20,59,39,60,19
Q99700,238,65,173,111,190,48
Q99835,53,2,51,33,22,31
Q9BRF8,17,1,16,12,6,11
Q9BV99,24,1,23,9,16,8
Q9BXV9,3,1,2,1,3,0
Q9BZ68,20,0,20,5,15,5
Q9H205,22,0,22,17,5,17
Q9H3H9,10,0,10,3,7,3
Q9H4M9,27,4,23,14,17,10
Q9H6A9,236,31,205,117,136,100
Q9H813,32,3,29,16,19,13
Q9H9A7,73,15,58,39,45,28
Q9HCN6,35,0,35,23,12,23
Q9NTU7,18,0,18,8,10,8
Q9UK53,37,1,36,17,21,16
Q9UPP1,119,25,94,53,91,28
Q9Y620,77,4,73,35,38,39
A0A1B0GWI6,51,0,51,15,36,15
A0A494C0N9,12,0,12,3,9,3
A0PJX8,23,0,23,16,7,16
A1L167,13,0,13,3,10,3
A4QN01,3,0,3,3,0,3
A6NED2,24,3,21,14,13,11
A6NH57,9,0,9,8,1,8
A6NM10,18,0,18,15,3,15
A8MXY4,55,0,55,34,21,34
O00322,16,0,16,12,4,12
O43684,28,3,25,21,10,18
O95429,63,8,55,32,39,24
O95810,83,31,52,39,61,22
P08476,37,1,36,26,12,25
P08567,30,9,21,10,21,9
P0DJD4,70,0,70,19,51,19
P0DP04,12,0,12,6,6,6
P0DP73,1,0,1,1,0,1
P10826,37,1,36,16,22,15
P13928,27,2,25,13,14,13
P15515,5,1,4,3,1,4
P15622,48,3,45,33,18,30
P16473,51,0,51,32,19,32
P22748,25,2,23,16,9,16
P30047,3,0,3,1,2,1
P35070,7,0,7,2,5,2
P48382,66,14,52,26,52,14
P54710,2,0,2,0,2,0
P56180,37,1,36,23,15,22
P57789,37,0,37,17,20,17
P59047,93,0,93,57,36,57
P84095,7,0,7,2,5,2
Q00688,20,9,11,11,14,6
Q00987,99,34,65,52,73,26
Q04725,108,14,94,53,63,45
Q0VAM2,33,0,33,17,16,17
Q13029,240,33,207,106,163,77
Q13239,38,7,31,17,28,10
Q14526,58,12,46,28,42,16
Q15631,13,1,12,7,7,6
Q504Q3,93,6,87,49,48,45
Q5T1B0,61,2,59,34,29,32
Q5T1V6,53,12,41,29,26,27
Q5T2N8,21,3,18,14,6,15
Q5T6C5,83,7,76,38,52,31
Q5TG30,44,0,44,26,18,26
Q5VWK0,60,0,60,32,28,32
Q6P499,35,3,32,25,11,24
Q6WBX8,45,0,45,26,19,26
Q6ZP65,50,0,50,18,32,18
Q6ZSG1,23,0,23,10,13,10
Q6ZVH7,77,6,71,37,44,33
Q86W28,78,0,78,50,28,50
Q86YP4,92,29,63,47,68,24
Q8N2C7,323,6,317,132,197,126
Q8N4Z0,13,2,11,6,9,4
Q8N8K9,95,12,83,49,54,41
Q8N9Q2,26,10,16,12,22,4
Q8NG99,29,0,29,25,4,25
Q8NHY0,36,3,33,18,21,15
Q8NI28,16,0,16,8,8,8
Q8WXJ9,18,0,18,13,5,13
Q8WZ19,18,0,18,9,9,9
Q96AQ6,63,13,50,29,47,16
Q96B96,16,0,16,11,5,11
Q96F24,28,8,20,18,18,10
Q96G46,26,4,22,12,18,8
Q96L42,122,1,121,64,59,63
Q96M69,73,3,70,43,31,42
Q96NB1,12,2,10,6,8,4
Q96QK8,8,0,8,4,4,4
Q96S65,80,3,77,46,37,43
Q9BVA6,26,0,26,17,9,17
Q9BWT6,15,2,13,8,7,8
Q9BXI3,22,3,19,10,11,11
Q9BZ98,6,0,6,6,0,6
Q9BZF3,118,17,101,56,79,39
Q9C073,75,27,48,39,55,20
Q9H4X1,33,14,19,14,33,0
Q9H6W3,49,8,41,26,31,18
Q9H8W3,18,0,18,5,13,5
Q9HB75,59,2,57,43,18,41
Q9HBD1,137,16,121,75,70,67
Q9NXD2,80,8,72,47,41,39
Q9NYA3,42,1,41,15,28,14
Q9NZV1,68,2,66,46,24,44
Q9P086,8,0,8,3,5,3
Q9P1Y5,174,54,120,82,140,34
Q9P2Q2,174,36,138,79,121,53
Q9UBF8,93,14,79,49,56,37
Q9UIJ5,33,3,30,21,11,22
Q9ULH7,154,23,131,78,95,59
Q9UN19,24,3,21,15,10,14
Q9UNK9,50,5,45,33,20,30
Q9UPV0,187,29,158,80,124,63
Q9UQ35,1170,531,639,547,1136,34
Q9Y3F4,33,6,27,17,22,11
Q9Y5T4,14,3,11,4,13,1
Q9Y6I9,42,10,32,21,31,11
A0A087X1C5,24,0,24,12,12,12
A6NE01,182,6,176,84,104,78
A6NK06,38,0,38,23,15,23
A6NLE4,9,0,9,5,4,5
A8MUP2,17,0,17,12,5,12
B7ZAQ6,36,0,36,29,7,29
F5H4A9,18,2,16,8,10,8
O00308,60,2,58,33,27,33
O00754,58,0,58,32,26,32
O43921,12,0,12,9,3,9
O60583,132,24,108,66,74,58
O75381,54,15,39,26,33,21
O75581,157,24,133,84,95,62
O75594,14,1,13,9,6,8
O94979,122,13,109,73,58,64
P03952,52,0,52,33,19,33
P03971,35,5,30,15,23,12
P05107,48,2,46,29,19,29
P06746,22,3,19,11,14,8
P09884,94,7,87,56,41,53
P0CW27,45,0,45,10,35,10
P0DMS8,21,0,21,16,5,16
P14921,51,13,38,24,30,21
P16499,40,2,38,30,12,28
P16949,17,8,9,8,13,4
P17540,26,9,17,12,23,3
P21695,14,2,12,10,6,8
P22749,7,0,7,2,5,2
P22792,38,0,38,34,4,34
P25021,25,0,25,16,9,16
P25686,43,8,35,16,33,10
P30305,93,31,62,42,74,19
P31751,33,11,22,15,25,8
P33151,48,2,46,20,30,18
P33993,56,14,42,30,32,24
P35858,37,0,37,20,17,20
P42684,154,43,111,79,96,58
P42766,6,2,4,2,6,0
P43361,33,0,33,16,17,16
P51580,16,2,14,8,10,6
P51685,27,0,27,20,7,20
P54132,209,54,155,106,117,92
P61956,5,2,3,3,4,1
P68133,34,12,22,18,26,8
Q00653,93,28,65,43,66,27
Q14993,53,1,52,29,25,28
Q14D04,70,5,65,37,38,32
Q15024,25,4,21,14,15,10
Q15050,13,2,11,6,9,4
Q15424,166,65,101,80,123,43
Q16795,25,1,24,8,18,7
Q3T8J9,221,25,196,91,147,74
Q5R3K3,27,2,25,19,10,17
Q5T754,20,0,20,14,6,14
Q69YZ2,27,4,23,7,20,7
Q6DD88,43,6,37,28,19,24
Q6P1N0,61,17,44,29,43,18
Q6UQ28,21,0,21,13,8,13
Q719H9,19,1,18,12,8,11
Q76B58,68,0,68,41,27,41
Q7L8W6,14,0,14,9,5,9
Q8IUH5,31,0,31,22,9,22
Q8IYJ2,56,0,56,24,32,24
Q8IYN2,3,0,3,1,2,1
Q8N2R8,31,0,31,10,21,10
Q8N6F8,13,0,13,5,8,5
Q8N7U6,46,0,46,19,27,19
Q8NGE5,27,0,27,18,9,18
Q8TDQ0,21,3,18,12,8,13
Q8WY91,84,10,74,39,55,29
Q969J5,25,0,25,14,11,14
Q96AW1,7,0,7,5,2,5
Q96BT3,69,20,49,31,58,11
Q96DX5,23,3,20,12,14,9
Q96K19,12,0,12,8,4,8
Q96LI6,47,0,47,22,25,22
Q99250,170,13,157,118,63,107
Q99460,63,9,54,34,38,25
Q99698,395,39,356,223,209,186
Q9BSD7,11,1,10,7,5,6
Q9BXJ1,17,0,17,8,9,8
Q9BYS1,32,0,32,30,2,30
Q9H0P7,18,0,18,15,3,15
Q9H0X9,102,15,87,43,72,30
Q9H172,43,0,43,31,12,31
Q9H254,145,11,134,58,98,47
Q9H6K1,33,6,27,19,20,13
Q9HAS3,62,3,59,46,17,45
Q9HCN4,34,5,29,23,16,18
Q9NXR7,26,2,24,15,13,13
Q9NYA4,119,7,112,68,58,61
Q9NZ32,26,3,23,15,12,14
Q9P2R7,28,5,23,13,20,8
Q9UBD5,60,7,53,33,34,26
Q9UHE5,16,0,16,11,5,11
Q9UHP9,3,0,3,1,2,1
Q9UHV9,9,2,7,4,5,4
Q9Y4I1,116,15,101,62,67,49
Q9Y5X9,31,0,31,19,12,19
V9GZ13,3,0,3,1,2,1
A0A075B6K6,16,0,16,10,6,10
A0A075B6P5,18,0,18,14,4,14
A0A087WUM9,5,0,5,1,4,1
A0A087WV62,6,0,6,3,3,3
A0A0A0MT36,16,0,16,8,8,8
A4D2H0,62,0,62,28,34,28
A6NDH6,22,0,22,16,6,16
A6NJ46,21,0,21,8,13,8
A7E2F4,56,2,54,19,39,17
A8MWV9,13,0,13,8,5,8
O00221,44,9,35,16,37,7
O00429,57,10,47,30,35,22
O14966,23,5,18,9,17,6
O43823,64,15,49,29,42,22
O60637,10,0,10,7,3,7
O75843,54,7,47,27,32,22
O95150,18,0,18,9,9,9
O95905,67,16,51,36,33,34
P02647,22,6,16,11,15,7
P08709,30,0,30,13,17,13
P0C7Q5,28,0,28,24,4,24
P0C7V7,7,0,7,2,5,2
P0C874,124,2,122,71,55,69
P0CG01,11,0,11,8,3,8
P0CG41,70,4,66,28,46,24
P0DL12,12,0,12,1,11,1
P0DP42,17,0,17,12,5,12
P21217,29,0,29,10,19,10
P21741,4,0,4,3,1,3
P21926,9,0,9,7,2,7
P32314,55,0,55,22,33,22
P39687,21,9,12,11,17,4
P41597,13,0,13,11,2,11
P48556,24,3,21,14,13,11
P50226,15,1,14,9,7,8
P56730,61,0,61,35,26,35
P63211,3,1,2,1,3,0
Q05DH4,85,4,81,53,34,51
Q09428,115,4,111,75,42,73
Q12816,216,2,214,145,73,143
Q12908,25,0,25,23,2,23
Q14134,85,29,56,44,58,27
Q14146,130,2,128,92,40,90
Q14644,79,14,65,39,46,33
Q4KMQ1,81,18,63,28,61,20
Q5H9E4,25,0,25,17,8,17
Q6UW68,13,0,13,13,0,13
Q6ZMW3,131,1,130,68,62,69
Q6ZNL6,183,31,152,78,118,65
Q76G19,69,9,60,21,57,12
Q7Z6I8,19,4,15,9,12,7
Q86VH2,121,9,112,47,81,40
Q86WK9,20,0,20,18,2,18
Q8IUH3,48,6,42,21,33,15
Q8IV08,36,3,33,24,13,23
Q8IZF0,121,2,119,74,49,72
Q8N1W2,49,2,47,34,15,34
Q8N8Y2,13,0,13,7,6,7
Q8NA57,43,5,38,16,30,13
Q8NBI5,37,2,35,32,5,32
Q8ND25,33,8,25,15,24,9
Q8NEX6,2,0,2,2,0,2
Q8NGA4,18,0,18,12,6,12
Q8TBP6,24,0,24,17,7,17
Q8TD20,65,0,65,43,22,43
Q8TDM0,13,0,13,4,9,4
Q8TDN7,21,0,21,19,2,19
Q8TE85,54,3,51,26,29,25
Q8TED9,99,25,74,50,66,33
Q8TEU7,209,36,173,111,132,77
Q92576,267,62,205,126,197,70
Q92643,31,3,28,19,15,16
Q96AK3,20,1,19,12,9,11
Q96GJ1,36,2,34,22,16,20
Q96NY9,46,8,38,24,28,18
Q96RP8,25,1,24,21,5,20
Q9BSG1,47,2,45,23,26,21
Q9BXA9,154,17,137,78,91,63
Q9BXY8,4,0,4,2,2,2
Q9BZE7,9,0,9,4,5,4
Q9BZZ5,36,7,29,18,25,11
Q9C056,16,0,16,6,10,6
Q9GZR5,18,0,18,15,3,15
Q9H4E5,5,0,5,4,1,4
Q9H9Y6,74,3,71,42,29,45
Q9HAP2,97,8,89,50,55,42
Q9HBI5,7,0,7,4,3,4
Q9NPG4,103,4,99,57,50,53
Q9NQ76,53,1,52,16,38,15
Q9NQT6,39,1,38,27,11,28
Q9NRJ4,161,7,154,81,87,74
Q9NV79,26,2,24,16,12,14
Q9NZE8,16,0,16,10,6,10
Q9P243,101,4,97,42,59,42
Q9UEG4,94,12,82,61,43,51
Q9UK85,24,3,21,14,9,15
Q9ULK5,43,5,38,21,27,16
Q9UPG8,49,4,45,28,25,24
Q9Y2G7,28,0,28,18,10,18
Q9Y2Y6,18,1,17,12,7,11
A5X5Y0,35,1,34,27,9,26
A6NHQ4,30,4,26,13,21,9
E9PQX1,6,0,6,5,1,5
O15013,148,19,129,81,78,70
O15178,49,1,48,29,21,28
O15269,32,5,27,15,22,10
O15270,31,2,29,17,16,15
O75379,15,6,9,8,11,4
P01762,16,0,16,13,3,13
P04040,26,3,23,15,10,16
P09619,94,3,91,55,42,52
P0C7X2,13,0,13,4,9,4
P0CJ75,2,0,2,2,0,2
P13284,7,0,7,3,4,3
P14138,18,0,18,8,10,8
P17174,32,7,25,21,8,24
P23769,59,9,50,29,39,20
P26992,25,0,25,17,8,17
P28222,34,0,34,27,7,27
P48775,26,2,24,13,15,11
P51504,20,1,19,11,10,10
P51570,33,3,30,16,20,13
P53803,1,0,1,1,0,1
P55011,97,14,83,59,46,51
P56524,111,24,87,58,65,46
P59666,3,0,3,2,1,2
P62328,4,2,2,2,2,2
P80365,20,0,20,15,5,15
Q02083,21,0,21,10,11,10
Q02218,64,4,60,33,33,31
Q08499,108,32,76,53,63,45
Q12879,162,17,145,78,91,71
Q14565,15,0,15,10,5,10
Q14596,96,16,80,54,50,46
Q16560,8,1,7,1,8,0
Q16566,40,11,29,21,22,18
Q16880,32,1,31,21,12,20
Q1ZYL8,17,0,17,12,5,12
Q2M2E3,34,0,34,17,17,17
Q2TAM9,15,3,12,3,15,0
Q3MIX3,26,1,25,15,10,16
Q499Z3,33,0,33,18,15,18
Q4W5G0,44,1,43,24,19,25
Q5JUQ0,23,0,23,16,7,16
Q5T5D7,30,3,27,15,14,16
Q5VVP1,160,1,159,127,32,128
Q5VW36,156,1,155,99,58,98
Q5VXU3,19,1,18,9,11,8
Q6DHV7,26,0,26,20,6,20
Q6ISU1,26,0,26,10,16,10
Q6P656,17,0,17,10,7,10
Q6PGQ7,102,21,81,51,66,36
Q6UXD1,1,0,1,1,0,1
Q6ZN79,24,0,24,14,10,14
Q7Z5J4,286,70,216,128,226,60
Q7Z7F7,10,0,10,0,10,0
Q86UV5,73,5,68,43,35,38
Q8IVL6,35,1,34,16,20,15
Q8N0S6,33,3,30,18,18,15
Q8N1D0,18,0,18,12,6,12
Q8N3A8,109,14,95,49,74,35
Q8N4L4,26,0,26,16,10,16
Q8N8V4,42,8,34,17,29,13
Q8NFC6,433,79,354,208,290,143
Q8NFW1,66,0,66,28,38,28
Q8NGS2,28,0,28,24,4,24
Q96GD4,26,7,19,15,16,10
Q96H12,23,2,21,11,14,9
Q96II8,82,15,67,39,58,24
Q96J65,103,5,98,62,42,61
Q96KC2,11,0,11,4,7,4
Q96MG7,18,5,13,9,12,6
Q96P48,121,22,99,63,78,43
Q96P88,18,0,18,9,9,9
Q96RE9,50,2,48,30,20,30
Q96S96,11,0,11,4,7,4
Q96SQ9,22,0,22,13,9,13
Q9BPZ3,9,3,6,4,4,5
Q9BQ51,16,0,16,10,6,10
Q9BRQ8,28,2,26,16,14,14
Q9BSK1,45,2,43,21,26,19
Q9BTE1,14,2,12,8,8,6
Q9BUD6,35,0,35,19,16,19
Q9BWW4,40,3,37,21,22,18
Q9GZV7,16,0,16,11,5,11
Q9H1H1,9,0,9,2,7,2
Q9H5K3,24,0,24,16,8,16
Q9H5Z1,38,0,38,22,16,22
Q9HAS0,42,6,36,18,28,14
Q9HCU8,1,0,1,0,1,0
Q9NRL2,175,36,139,87,124,51
Q9P003,7,0,7,7,0,7
Q9UHE8,17,0,17,14,3,14
Q9UJ72,13,1,12,9,5,8
Q9UJW9,15,1,14,5,11,4
Q9Y2A7,102,9,93,69,34,68
Q9Y2M0,106,14,92,65,49,57
Q9Y2P8,28,3,25,13,14,14
Q9Y3D8,4,0,4,2,2,2
A2RTY3,31,1,30,15,17,14
A4D1Z8,7,0,7,5,2,5
A6BM72,82,0,82,64,18,64
A6NER3,3,0,3,1,2,1
A6NGS2,5,0,5,2,3,2
A8MTA8,16,0,16,6,10,6
I1YAP6,37,0,37,28,9,28
O15394,68,4,64,35,37,31
O60241,156,1,155,89,68,88
O60609,30,0,30,17,13,17
O60774,41,0,41,25,16,25
O60870,34,6,28,18,22,12
O75818,29,1,28,18,12,17
O94907,21,0,21,15,6,15
P01571,17,0,17,10,7,10
P02794,10,2,8,8,2,8
P04211,13,0,13,9,4,9
P07199,47,8,39,18,29,18
P08133,61,21,40,27,45,16
P10109,23,7,16,11,19,4
P18887,91,29,62,47,61,30
P23508,111,15,96,50,74,37
P31941,9,0,9,6,3,6
P43121,56,6,50,32,24,32
P43155,47,2,45,27,22,25
P48146,23,0,23,19,4,19
P48546,26,1,25,17,8,18
P50454,44,13,31,21,34,10
P52566,14,5,9,7,12,2
P53420,79,6,73,33,48,31
P55040,27,3,24,12,16,11
P55347,42,4,38,18,28,14
P63146,13,0,13,6,7,6
P63302,3,0,3,2,1,2
P78410,30,2,28,22,10,20
P98182,32,1,31,18,13,19
Q02817,319,4,315,224,95,224
Q03013,13,2,11,6,9,4
Q05315,11,0,11,7,4,7
Q08ER8,39,2,37,19,22,17
Q10589,10,1,9,5,4,6
Q13625,122,28,94,64,76,46
Q14990,24,0,24,17,7,17
Q15185,24,11,13,13,12,12
Q15822,37,0,37,22,15,22
Q2I0M4,23,0,23,16,7,16
Q2M3R5,25,0,25,20,5,20
Q4G0M1,20,0,20,11,9,11
Q56NI9,75,12,63,30,57,18
Q5SQS8,25,1,24,12,14,11
Q5T0U0,14,0,14,5,9,5
Q5VYX0,25,1,24,13,11,14
Q659C4,105,22,83,46,73,32
Q6DJT9,58,0,58,34,24,34
Q6IAN0,19,1,18,13,5,14
Q6UN15,82,26,56,41,57,25
Q6UXH8,22,0,22,9,13,9
Q6UXS0,10,0,10,6,4,6
Q7Z7G2,4,0,4,0,4,0
Q86UL8,114,10,104,54,68,46
Q8IYL3,48,13,35,24,35,13
Q8IZJ3,152,1,151,94,57,95
Q8N9N2,26,1,25,15,12,14
Q8NDV1,12,0,12,3,9,3
Q8NEU8,48,1,47,25,24,24
Q8WUX9,47,9,38,26,30,17
Q8WXA8,32,1,31,26,5,27
Q92611,42,0,42,24,18,24
Q93008,183,12,171,103,90,93
Q96BD6,11,0,11,8,3,8
Q96CX3,22,0,22,12,10,12
Q96I76,33,0,33,16,17,16
Q96KQ7,126,27,99,70,77,49
Q96MI6,28,0,28,16,12,16
Q96PE7,10,0,10,4,6,4
Q96SE0,22,1,21,15,6,16
Q99623,27,9,18,14,22,5
Q9BR11,37,1,36,24,14,23
Q9BRD0,121,52,69,56,115,6
Q9BRQ6,30,7,23,13,24,6
Q9BXS0,21,1,20,9,13,8
Q9BYD1,5,0,5,3,2,3
Q9BZQ6,71,3,68,35,35,36
Q9GZX7,12,3,9,8,7,5
Q9H019,48,13,35,23,36,12
Q9H094,55,2,53,33,22,33
Q9H5U6,35,2,33,26,11,24
Q9H999,24,0,24,13,11,13
Q9H9R9,13,3,10,6,10,3
Q9HBY8,25,2,23,12,15,10
Q9HCC9,83,6,77,39,48,35
Q9NQ66,107,17,90,46,74,33
Q9NQG1,4,0,4,1,3,1
Q9NRR5,79,11,68,39,51,28
Q9NUN7,15,1,14,12,2,13
Q9UGP8,58,14,44,33,33,25
Q9UK96,86,5,81,49,40,46
Q9ULM0,140,7,133,70,77,63
Q9Y575,38,1,37,24,13,25
Q9Y6D0,12,3,9,3,12,0
A0A0A0MS03,10,0,10,5,5,5
A0A494C030,17,0,17,5,12,5
A2RUQ5,15,1,14,9,7,8
A6NLC8,11,0,11,4,7,4
A8K0Z3,43,5,38,34,14,29
B4DH59,84,0,84,64,20,64
O00338,17,2,15,7,12,5
O15374,43,0,43,31,12,31
O60240,64,20,44,35,49,15
O60832,38,9,29,21,22,16
O75366,50,2,48,27,25,25
O75496,29,10,19,16,17,12
O95155,184,44,140,97,105,79
P02545,128,62,66,63,123,5
P0C1H6,13,0,13,5,8,5
P15104,22,4,18,16,10,12
P21860,120,21,99,68,65,55
P22680,28,1,27,16,13,15
P30613,39,5,34,18,26,13
P32189,44,0,44,31,13,31
P49427,14,3,11,7,10,4
P49768,47,14,33,30,27,20
P49798,24,0,24,15,9,15
P55345,25,0,25,13,12,13
P58166,25,0,25,13,12,13
P61952,3,0,3,1,2,1
P78332,114,25,89,42,91,23
P78337,43,6,37,23,24,19
P78383,17,0,17,14,3,14
P84090,6,1,5,3,4,2
Q0VFZ6,14,0,14,4,10,4
Q12836,53,0,53,35,18,35
Q13072,3,0,3,1,2,1
Q13686,32,3,29,20,13,19
Q13705,29,2,27,18,13,16
Q13885,45,15,30,26,32,13
Q15935,58,1,57,43,16,42
Q16719,19,1,18,14,4,15
Q16819,57,1,56,28,30,27
Q49MG5,85,16,69,39,52,33
Q4G1C9,15,0,15,10,5,10
Q5JUK3,106,1,105,61,46,60
Q5SXH7,61,3,58,22,42,19
Q5VZ89,293,72,221,157,180,113
Q68BL7,51,2,49,29,24,27
Q6NT52,13,0,13,5,8,5
Q6P2I3,13,1,12,9,3,10
Q6RW13,12,0,12,6,6,6
Q6UY13,10,0,10,8,2,8
Q6Y7W6,132,33,99,70,81,51
Q6ZNB5,27,0,27,18,9,18
Q6ZUT6,59,14,45,26,43,16
Q6ZUX7,14,0,14,8,6,8
Q71F23,71,22,49,30,53,18
Q7L9L4,10,2,8,6,4,6
Q7LFX5,42,3,39,24,21,21
Q7Z4N2,117,3,114,59,57,60
Q7Z624,20,1,19,12,9,11
Q86TY3,72,0,72,34,38,34
Q8IYM2,43,1,42,24,20,23
Q8N283,71,2,69,30,43,28
Q8N7R1,29,0,29,13,16,13
Q8NFW8,34,1,33,13,22,12
Q8NGH8,24,0,24,21,3,21
Q8NGI0,14,0,14,11,3,11
Q8NGJ3,20,0,20,18,2,18
Q8NGR1,32,0,32,25,7,25
Q8TBB1,71,10,61,35,44,27
Q8TF71,50,9,41,31,24,26
Q8WTR8,26,0,26,15,11,15
Q92696,31,0,31,19,12,19
Q96A83,26,0,26,14,12,14
Q96H86,30,3,27,15,16,14
Q96HA1,241,52,189,132,153,88
Q96M42,16,0,16,10,6,10
Q96MR7,17,0,17,4,13,4
Q96PV4,36,4,32,12,26,10
Q99417,2,0,2,1,1,1
Q99735,7,0,7,6,1,6
Q9BRT8,21,0,21,11,10,11
Q9BRU9,22,7,15,11,16,6
Q9BUK6,52,5,47,34,23,29
Q9BXR5,56,0,56,46,10,46
Q9BZJ6,30,0,30,24,6,24
Q9C0A0,141,4,137,92,53,88
Q9H2C8,33,0,33,25,8,25
Q9HD33,14,1,13,4,11,3
Q9NP80,74,5,69,32,43,31
Q9NT22,56,1,55,22,35,21
Q9NUU6,26,0,26,16,10,16
Q9NUY8,89,19,70,51,55,34
Q9NVN3,33,3,30,19,17,16
Q9NZU5,26,6,20,16,12,14
Q9P218,111,7,104,51,59,52
Q9P287,22,6,16,11,17,5
Q9Y2C5,48,0,48,32,16,32
Q9Y5A7,27,2,25,12,17,10
Q9Y696,19,5,14,9,15,4
Q9Y6M0,28,1,27,21,8,20
A0A0B4J1T7,9,0,9,5,4,5
A0A0B4J1V0,10,0,10,4,6,4
A0A1B0GV96,1,0,1,0,1,0
A0A1B0GVH6,38,0,38,8,30,8
A0A589,8,0,8,4,4,4
A1YPR0,30,4,26,17,17,13
A4FU69,116,1,115,53,64,52
A6NKK0,24,0,24,17,7,17
A8MV24,8,0,8,3,5,3
H0UI37,4,0,4,4,0,4
O00482,45,4,41,26,23,22
O14520,22,1,21,12,11,11
O14599,5,0,5,3,2,3
O15047,245,42,203,87,198,47
O43236,28,4,24,10,22,6
O75410,124,31,93,68,77,47
O75954,9,0,9,7,2,7
O94993,77,0,77,34,43,34
O95714,441,31,410,246,208,233
O95985,55,2,53,29,28,27
P02585,6,0,6,4,2,4
P05067,40,5,35,23,14,26
P0C221,34,0,34,14,20,14
P22612,18,0,18,11,7,11
P25106,36,3,33,24,15,21
P25786,25,9,16,13,19,6
P31025,9,2,7,4,7,2
P35226,38,9,29,20,27,11
P35998,15,1,14,8,8,7
P40616,10,0,10,5,5,5
P46939,288,48,240,140,164,124
P48230,8,0,8,5,3,5
P50406,37,0,37,18,19,18
P52565,23,8,15,13,16,7
P55317,74,13,61,49,36,38
P56880,20,0,20,14,6,14
P60880,11,2,9,7,4,7
P62341,15,1,14,10,6,9
P62508,45,3,42,21,27,18
Q01101,29,0,29,11,18,11
Q08629,31,0,31,18,13,18
Q13363,25,4,21,19,8,17
Q14142,26,0,26,11,15,11
Q14863,21,0,21,8,13,8
Q15046,25,5,20,13,17,8
Q15375,68,2,66,37,33,35
Q15486,10,0,10,10,0,10
Q15562,45,2,43,22,25,20
Q15761,48,1,47,32,17,31
Q16543,24,8,16,13,13,11
Q3Y452,12,0,12,6,6,6
Q3ZCM7,31,5,26,19,17,14
Q5TEC3,50,6,44,30,26,24
Q5VYS8,110,15,95,61,60,50
Q68DK2,265,23,242,144,140,125
Q6IEU7,28,0,28,21,7,21
Q6IMI4,20,1,19,15,4,16
Q6IQ16,31,0,31,20,11,20
Q6NT32,43,0,43,24,19,24
Q6NXR4,25,0,25,16,9,16
Q6UXA7,34,0,34,18,16,18
Q6ZNB7,39,2,37,28,9,30
Q6ZRF8,44,1,43,21,22,22
Q71RC1,25,0,25,9,16,9
Q7Z5L9,89,33,56,49,57,32
Q7Z7B0,107,8,99,45,70,37
Q86UN6,11,1,10,8,4,7
Q86VF2,94,0,94,45,49,45
Q8IUC6,80,7,73,39,46,34
Q8IZM9,38,0,38,34,4,34
Q8N2H9,42,5,37,21,26,16
Q8TBA6,91,13,78,41,63,28
Q8TDZ2,93,24,69,50,57,36
Q8TF72,326,82,244,149,255,71
Q8WTV0,42,0,42,27,15,27
Q8WWY6,18,1,17,10,9,9
Q93097,22,0,22,12,10,12
Q96F10,6,1,5,4,3,3
Q96JT2,35,0,35,27,8,27
Q96MD2,42,1,41,21,22,20
Q96RN1,106,2,104,72,34,72
Q9BYJ1,46,1,45,27,20,26
Q9BYV7,33,0,33,17,16,17
Q9H0B8,39,1,38,20,20,19
Q9H169,12,1,11,7,6,6
Q9H4G8,3,0,3,2,1,2
Q9H4M3,12,0,12,10,2,10
Q9H8W2,10,1,9,3,8,2
Q9HBW1,52,1,51,34,19,33
Q9NQX3,72,21,51,41,48,24
Q9NRE1,17,0,17,13,4,13
Q9NS93,44,1,43,33,10,34
Q9NTM9,23,1,22,11,13,10
Q9P015,9,2,7,4,7,2
Q9UFV1,20,1,19,10,11,9
Q9UJT2,53,2,51,27,28,25
Q9UKP4,129,4,125,69,60,69
Q9Y2V3,30,1,29,9,22,8
Q9Y463,57,8,49,28,35,22
Q9Y543,18,0,18,6,12,6
A0A075B7F0,11,0,11,8,3,8
A0A1B0GUW7,4,0,4,3,1,3
A0A1W2PPE3,9,0,9,3,6,3
A0A2R8YFL7,15,0,15,11,4,11
A7E2S9,13,0,13,5,8,5
C9JSJ3,74,0,74,17,57,17
O15197,87,0,87,51,36,51
O15503,23,0,23,16,7,16
O43353,73,22,51,36,39,34
O43464,39,6,33,19,26,13
O60258,12,0,12,1,11,1
O75074,62,0,62,32,30,32
O75712,14,1,13,12,3,11
O75915,9,1,8,7,3,6
O95214,4,0,4,2,2,2
O95343,27,0,27,15,12,15
P00739,15,0,15,11,4,11
P01374,20,0,20,13,7,13
P01703,15,0,15,9,6,9
P09668,23,1,22,13,11,12
P0CL83,11,0,11,7,4,7
P0DJI9,11,0,11,10,1,10
P13498,9,2,7,7,4,5
P22310,33,1,32,22,10,23
P26196,32,7,25,20,13,19
P26441,11,0,11,5,6,5
P29275,17,0,17,14,3,14
P43489,17,0,17,9,8,9
P49770,25,2,23,13,14,11
P51636,18,6,12,10,6,12
P56915,20,0,20,10,10,10
P58743,47,1,46,33,15,32
P78382,24,0,24,18,6,18
P98174,101,26,75,48,65,36
Q01664,32,6,26,13,21,11
Q02641,69,11,58,25,55,14
Q02952,276,110,166,139,193,83
Q06889,36,0,36,18,18,18
Q0ZLH3,29,0,29,13,16,13
Q12974,2,1,1,1,2,0
Q13145,20,0,20,13,7,13
Q13309,53,7,46,37,21,32
Q13639,24,1,23,16,9,15
Q14624,78,5,73,39,42,36
Q14896,83,6,77,46,43,40
Q14C86,205,57,148,106,130,75
Q2M1P5,104,10,94,39,75,29
Q3KR37,83,11,72,37,57,26
Q460N3,57,0,57,24,33,24
Q4V339,21,0,21,10,11,10
Q537H7,9,0,9,4,5,4
Q5D862,542,8,534,212,330,212
Q5HYM0,90,0,90,39,51,39
Q5SXM1,35,0,35,26,9,26
Q5T4F4,34,1,33,18,17,17
Q6UWM9,27,1,26,18,10,17
Q8IVH2,91,23,68,44,68,23
Q8IZ57,12,0,12,9,3,9
Q8N118,37,1,36,22,16,21
Q8N349,24,0,24,20,4,20
Q8N461,36,1,35,28,9,27
Q8NDB2,58,1,57,28,29,29
Q8NGC1,29,0,29,21,8,21
Q8NGT1,28,0,28,24,4,24
Q8NHB1,24,0,24,19,5,19
Q8TAD4,69,1,68,50,20,49
Q8TBE7,29,2,27,24,7,22
Q8WVJ9,22,4,18,9,17,5
Q92730,25,1,24,13,13,12
Q92847,26,0,26,16,10,16
Q96CG8,21,0,21,10,11,10
Q96GK7,12,1,11,8,3,9
Q96GM1,26,3,23,11,18,8
Q96RI9,29,0,29,18,11,18
Q96RL1,127,40,87,63,102,25
Q96SQ7,24,1,23,9,16,8
Q99439,35,13,22,17,29,6
Q9BY49,29,4,25,16,15,14
Q9C0B5,150,63,87,74,137,13
Q9H116,59,4,55,31,28,31
Q9H1K6,38,2,36,22,18,20
Q9H2C2,13,0,13,10,3,10
Q9H2L4,3,0,3,3,0,3
Q9H898,19,2,17,10,11,8
Q9HBE4,11,0,11,4,7,4
Q9HCE3,192,34,158,104,120,72
Q9NPI5,14,0,14,7,7,7
Q9NR82,108,10,98,49,67,41
Q9NUN5,40,2,38,23,19,21
Q9NVS9,20,4,16,11,13,7
Q9UL63,62,2,60,33,29,33
Q9ULT0,77,12,65,41,42,35
Q9UPC5,39,3,36,21,19,20
Q9UPR0,105,14,91,61,58,47
Q9Y222,77,2,75,42,35,42
Q9Y2Y4,45,0,45,19,26,19
Q9Y314,30,8,22,15,21,9
Q9Y5R2,27,0,27,12,15,12
Q9Y5U2,54,13,41,29,38,16
A0A075B6I6,16,0,16,12,4,12
A0A1B0GU33,6,0,6,4,2,4
A0A1B0GWH4,37,0,37,17,20,17
A0AVF1,28,0,28,19,9,19
A6NNV3,20,0,20,8,12,8
A8MWL7,6,0,6,4,2,4
O00151,43,17,26,24,14,29
O60811,33,0,33,22,11,22
O60813,25,0,25,22,3,22
O60844,17,0,17,6,11,6
O75356,27,0,27,15,12,15
O75391,21,8,13,12,11,10
O77932,26,0,26,15,11,15
O94876,73,14,59,40,45,28
O95678,77,16,61,38,53,24
P00740,29,2,27,18,11,18
P04062,40,0,40,16,24,16
P07203,11,2,9,5,8,3
P08397,22,3,19,12,11,11
P0CG36,15,0,15,9,6,9
P17931,13,2,11,8,7,6
P22001,51,4,47,27,26,25
P24310,6,2,4,3,5,1
P25054,592,160,432,264,430,162
P30043,15,6,9,7,14,1
P30084,16,4,12,8,10,6
P32856,18,0,18,7,11,7
P33763,8,0,8,3,5,3
P43632,32,0,32,23,9,23
P46091,28,1,27,21,8,20
P46199,38,1,37,24,13,25
P46439,9,0,9,5,4,5
P51522,37,0,37,25,12,25
P51948,16,4,12,11,7,9
P52907,19,4,15,14,9,10
P57073,46,5,41,19,32,14
P61626,7,0,7,5,2,5
Q14254,21,5,16,13,9,12
Q14444,82,21,61,49,44,38
Q14728,38,2,36,27,13,25
Q14CM0,135,4,131,65,74,61
Q15788,199,32,167,98,123,76
Q2TAK8,87,10,77,46,43,44
Q2VY69,57,1,56,38,20,37
Q5FWF4,79,4,75,32,47,32
Q5HYR2,18,0,18,9,9,9
Q5QFB9,8,0,8,8,0,8
Q5VWM3,35,0,35,16,19,16
Q5VZ66,34,1,33,12,23,11
Q5VZP5,169,5,164,67,107,62
Q68CP4,54,4,50,37,17,37
Q69YU5,1,0,1,1,0,1
Q6P4Q7,72,12,60,41,35,37
Q6T311,13,0,13,7,6,7
Q6ZT77,12,0,12,8,4,8
Q6ZVX9,24,0,24,17,7,17
Q70EK9,70,3,67,38,35,35
Q86TZ1,20,0,20,12,8,12
Q86VB7,112,1,111,81,32,80
Q86YB7,10,0,10,8,2,8
Q86YI8,30,0,30,12,18,12
Q8IUQ4,19,1,18,12,6,13
Q8N3L3,59,11,48,27,43,16
Q8N3Z0,31,2,29,12,19,12
Q8N436,40,2,38,27,15,25
Q8N668,19,3,16,9,9,10
Q8N743,34,0,34,19,15,19
Q8N7B6,33,5,28,15,23,10
Q8NBU5,26,4,22,12,18,8
Q8NEA5,16,0,16,10,6,10
Q8NEY8,92,37,55,46,81,11
Q8NG95,26,0,26,20,6,20
Q8NGX8,19,0,19,12,7,12
Q8TBF2,12,1,11,8,5,7
Q8TDC0,19,1,18,9,9,10
Q8WY50,17,0,17,11,6,11
Q8WZ82,19,3,16,11,9,10
Q96AZ6,12,0,12,4,8,4
Q96DA6,7,2,5,2,5,2
Q96DB2,17,0,17,7,10,7
Q96IW7,23,1,22,14,10,13
Q96SF2,29,0,29,20,9,20
Q9BVT8,20,4,16,15,9,11
Q9BY77,49,18,31,24,39,10
Q9C000,118,1,117,61,58,60
Q9GZZ1,6,1,5,2,5,1
Q9H211,55,15,40,31,39,16
Q9H5J4,16,0,16,14,2,14
Q9H799,314,6,308,168,150,164
Q9H7E9,21,6,15,12,7,14
Q9HBH1,11,0,11,8,3,8
Q9NU39,32,0,32,16,16,16
Q9UBR4,37,4,33,19,22,15
Q9UHD2,47,7,40,33,21,26
Q9UHG0,45,13,32,19,37,8
Q9ULR0,11,4,7,6,9,2
Q9UMN6,247,42,205,111,172,75
Q9UNE2,29,0,29,12,17,12
Q9Y375,27,1,26,11,17,10
Q9Y572,54,10,44,23,37,17
A0A075B7F1,13,0,13,10,3,10
A0A0B4J1V1,18,0,18,13,5,13
A0A0J9YY54,60,0,60,22,38,22
A0A1B0GVV1,5,0,5,4,1,4
A0JLT2,20,4,16,12,10,10
A6NFY7,5,0,5,0,5,0
A6NIM6,41,0,41,29,12,29
A6NJY4,4,0,4,4,0,4
O43613,35,0,35,19,16,19
O60543,16,0,16,7,9,7
O60671,21,0,21,8,13,8
O95402,89,26,63,45,66,23
O95750,17,0,17,8,9,8
O95968,1,0,1,1,0,1
P00367,49,12,37,23,36,13
P01825,18,0,18,12,6,12
P05000,16,0,16,12,4,12
P06756,73,1,72,40,32,41
P0C7P2,20,0,20,7,13,7
P0DI80,1,0,1,1,0,1
P18031,51,19,32,29,31,20
P22033,45,5,40,24,26,19
P22413,67,1,66,40,26,41
P23582,5,0,5,4,1,4
P26572,20,0,20,13,7,13
P29083,36,10,26,16,26,10
P42568,139,30,109,46,117,22
P43365,26,0,26,16,10,16
P58546,4,1,3,3,2,2
P60331,53,0,53,50,3,50
P61574,7,0,7,4,3,4
Q13469,142,50,92,65,101,41
Q13651,62,0,62,34,28,34
Q14533,46,5,41,28,23,23
Q14CZ0,27,3,24,15,15,12
Q15800,9,0,9,9,0,9
Q32MK0,53,4,49,22,35,18
Q3KNS1,75,0,75,49,26,49
Q3KNS6,35,1,34,24,12,23
Q49AJ0,153,7,146,84,76,77
Q4KMZ1,46,4,42,22,28,18
Q53GL0,46,10,36,25,31,15
Q5PSV4,30,4,26,12,18,12
Q5T848,128,7,121,64,67,61
Q5VZM2,34,2,32,21,13,21
Q63HQ2,93,7,86,54,46,47
Q63ZY6,29,3,26,16,16,13
Q6IPR3,14,1,13,5,10,4
Q6P5W5,55,0,55,33,22,33
Q6PF04,48,0,48,25,23,25
Q6PF06,21,0,21,11,10,11
Q6PI26,53,2,51,19,36,17
Q7KZN9,28,0,28,18,10,18
Q7RTY8,84,0,84,58,26,58
Q7RTY9,26,0,26,16,10,16
Q7Z5P4,18,1,17,13,6,12
Q7Z7A1,168,13,155,64,111,57
Q86VR2,64,23,41,35,48,16
Q86WV1,30,1,29,17,14,16
Q8IUD6,52,5,47,32,23,29
Q8IVP9,31,0,31,26,5,26
Q8IVU1,62,1,61,34,29,33
Q8IYS5,22,0,22,14,8,14
Q8N3P4,135,18,117,78,69,66
Q8N4L8,22,0,22,5,17,5
Q8N573,117,31,86,55,85,32
Q8N720,59,5,54,34,28,31
Q8N9Z0,31,0,31,18,13,18
Q8NA77,10,0,10,4,6,4
Q8NG76,23,0,23,22,1,22
Q8TCT9,29,4,25,20,13,16
Q92782,15,0,15,10,5,10
Q96A56,26,0,26,14,12,14
Q96BS2,13,0,13,6,7,6
Q96DW6,21,0,21,13,8,13
Q96ID5,33,3,30,16,18,15
Q96J94,47,1,46,22,26,21
Q96K78,74,3,71,42,31,43
Q96MW7,53,5,48,25,33,20
Q99742,52,0,52,28,24,28
Q9BSF8,66,12,54,27,49,17
Q9BTE6,25,1,24,17,9,16
Q9H306,24,0,24,19,5,19
Q9H4A6,16,4,12,8,10,6
Q9H4K1,15,0,15,2,13,2
Q9H6R0,55,9,46,26,30,25
Q9H8Y1,62,2,60,30,32,30
Q9NTI5,146,38,108,81,103,43
Q9NUQ8,58,10,48,28,36,22
Q9NVP2,12,1,11,8,5,7
Q9NWN3,84,1,83,39,44,40
Q9NXT0,46,0,46,30,16,30
Q9P215,39,4,35,22,21,18
Q9UHL0,31,2,29,20,13,18
Q9UK99,31,0,31,19,12,19
Q9UL49,34,2,32,16,18,16
Q9UQC9,80,0,80,48,32,48
Q9Y279,35,2,33,18,17,18
A0A0C4DH28,15,0,15,6,9,6
A0A2R8YFM6,21,0,21,18,3,18
A0A494C086,28,0,28,7,21,7
A0A5F9ZGZ6,41,0,41,17,24,17
A0A5F9ZH02,2,0,2,2,0,2
A1L168,12,0,12,3,9,3
O00425,47,12,35,27,30,17
O15403,47,6,41,31,22,25
O43364,44,2,42,21,25,19
O43765,29,6,23,16,13,16
O60704,18,0,18,9,9,9
O75167,74,11,63,33,48,26
O75339,80,1,79,41,40,40
O75503,13,0,13,8,5,8
O95070,24,2,22,15,11,13
O95980,91,1,90,63,29,62
P0DO92,10,0,10,2,8,2
P11362,80,7,73,39,46,34
P12036,136,49,87,64,121,15
P15735,26,2,24,12,14,12
P17787,30,0,30,24,6,24
P20073,46,6,40,25,27,19
P20594,65,6,59,43,28,37
P29372,24,4,20,14,12,12
P31391,20,0,20,14,6,14
P35080,6,1,5,3,4,2
P50402,68,30,38,33,49,19
P58505,17,0,17,6,11,6
Q01449,12,2,10,5,9,3
Q02985,28,0,28,21,7,21
Q03188,171,55,116,78,114,57
Q05655,57,20,37,30,35,22
Q07011,21,0,21,12,9,12
Q13136,163,55,108,74,132,31
Q13201,109,3,106,52,60,49
Q14004,255,67,188,111,195,60
Q14188,51,7,44,28,30,21
Q15431,65,1,64,24,42,23
Q16254,63,8,55,27,40,23
Q2VPJ9,24,0,24,16,8,16
Q32P44,107,13,94,51,65,42
Q3LIE5,24,0,24,12,12,12
Q58F21,102,6,96,38,66,36
Q5TBA9,322,31,291,192,147,175
Q5W041,70,2,68,30,42,28
Q68CZ6,46,3,43,23,26,20
Q6N075,36,0,36,27,9,27
Q6NVU6,10,0,10,5,5,5
Q6P4F1,37,0,37,22,15,22
Q71RH2,14,0,14,11,3,11
Q7Z3Z4,77,2,75,37,42,35
Q86XN7,154,1,153,99,56,98
Q8N3Y1,45,3,42,28,18,27
Q8N431,27,0,27,12,15,12
Q8N4Y2,19,0,19,6,13,6
Q8N9Z2,19,3,16,12,10,9
Q8NCA9,27,3,24,17,11,16
Q8NCY6,26,8,18,14,12,14
Q8NEE6,62,0,62,42,20,42
Q8NGY5,23,0,23,17,6,17
Q8NHY2,103,5,98,49,59,44
Q92982,9,0,9,3,6,3
Q96G27,21,0,21,10,11,10
Q96HS1,19,3,16,8,14,5
Q96I34,37,10,27,17,28,9
Q96QD5,50,10,40,27,31,19
Q96R48,25,0,25,22,3,22
Q9BRB3,53,0,53,37,16,37
Q9BT49,28,5,23,15,18,10
Q9BUG6,53,7,46,23,35,18
Q9BWM5,53,2,51,28,23,30
Q9C0F3,43,1,42,28,14,29
Q9H227,27,0,27,14,13,14
Q9H3Z4,15,4,11,9,10,5
Q9H5J8,36,8,28,13,31,5
Q9H777,20,1,19,8,13,7
Q9HC77,144,30,114,66,104,40
Q9NPC6,20,2,18,7,15,5
Q9NQ03,25,0,25,11,14,11
Q9NQG5,34,8,26,19,21,13
Q9NS69,9,2,7,5,6,3
Q9NVD7,33,12,21,20,23,10
Q9NWM0,37,0,37,20,17,20
Q9NYH9,42,3,39,18,27,15
Q9NZU7,33,2,31,17,16,17
Q9P0K1,89,16,73,49,46,43
Q9P1F3,2,0,2,0,2,0
Q9P1V8,48,1,47,15,34,14
Q9P1W3,57,3,54,41,13,44
Q9UBU6,38,7,31,20,25,13
Q9UJ99,69,3,66,34,34,35
Q9UJW8,70,2,68,46,26,44
Q9UMR7,23,0,23,14,9,14
Q9Y2G9,118,3,115,58,63,55
Q9Y3C8,3,0,3,0,3,0
Q9Y5L0,54,1,53,37,18,36
Q9Y6H1,9,2,7,5,2,7
A0A087WSY6,14,0,14,9,5,9
A0A1B0GW64,7,0,7,1,6,1
A0A1W2PPL8,9,0,9,4,5,4
A0A1W2PR75,9,0,9,4,5,4
A0A2R9YJI8,20,0,20,14,6,14
A0A494C0Y3,12,0,12,3,9,3
A1A4V9,20,1,19,7,12,8
A8MV81,6,0,6,1,5,1
B2CW77,14,1,13,7,8,6
K7EJ46,5,0,5,3,2,3
O00141,32,5,27,18,15,17
O15069,170,13,157,73,110,60
O15551,14,3,11,9,8,6
O60522,168,1,167,90,79,89
O75711,2,0,2,1,1,1
O95396,31,4,27,17,18,13
O95969,5,0,5,3,2,3
P01700,19,0,19,14,5,14
P02743,19,1,18,10,10,9
P02786,69,15,54,41,33,36
P04085,15,0,15,4,11,4
P07101,44,6,38,20,30,14
P08240,56,14,42,32,34,22
P0C870,16,0,16,9,7,9
P0DN86,13,0,13,6,7,6
P10153,7,0,7,5,2,5
P11245,15,0,15,14,1,14
P15927,38,13,25,20,17,21
P17535,41,12,29,21,24,17
P36959,26,2,24,14,14,12
P50748,186,9,177,126,57,129
P51659,60,9,51,36,33,27
P51795,60,1,59,39,22,38
P57775,35,0,35,18,17,18
P78396,27,0,27,17,10,17
P98175,130,36,94,59,89,41
Q00537,64,15,49,30,49,15
Q02078,83,16,67,42,51,32
Q05397,106,25,81,60,63,43
Q07869,41,5,36,23,17,24
Q08426,52,6,46,24,32,20
Q13283,41,15,26,22,24,17
Q13488,44,3,41,29,16,28
Q14116,16,1,15,9,8,8
Q15170,21,9,12,10,20,1
Q15406,43,1,42,17,27,16
Q15542,65,2,63,28,37,28
Q15811,144,28,116,75,85,59
Q16665,94,16,78,44,60,34
Q17RD7,88,2,86,33,55,33
Q2M2I5,67,3,64,27,43,24
Q2TAC6,87,0,87,31,56,31
Q3SY69,49,2,47,22,27,22
Q53EL9,82,0,82,47,35,47
Q5JQD4,3,0,3,1,2,1
Q5T0J7,6,0,6,3,3,3
Q5XG87,89,0,89,29,60,29
Q6NSI8,58,2,56,27,33,25
Q6UWL2,60,1,59,37,24,36
Q86UD0,27,0,27,11,16,11
Q8IZV2,21,4,17,14,5,16
Q8N149,57,0,57,27,30,27
Q8N6R1,2,0,2,2,0,2
Q8NCE0,42,8,34,18,30,12
Q8NGP8,29,0,29,21,8,21
Q8WWZ3,14,0,14,8,6,8
Q96AN5,30,0,30,15,15,15
Q96BR1,40,7,33,27,18,22
Q96BX8,9,2,7,6,3,6
Q96DH6,22,3,19,9,14,8
Q96EC8,17,0,17,8,9,8
Q96HH9,71,19,52,30,56,15
Q96MD7,16,3,13,8,9,7
Q96MG8,18,1,17,12,7,11
Q96N23,254,0,254,142,112,142
Q96P70,70,5,65,42,33,37
Q99541,52,8,44,23,33,19
Q99650,105,9,96,68,44,61
Q9BRJ2,18,2,16,8,12,6
Q9BSK0,7,0,7,4,3,4
Q9BZR8,36,5,31,21,20,16
Q9H0A0,83,16,67,46,51,32
Q9H788,45,11,34,21,33,12
Q9H7E2,73,16,57,33,56,17
Q9H9V9,28,0,28,19,9,19
Q9NQ86,76,17,59,38,41,35
Q9NTX7,43,0,43,12,31,12
Q9NUP1,20,4,16,9,13,7
Q9NV70,86,16,70,49,51,35
Q9NX78,51,2,49,40,9,42
Q9P2C4,43,4,39,26,21,22
Q9P2U7,44,0,44,29,15,29
Q9UKV3,245,94,151,102,229,16
Q9UPZ3,156,33,123,90,87,69
Q9Y285,45,8,37,24,23,22
Q9Y315,18,3,15,12,5,13
Q9Y3Z3,40,9,31,22,25,15
Q9Y4C5,26,0,26,10,16,10
Q9Y5H0,82,1,81,42,41,41
Q9Y5W7,65,9,56,34,38,27
A0A0C4DH69,15,0,15,9,6,9
A0A5B6,8,0,8,2,6,2
A6NCF5,33,0,33,16,17,16
A6NK89,41,0,41,15,26,15
A6NP11,39,2,37,29,12,27
B3KNS4,6,0,6,3,3,3
F8WFD2,24,0,24,13,11,13
O15439,104,12,92,62,48,56
O43520,72,6,66,52,26,46
O60330,83,1,82,42,42,41
O60504,88,26,62,40,62,26
O75443,166,2,164,112,52,114
O75509,73,11,62,40,44,29
O75841,10,0,10,8,2,8
O96019,31,2,29,15,18,13
P01569,16,1,15,7,10,6
P01854,49,0,49,31,18,31
P02100,14,5,9,7,8,6
P02652,11,4,7,7,8,3
P0C843,4,0,4,1,3,1
P11137,272,86,186,125,209,63
P23443,45,14,31,22,31,14
P23515,42,0,42,31,11,31
P23634,81,13,68,51,33,48
P24385,20,4,16,12,10,10
P35670,139,13,126,73,77,62
P41732,15,0,15,10,5,10
P45985,39,6,33,18,25,14
P46721,55,0,55,46,9,46
P48165,31,0,31,15,16,15
P51805,158,8,150,84,82,76
P52294,46,8,38,29,25,21
P54802,49,2,47,33,18,31
P55008,12,3,9,7,8,4
P61966,8,1,7,3,6,2
P68363,38,16,22,20,28,10
Q08116,18,0,18,12,6,12
Q09666,623,302,321,314,433,190
Q0VDF9,48,6,42,24,30,18
Q11206,20,0,20,8,12,8
Q12872,139,37,102,59,109,30
Q12899,33,5,28,19,19,14
Q13542,11,4,7,5,6,5
Q14761,23,4,19,10,15,8
Q14938,72,16,56,37,49,23
Q14CN4,48,1,47,20,29,19
Q15027,59,9,50,32,34,25
Q32P51,34,9,25,11,32,2
Q3SY52,46,1,45,29,18,28
Q4LE39,187,45,142,80,140,47
Q5JPF3,182,15,167,87,106,76
Q5K4E3,58,0,58,32,26,32
Q5SQI0,35,4,31,13,24,11
Q5T601,93,3,90,62,32,61
Q5TAA0,12,0,12,6,6,6
Q5VX71,44,0,44,30,14,30
Q6NXP2,26,0,26,12,14,12
Q7Z5Q1,55,0,55,29,26,29
Q86WU2,24,0,24,18,6,18
Q86YR5,54,12,42,26,38,16
Q8IVF7,65,5,60,32,38,27
Q8IWW8,33,1,32,18,14,19
Q8IWY4,66,0,66,37,29,37
Q8IX04,47,0,47,29,18,29
Q8N5W9,24,9,15,11,18,6
Q8NGN2,19,0,19,16,3,16
Q8TDD2,44,2,42,19,27,17
Q8WUH1,5,0,5,4,1,4
Q96BN6,83,2,81,37,48,35
Q96CW6,41,9,32,18,32,9
Q96GQ5,33,0,33,26,7,26
Q96KV6,54,0,54,29,25,29
Q96M27,53,10,43,27,28,25
Q96M34,59,0,59,20,39,20
Q96M93,59,2,57,19,42,17
Q96MC5,6,0,6,1,5,1
Q96P47,100,9,91,54,55,45
Q9BQI9,22,0,22,5,17,5
Q9BUK0,5,0,5,2,3,2
Q9BYV9,102,12,90,48,58,44
Q9BZL6,110,32,78,56,80,30
Q9NQ60,33,2,31,18,13,20
Q9NWS0,20,2,18,11,11,9
Q9NYZ3,153,55,98,77,123,30
Q9NZD4,4,0,4,3,1,3
Q9P2E8,38,2,36,19,21,17
Q9P2F8,221,33,188,113,137,84
Q9UBW7,157,27,130,86,94,63
Q9UHP3,77,4,73,33,46,31
Q9UHR4,64,20,44,32,50,14
Q9UHW5,25,4,21,15,10,15
Q9UJC3,47,5,42,25,25,22
Q9ULI4,213,19,194,91,139,74
Q9Y238,163,3,160,84,82,81
Q9Y2K1,75,14,61,39,48,27
Q9Y6D9,82,24,58,40,64,18
Q9Y6J0,231,31,200,108,148,83
Q9Y6W5,64,19,45,28,51,13
A0A0C4DH55,16,0,16,12,4,12
A2RU37,8,0,8,3,5,3
A6NKF2,23,0,23,8,15,8
C9JQI7,49,0,49,35,14,35
O00472,73,9,64,25,55,18
O15240,36,2,34,12,24,12
O15397,52,5,47,38,19,33
O43315,19,2,17,10,11,8
O43521,29,11,18,14,26,3
O60706,110,3,107,71,42,68
P04000,28,0,28,19,9,19
P04155,2,0,2,1,1,1
P06681,64,0,64,35,29,35
P07360,11,0,11,3,8,3
P08620,14,1,13,8,7,7
P08887,51,1,50,25,27,24
P0C2W7,13,0,13,8,5,8
P0CZ25,14,0,14,4,10,4
P10451,74,35,39,36,65,9
P14635,27,8,19,17,12,15
P17301,101,1,100,59,43,58
P18074,40,1,39,26,15,25
P21673,13,2,11,7,8,5
P22670,100,11,89,50,61,39
P28331,43,2,41,19,26,17
P32249,26,5,21,18,13,13
P35221,89,30,59,46,55,34
P48645,14,0,14,4,10,4
P49619,49,0,49,28,21,28
P53708,71,1,70,48,24,47
P56851,16,2,14,9,9,7
P57055,12,0,12,2,10,2
P61353,7,1,6,5,3,4
P62070,8,1,7,4,5,3
Q00610,107,25,82,58,50,57
Q07817,21,2,19,11,12,9
Q08AH3,47,3,44,29,21,26
Q13106,51,0,51,34,17,34
Q14681,16,2,14,8,10,6
Q14746,76,6,70,42,40,36
Q14814,77,19,58,49,45,32
Q15208,30,6,24,15,15,15
Q15833,44,5,39,22,25,19
Q16653,10,0,10,6,4,6
Q16667,18,2,16,12,8,10
Q16877,22,1,21,10,13,9
Q1MX18,46,0,46,28,18,28
Q3SYA9,56,0,56,24,32,24
Q5VZ18,59,6,53,21,44,15
Q63HM1,19,0,19,11,8,11
Q68D86,34,0,34,13,21,13
Q68DH5,47,3,44,29,21,26
Q68DU8,49,6,43,24,27,22
Q6NXT6,48,7,41,27,20,28
Q6P2M8,29,0,29,12,17,12
Q6P6C2,53,17,36,26,38,15
Q6X4T0,11,0,11,3,8,3
Q71RS6,43,0,43,32,11,32
Q7Z392,66,3,63,39,30,36
Q86VI3,79,7,72,46,38,41
Q86WI3,156,0,156,100,56,100
Q8IVC4,30,0,30,24,6,24
Q8N1W1,199,12,187,94,117,82
Q8NB66,236,9,227,112,131,105
Q8TBZ9,14,0,14,10,4,10
Q8TEW6,25,3,22,13,13,12
Q8WZA0,11,2,9,6,3,8
Q93033,101,3,98,57,43,58
Q96EL2,8,0,8,2,6,2
Q96FC9,65,4,61,45,24,41
Q96N22,45,0,45,29,16,29
Q96PC2,35,3,32,14,20,15
Q99624,40,3,37,33,10,30
Q9BR01,16,0,16,8,8,8
Q9BRU2,3,0,3,0,3,0
Q9BYJ9,72,9,63,35,42,30
Q9H204,12,0,12,8,4,8
Q9H3U5,28,0,28,25,3,25
Q9H9P2,19,1,18,14,6,13
Q9HBJ8,11,0,11,5,6,5
Q9HCI5,113,2,111,60,55,58
Q9NNZ6,9,0,9,4,5,4
Q9NQW5,42,0,42,17,25,17
Q9NR16,126,1,125,96,31,95
Q9NRR8,3,1,2,1,1,2
Q9NY37,40,0,40,28,12,28
Q9P016,22,5,17,8,19,3
Q9UBU8,18,0,18,8,10,8
Q9UBV7,19,0,19,11,8,11
Q9UKB5,47,3,44,18,32,15
Q9UKN8,66,5,61,38,31,35
Q9UKQ2,45,1,44,29,17,28
Q9Y234,23,1,22,17,7,16
Q9Y247,21,5,16,8,16,5
Q9Y291,5,0,5,0,5,0
Q9Y426,90,15,75,52,49,41
Q9Y580,57,19,38,27,47,10
Q9Y581,21,0,21,9,12,9
A0A075B6S9,17,0,17,11,6,11
A0A0K0K1B3,12,0,12,6,6,6
A0A8I5QKQ9,9,0,9,4,5,4
A2RU54,33,1,32,11,23,10
A6NDY0,15,0,15,8,7,8
A6NFY4,32,1,31,21,12,20
A6NJJ6,26,0,26,15,11,15
A6NNP5,16,2,14,7,11,5
A8MUH7,29,0,29,10,19,10
O00625,20,2,18,12,10,10
O14594,114,1,113,52,63,51
O14939,70,6,64,40,32,38
O15522,18,0,18,3,15,3
O43708,12,0,12,9,3,9
O75344,12,0,12,7,5,7
O95500,15,0,15,13,2,13
O96017,81,28,53,44,25,56
P01241,21,4,17,14,3,18
P02775,9,1,8,6,4,5
P08195,84,23,61,47,38,46
P0C0P6,9,0,9,7,2,7
P10827,43,4,39,19,28,15
P10828,31,3,28,14,16,15
P14091,40,0,40,23,17,23
P14784,51,3,48,29,25,26
P21145,9,0,9,9,0,9
P26715,23,0,23,14,9,14
P26842,20,0,20,11,9,11
P32927,97,3,94,45,55,42
P37235,15,3,12,7,9,6
P51452,16,4,12,9,7,9
P51786,29,0,29,22,7,22
P58418,13,0,13,12,1,12
P59543,23,0,23,19,4,19
P60985,6,0,6,6,0,6
P63098,13,4,9,6,9,4
P63272,10,0,10,6,4,6
P68402,7,1,6,4,4,3
Q02094,25,0,25,16,9,16
Q02750,40,11,29,21,18,22
Q15493,21,3,18,10,10,11
Q15643,202,39,163,91,136,66
Q16181,25,5,20,13,17,8
Q16850,27,0,27,18,9,18
Q17R89,86,7,79,36,57,29
Q495B1,30,1,29,15,14,16
Q52LR7,85,7,78,39,49,36
Q5T653,19,3,16,11,9,10
Q5TEZ4,3,0,3,2,1,2
Q5TI25,91,2,89,72,21,70
Q6MZN7,19,0,19,12,7,12
Q6NT04,41,1,40,22,20,21
Q6NW40,35,0,35,17,18,17
Q6U7Q0,30,0,30,24,6,24
Q6ZXV5,62,1,61,39,24,38
Q8IXM7,20,1,19,13,6,14
Q8IXT2,27,0,27,13,14,13
Q8N2I9,35,1,34,17,17,18
Q8N2S1,116,3,113,66,53,63
Q8N4E7,16,0,16,7,9,7
Q8N6Q3,37,0,37,23,14,23
Q8NCK3,40,1,39,15,26,14
Q8NGL0,27,0,27,23,4,23
Q8NH63,22,0,22,20,2,20
Q8NH69,26,0,26,22,4,22
Q8TAK5,26,0,26,14,12,14
Q8WUH2,46,3,43,28,19,27
Q92806,24,0,24,15,9,15
Q96A46,16,0,16,10,6,10
Q96CN9,64,9,55,27,40,24
Q96DN5,73,6,67,47,26,47
Q96GY0,40,11,29,22,27,13
Q96JM2,281,45,236,144,178,103
Q96RI8,32,2,30,22,12,20
Q96SD1,88,13,75,44,47,41
Q99536,23,6,17,13,16,7
Q9BQ16,33,1,32,20,12,21
Q9BVI0,106,19,87,45,78,28
Q9C009,28,1,27,9,20,8
Q9C030,33,0,33,27,6,27
Q9GZV4,11,2,9,7,6,5
Q9H0E7,66,5,61,37,32,34
Q9H267,45,1,44,31,15,30
Q9H2K8,66,10,56,38,38,28
Q9H808,63,2,61,26,39,24
Q9HBR0,60,6,54,42,20,40
Q9HBY0,40,0,40,31,9,31
Q9NQ38,60,0,60,22,38,22
Q9NQE9,11,2,9,7,4,7
Q9NRG4,26,1,25,16,11,15
Q9NX95,126,29,97,60,85,41
Q9P0L1,67,2,65,41,26,41
Q9P0M4,13,0,13,5,8,5
Q9P0Z9,21,0,21,12,9,12
Q9P2V4,47,0,47,25,22,25
Q9UJA9,28,0,28,19,9,19
Q9UQK1,28,2,26,19,11,17
Q9Y3C5,11,3,8,5,5,6
Q9Y4F3,208,25,183,112,121,87
Q9Y4U1,19,6,13,9,16,3
A0A075B6K2,11,0,11,8,3,8
A0A140TA62,42,0,42,29,13,29
A0A1B0GUA5,4,0,4,3,1,3
A0A1W2PRE2,9,0,9,8,1,8
A0A539,7,0,7,5,2,5
A0A576,7,0,7,5,2,5
A0AVI4,23,0,23,16,7,16
A2A368,32,0,32,14,18,14
A4QPH2,43,0,43,29,14,29
G2XKQ0,4,0,4,1,3,1
O00421,22,1,21,16,7,15
O00767,24,2,22,13,13,11
O14503,45,7,38,20,30,15
O43593,86,5,81,49,42,44
O75330,55,6,49,28,27,28
O76039,159,29,130,66,114,45
P01112,12,3,9,8,7,5
P02724,25,4,21,16,13,12
P13378,16,1,15,7,10,6
P23527,21,10,11,10,21,0
P23921,56,8,48,32,32,24
P31150,32,7,25,19,20,12
P31644,37,0,37,24,13,24
P45984,33,3,30,19,13,20
P51512,24,0,24,10,14,10
P53041,28,3,25,16,13,15
P53801,9,0,9,7,2,7
P60174,20,9,11,11,16,4
P69849,99,3,96,65,37,62
P81605,7,1,6,3,5,2
P82921,3,1,2,1,3,0
Q00534,26,8,18,16,12,14
Q01718,21,2,19,14,9,12
Q07108,22,0,22,15,7,15
Q13131,70,24,46,41,27,43
Q13203,42,0,42,22,20,22
Q14204,320,48,272,172,156,164
Q15120,28,1,27,13,16,12
Q15274,16,1,15,11,4,12
Q15286,12,3,9,6,7,5
Q15750,60,12,48,31,35,25
Q16537,42,8,34,25,25,17
Q16558,9,0,9,8,1,8
Q1ED39,57,21,36,26,50,7
Q5BKT4,33,1,32,25,7,26
Q5H9R4,219,0,219,85,134,85
Q5QJ74,40,4,36,22,22,18
Q5SZQ8,26,0,26,10,16,10
Q5TG53,9,0,9,3,6,3
Q6DKJ4,31,2,29,17,16,15
Q6P6B1,24,3,21,10,17,7
Q6R6M4,40,0,40,27,13,27
Q6ZQY2,31,0,31,15,16,15
Q6ZRI8,37,0,37,12,25,12
Q7Z4H8,28,0,28,9,19,9
Q7Z4L9,21,0,21,13,8,13
Q7Z6M2,46,0,46,31,15,31
Q86V35,10,0,10,8,2,8
Q8IW00,27,2,25,14,13,14
Q8IZF2,148,4,144,94,54,94
Q8N319,22,2,20,6,18,4
Q8N5J4,15,0,15,9,6,9
Q8N7H1,10,0,10,3,7,3
Q8NCQ3,4,0,4,2,2,2
Q8NCR9,27,0,27,22,5,22
Q8NDZ2,88,2,86,45,45,43
Q8NEX5,2,0,2,1,1,1
Q8TCU6,141,18,123,71,78,63
Q92508,153,11,142,95,63,90
Q92540,137,10,127,79,68,69
Q92681,81,3,78,40,42,39
Q96CC6,85,19,66,52,44,41
Q96L58,17,0,17,6,11,6
Q96M91,14,0,14,8,6,8
Q96PR1,42,1,41,18,25,17
Q99627,13,3,10,7,9,4
Q99747,16,4,12,8,12,4
Q9BT30,21,0,21,10,11,10
Q9BZ23,57,10,47,23,44,13
Q9H244,24,1,23,18,7,17
Q9H2S1,58,7,51,28,37,21
Q9H3P2,52,13,39,32,33,19
Q9H857,26,0,26,16,10,16
Q9HCK8,261,48,213,131,176,85
Q9HDB9,38,0,38,17,21,17
Q9NNX1,34,5,29,18,19,15
Q9NP59,42,0,42,30,12,30
Q9NQ31,17,0,17,6,11,6
Q9NSI2,21,5,16,7,17,4
Q9NVD3,37,1,36,20,16,21
Q9NXS2,20,0,20,11,9,11
Q9P2E9,100,25,75,47,76,24
Q9P2W6,10,0,10,5,5,5
Q9P2W9,34,10,24,17,23,11
Q9UMS5,80,9,71,33,56,24
Q9Y228,41,4,37,22,23,18
Q9Y241,7,2,5,4,3,4
Q9Y546,38,4,34,22,20,18
Q9Y5W5,15,0,15,11,4,11
A0A024RBG1,8,0,8,6,2,6
A0A0B4J1U3,18,0,18,10,8,10
A2RU49,31,0,31,19,12,19
A6NCN8,21,0,21,10,11,10
A6NGN4,26,0,26,24,2,24
O14490,148,32,116,68,108,40
O14841,84,5,79,48,41,43
O43172,39,3,36,22,20,19
O43251,25,0,25,13,12,13
O60216,56,23,33,28,29,27
O60423,94,4,90,62,34,60
O95159,20,0,20,13,7,13
O95835,132,23,109,57,90,42
P01242,19,0,19,14,5,14
P03905,41,0,41,33,8,33
P07332,66,9,57,36,35,31
P07358,49,0,49,29,20,29
P07864,33,4,29,20,17,16
P0DUD2,18,0,18,9,9,9
P14625,80,28,52,39,49,31
P21359,275,33,242,166,122,153
P25116,65,13,52,42,16,49
P28070,27,8,19,15,18,9
P29536,46,14,32,20,36,10
P35611,89,31,58,42,72,17
P41214,51,9,42,22,32,19
P50135,20,1,19,14,7,13
P51790,56,2,54,35,23,33
P51812,57,13,44,27,39,18
P52961,24,0,24,18,6,18
P57772,43,3,40,28,16,27
P58182,22,0,22,19,3,19
P62266,5,1,4,4,2,3
P84550,78,2,76,29,51,27
Q03154,21,0,21,9,12,9
Q04741,16,0,16,6,10,6
Q04771,36,1,35,26,11,25
Q13336,30,1,29,24,7,23
Q15051,47,8,39,25,28,19
Q15111,92,9,83,43,58,34
Q15628,21,2,19,8,15,6
Q2VPK5,38,3,35,27,14,24
Q3B7I2,5,0,5,4,1,4
Q5D1E8,68,13,55,34,41,27
Q5JXA9,28,0,28,14,14,14
Q5SV97,83,0,83,27,56,27
Q5T8R8,25,2,23,10,15,10
Q5VIY5,42,0,42,27,15,27
Q5W0B7,33,0,33,20,13,20
Q6ZW49,83,9,74,42,48,35
Q6ZWK6,38,0,38,19,19,19
Q702N8,153,0,153,63,90,63
Q86UC2,33,1,32,16,18,15
Q86WB0,103,38,65,58,79,24
Q8IW36,34,0,34,25,9,25
Q8IWF7,4,0,4,3,1,3
Q8N112,13,0,13,7,6,7
Q8N3J2,37,0,37,25,12,25
Q8N6C8,51,0,51,28,23,28
Q8N8N0,14,0,14,10,4,10
Q8NC96,30,3,27,11,18,12
Q8NGD1,15,0,15,14,1,14
Q8NGR2,37,1,36,29,9,28
Q8NGR4,25,0,25,19,6,19
Q8TEW8,118,25,93,49,92,26
Q8WWQ8,163,4,159,112,49,114
Q92558,52,9,43,23,38,14
Q92670,29,0,29,20,9,20
Q969P0,40,2,38,22,18,22
Q96BY6,207,22,185,129,98,109
Q96LK8,41,2,39,19,22,19
Q96RD9,112,0,112,57,55,57
Q96ST2,197,88,109,102,181,16
Q99645,14,0,14,9,5,9
Q9BWQ8,22,0,22,16,6,16
Q9BXL7,117,27,90,54,86,31
Q9BXL8,21,1,20,9,13,8
Q9GZM3,4,0,4,3,1,3
Q9H009,20,3,17,6,17,3
Q9H095,22,0,22,9,13,9
Q9H251,217,5,212,125,95,122
Q9H2C0,41,5,36,24,20,21
Q9H2I8,18,3,15,6,15,3
Q9HBX3,10,0,10,8,2,8
Q9NRD9,127,12,115,75,60,67
Q9NW13,61,17,44,28,50,11
Q9NWZ3,38,8,30,16,28,10
Q9P2K9,124,0,124,82,42,82
Q9UDY4,32,8,24,16,24,8
Q9UII6,10,0,10,7,3,7
Q9UKI2,45,12,33,20,37,8
Q9UKL6,12,0,12,6,6,6
Q9UKX5,92,1,91,50,43,49
Q9UM01,41,0,41,27,14,27
Q9UPW6,80,15,65,39,54,26
Q9Y2R2,119,16,103,67,60,59
Q9Y388,52,15,37,21,46,6
Q9Y5F0,68,2,66,45,23,45
Q9Y5U9,4,1,3,2,1,3
A0A1B0GVY2,22,0,22,18,4,18
A0JD36,5,0,5,5,0,5
A6NGG3,2,0,2,0,2,0
A6NMK7,6,0,6,5,1,5
A6PVL3,10,0,10,5,5,5
O00267,107,25,82,50,72,35
O14678,49,2,47,30,19,30
O14744,43,2,41,28,17,26
O14879,40,8,32,19,27,13
O15055,176,22,154,92,98,78
O43184,55,0,55,34,21,34
O43918,42,2,40,16,28,14
O60936,7,0,7,1,6,1
O75751,28,0,28,17,11,17
O75897,14,0,14,6,8,6
O76062,18,0,18,11,7,11
O95416,18,0,18,11,7,11
O95447,68,3,65,28,43,25
O95707,19,4,15,11,10,9
P02812,30,5,25,8,27,3
P04090,19,2,17,10,11,8
P04843,53,11,42,23,39,14
P05981,28,0,28,18,10,18
P0CJ85,23,0,23,10,13,10
P0CW20,4,0,4,1,3,1
P0DMV2,15,0,15,11,4,11
P0DPK5,5,0,5,1,4,1
P15151,40,3,37,28,15,25
P28221,37,2,35,24,15,22
P32455,44,5,39,26,23,21
P34059,25,0,25,14,11,14
P40261,24,3,21,13,14,10
P40692,81,13,68,42,48,33
P41594,123,6,117,51,78,45
P47872,32,0,32,24,8,24
P47992,8,0,8,4,4,4
P48547,29,4,25,15,16,13
P51825,219,24,195,88,151,68
P52736,59,1,58,32,28,31
P60368,49,0,49,46,3,46
P61225,16,3,13,8,11,5
P61289,20,7,13,11,10,10
P62995,76,29,47,31,74,2
P68106,3,0,3,1,2,1
Q08ET2,38,0,38,28,10,28
Q13200,71,14,57,40,33,38
Q14209,37,3,34,22,16,21
Q15047,164,41,123,69,112,52
Q16512,96,26,70,43,71,25
Q16822,41,6,35,21,26,15
Q5DX21,45,0,45,27,18,27
Q5F1R6,46,13,33,24,29,17
Q5VUJ6,80,10,70,37,53,27
Q68DA7,136,12,124,53,95,41
Q69YN4,193,25,168,102,112,81
Q6IPX3,13,4,9,6,11,2
Q6NUJ2,23,0,23,12,11,12
Q6PCE3,40,2,38,23,15,25
Q6Y2X3,57,6,51,23,38,19
Q6ZMM2,23,0,23,14,9,14
Q6ZST4,8,0,8,4,4,4
Q86SG4,10,0,10,3,7,3
Q86Y07,45,8,37,31,18,27
Q8IW70,51,0,51,24,27,24
Q8IZ07,41,4,37,26,15,26
Q8N0W3,61,0,61,42,19,42
Q8N158,45,0,45,23,22,23
Q8N807,44,0,44,23,21,23
Q8NBR0,32,0,32,11,21,11
Q8NE09,102,2,100,67,37,65
Q8NGX1,25,0,25,16,9,16
Q8NGZ2,29,0,29,26,3,26
Q8NHM4,18,0,18,14,4,14
Q8NHV5,7,0,7,7,0,7
Q8TC29,11,1,10,4,8,3
Q8TC99,29,1,28,21,9,20
Q8WUS8,21,0,21,9,12,9
Q8WWV6,52,0,52,21,31,21
Q8WZ69,17,0,17,13,4,13
Q96AZ1,11,0,11,9,2,9
Q96L46,16,0,16,5,11,5
Q96LT9,47,11,36,23,25,22
Q99643,12,0,12,8,4,8
Q99966,22,2,20,8,14,8
Q9BSF4,10,0,10,6,4,6
Q9BSK4,38,2,36,22,18,20
Q9BXX3,111,6,105,64,49,62
Q9BZM6,11,0,11,5,6,5
Q9H2J7,64,9,55,39,28,36
Q9HAJ7,16,4,12,7,11,5
Q9NQY0,16,2,14,11,7,9
Q9NRM2,21,0,21,9,12,9
Q9NTI7,23,0,23,9,14,9
Q9NUG6,2,0,2,1,1,1
Q9NW07,69,8,61,30,45,24
Q9NXF7,25,0,25,13,12,13
Q9NXP7,42,3,39,25,16,26
Q9NZQ7,12,0,12,8,4,8
Q9UBN4,83,4,79,49,38,45
Q9UPT5,65,6,59,35,36,29
A0A0C4DH30,13,0,13,8,5,8
A0A1W2PQ73,26,0,26,12,14,12
A0A1W2PR82,18,0,18,7,11,7
A0A1W2PRV1,13,0,13,6,7,6
A0A494C176,2,0,2,2,0,2
A0A8V8TMC4,23,0,23,10,13,10
A0AVT1,77,8,69,43,40,37
A6NI72,27,0,27,12,15,12
A6NND4,25,0,25,21,4,21
B1AKI9,43,0,43,19,24,19
E9PRG8,5,0,5,1,4,1
O00370,66,0,66,37,29,37
O15033,64,3,61,35,32,32
O75373,37,0,37,25,12,25
O75838,9,2,7,4,7,2
O95685,32,10,22,17,21,11
O96018,48,4,44,20,32,16
P08621,41,18,23,18,41,0
P11309,23,5,18,13,13,10
P13056,59,4,55,35,26,33
P15918,83,0,83,49,34,49
P20273,85,4,81,50,39,46
P24534,26,10,16,14,14,12
P25067,18,0,18,10,8,10
P30939,35,2,33,17,18,17
P42701,62,0,62,38,24,38
P51686,26,0,26,21,5,21
P56192,50,6,44,33,19,31
Q07507,13,0,13,9,4,9
Q13241,22,0,22,17,5,17
Q14213,21,0,21,16,5,16
Q15032,167,36,131,81,110,57
Q15546,11,1,10,8,4,7
Q17RH7,2,0,2,0,2,0
Q3C1V9,51,0,51,31,20,31
Q3LI67,4,0,4,4,0,4
Q499Y3,19,0,19,9,10,9
Q499Z4,37,2,35,24,15,22
Q49AR2,35,3,32,24,14,21
Q4G0U5,55,0,55,25,30,25
Q5BKY6,4,0,4,2,2,2
Q5JR59,148,9,139,51,104,44
Q5SNV9,100,0,100,50,50,50
Q5TA78,19,2,17,14,3,16
Q5TD97,21,0,21,19,2,19
Q5VZE5,40,0,40,17,23,17
Q6P1Q0,19,0,19,9,10,9
Q6PCB5,90,14,76,48,50,40
Q6UWX4,55,2,53,25,32,23
Q6UXH0,7,0,7,3,4,3
Q6ZQY7,9,0,9,4,5,4
Q6ZR54,18,0,18,7,11,7
Q6ZS49,16,0,16,7,9,7
Q6ZUS5,15,0,15,4,11,4
Q6ZUT4,10,0,10,6,4,6
Q6ZVU0,21,0,21,14,7,14
Q7Z304,60,1,59,34,27,33
Q7Z417,120,36,84,63,89,31
Q86TM6,44,3,41,23,24,20
Q86TU7,52,7,45,29,26,26
Q86VX2,14,0,14,9,5,9
Q86WR0,13,2,11,8,7,6
Q86X40,23,0,23,12,11,12
Q8IU89,22,1,21,14,9,13
Q8IWU5,56,3,53,27,30,26
Q8N660,57,0,57,49,8,49
Q8N6K4,12,0,12,6,6,6
Q8N815,23,0,23,10,13,10
Q8N859,30,1,29,14,17,13
Q8N9L7,11,0,11,7,4,7
Q8NBF4,18,0,18,10,8,10
Q8NCQ2,17,0,17,7,10,7
Q8NGN5,22,0,22,19,3,19
Q8NGV5,31,0,31,25,6,25
Q8TCH9,9,0,9,4,5,4
Q8TD30,35,1,34,19,17,18
Q92791,18,0,18,9,9,9
Q969N2,44,1,43,30,15,29
Q96D46,40,8,32,24,20,20
Q96IR3,2,0,2,2,0,2
Q96NL6,41,2,39,28,15,26
Q96PQ0,100,4,96,60,36,64
Q96TA1,81,28,53,42,59,22
Q99697,45,2,43,22,25,20
Q9BRP9,8,0,8,2,6,2
Q9BY43,7,0,7,4,3,4
Q9BZ71,126,17,109,63,80,46
Q9H114,13,0,13,9,4,9
Q9H299,4,0,4,2,2,2
Q9H3R0,96,7,89,51,52,44
Q9HAV0,33,2,31,26,9,24
Q9NP60,54,1,53,32,23,31
Q9NP79,18,1,17,12,5,13
Q9NQ29,45,10,35,16,39,6
Q9NU19,50,13,37,23,34,16
Q9UBD9,9,0,9,6,3,6
Q9UH64,7,1,6,3,5,2
Q9ULZ2,19,1,18,4,16,3
Q9Y5I4,92,3,89,45,48,44
A0A0U1RQS6,14,0,14,5,9,5
A0A494C1R9,15,0,15,13,2,13
A6NEM1,27,0,27,12,15,12
B3EWG3,1,0,1,1,0,1
O15260,16,2,14,11,5,11
O15304,13,1,12,9,5,8
O15375,41,1,40,37,5,36
O15466,24,1,23,17,8,16
O15534,191,25,166,88,118,73
O43303,134,27,107,70,77,57
O43463,19,1,18,11,9,10
O43542,27,2,25,10,19,8
O43930,14,0,14,7,7,7
O75038,156,15,141,67,104,52
O75147,107,4,103,67,42,65
O75881,32,1,31,18,15,17
O95600,46,3,43,28,21,25
P08294,18,3,15,9,12,6
P08700,5,0,5,3,2,3
P09914,24,2,22,13,13,11
P0CI25,28,0,28,21,7,21
P0DN80,25,0,25,21,4,21
P12644,31,1,30,14,18,13
P14859,122,21,101,66,63,59
P14866,60,20,40,30,50,10
P16619,8,0,8,5,3,5
P16671,32,0,32,22,10,22
P20908,72,2,70,28,44,28
P21941,46,0,46,21,25,21
P29728,52,6,46,27,29,23
P31274,21,0,21,15,6,15
P33032,26,0,26,18,8,18
P35219,15,1,14,7,9,6
P38432,91,22,69,43,66,25
P40925,30,9,21,18,19,11
P41181,18,2,16,13,7,11
P49642,35,6,29,18,23,12
P50221,22,0,22,13,9,13
P57729,12,2,10,6,8,4
P61201,25,1,24,14,12,13
Q16322,40,0,40,25,15,25
Q18PE1,64,0,64,29,35,29
Q4U2R8,35,0,35,25,10,25
Q5NDL2,29,1,28,16,12,17
Q5T4W7,22,0,22,8,14,8
Q6P179,76,0,76,51,25,51
Q6PF05,20,0,20,12,8,12
Q6UW15,25,0,25,13,12,13
Q6UX15,31,0,31,14,17,14
Q6ZN19,52,0,52,35,17,35
Q7Z3B1,30,0,30,20,10,20
Q86SP6,85,0,85,44,41,44
Q86VR7,95,0,95,44,51,44
Q86XL3,118,37,81,57,94,24
Q86Y37,27,0,27,18,9,18
Q8IX19,13,0,13,8,5,8
Q8IXX5,28,2,26,16,12,16
Q8N392,45,6,39,22,27,18
Q8N8R3,14,0,14,8,6,8
Q8N9K5,31,0,31,18,13,18
Q8N9R6,14,0,14,5,9,5
Q8NBV4,25,3,22,14,14,11
Q8NDZ6,31,0,31,20,11,20
Q8NGP2,30,0,30,26,4,26
Q8NH08,19,0,19,14,5,14
Q8NH53,16,0,16,10,6,10
Q8TB96,34,0,34,24,10,24
Q8TBR4,12,0,12,8,4,8
Q8TCC3,9,2,7,5,4,5
Q8TCT7,39,2,37,21,20,19
Q969S0,19,0,19,14,5,14
Q96A49,27,9,18,14,22,5
Q96AH0,14,0,14,9,5,9
Q96BY7,251,33,218,145,135,116
Q96D96,12,2,10,7,5,7
Q96HP4,24,1,23,14,11,13
Q96HR9,10,0,10,7,3,7
Q96LB3,43,6,37,17,32,11
Q9BVM2,11,1,10,6,6,5
Q9H0K6,46,5,41,32,19,27
Q9H324,93,4,89,45,50,43
Q9H7Z7,26,6,20,16,10,16
Q9HCG8,129,26,103,45,104,25
Q9HCZ1,50,6,44,32,18,32
Q9NTU4,21,0,21,8,13,8
Q9NWY4,13,0,13,4,9,4
Q9NYW7,21,0,21,19,2,19
Q9NZL3,61,3,58,43,21,40
Q9NZP8,41,2,39,22,21,20
Q9NZV5,59,2,57,44,17,42
Q9P0K7,148,39,109,78,109,39
Q9P2M7,161,71,90,90,138,23
Q9UP83,68,2,66,38,32,36
Q9UQ88,82,23,59,35,68,14
Q9Y3A4,24,3,21,14,13,11
Q9Y4H2,262,86,176,130,212,50
Q9Y5H9,99,2,97,59,42,57
Q9Y5Y3,28,0,28,16,12,16
Q9Y6B7,46,2,44,29,19,27
A0A087X0K7,8,0,8,4,4,4
A4D1E1,162,2,160,88,74,88
O00423,79,3,76,41,41,38
O00555,175,13,162,72,116,59
O15511,12,2,10,6,8,4
O43257,4,0,4,2,2,2
O43345,100,4,96,69,35,65
O43927,10,0,10,5,5,5
O60610,97,14,83,52,57,40
O75027,57,8,49,32,33,24
O75145,121,18,103,46,89,32
O75715,11,0,11,5,6,5
O95297,39,13,26,22,18,21
O95602,120,13,107,67,64,56
P01704,19,0,19,13,6,13
P01772,11,0,11,7,4,7
P01860,44,0,44,32,12,32
P04196,36,1,35,20,17,19
P04233,21,3,18,10,10,11
P09001,11,0,11,7,4,7
P0C264,18,0,18,6,12,6
P0DP74,1,0,1,1,0,1
P10909,45,11,34,20,32,13
P15144,77,2,75,42,37,40
P17342,38,2,36,15,23,15
P24821,153,14,139,96,69,84
P25942,15,0,15,10,5,10
P26232,76,14,62,43,43,33
P29966,55,24,31,28,43,12
P30559,34,5,29,19,20,14
P31946,30,12,18,15,27,3
P40394,23,1,22,15,9,14
P43628,33,0,33,23,10,23
P54252,35,5,30,19,17,18
P54803,45,0,45,29,16,29
P58170,22,0,22,16,6,16
P59095,23,0,23,11,12,11
P61576,7,0,7,4,3,4
Q05513,37,5,32,20,16,21
Q06609,17,1,16,11,5,12
Q08050,110,20,90,51,73,37
Q12933,42,6,36,22,24,18
Q12979,75,9,66,39,43,32
Q13112,71,18,53,42,35,36
Q14118,72,7,65,40,35,37
Q14155,110,25,85,54,57,53
Q15061,73,16,57,39,44,29
Q15506,9,0,9,3,6,3
Q15672,34,10,24,17,27,7
Q15695,41,1,40,8,34,7
Q16514,12,1,11,7,6,6
Q16647,30,0,30,17,13,17
Q27J81,139,34,105,72,97,42
Q30KQ4,8,0,8,5,3,5
Q32M45,53,2,51,33,22,31
Q32MH5,135,2,133,67,68,67
Q5SW79,337,128,209,159,256,81
Q5VSR9,5,0,5,2,3,2
Q5VTH2,22,1,21,8,15,7
Q6IEE8,42,0,42,27,15,27
Q6NSZ9,29,4,25,20,9,20
Q6P3X3,58,2,56,39,21,37
Q6UX40,12,0,12,12,0,12
Q6UXH1,28,3,25,20,7,21
Q6VVB1,22,0,22,15,7,15
Q709C8,348,31,317,185,168,180
Q86XI6,28,3,25,17,14,14
Q8IW41,31,4,27,16,19,12
Q8IWF9,24,0,24,12,12,12
Q8IXL6,39,1,38,18,22,17
Q8IXV7,21,1,20,14,6,15
Q8N8Q8,25,0,25,15,10,15
Q8NFR9,59,0,59,32,27,32
Q8NFV5,23,0,23,10,13,10
Q8TBP5,8,0,8,4,4,4
Q96CK0,48,3,45,18,33,15
Q96NA2,25,6,19,10,21,4
Q9BQE3,35,15,20,19,27,8
Q9BX67,19,1,18,10,10,9
Q9BX84,178,2,176,94,84,94
Q9BYS8,29,0,29,18,11,18
Q9BZW4,20,0,20,18,2,18
Q9GZV8,61,4,57,37,28,33
Q9H1U9,12,0,12,9,3,9
Q9H4P4,16,0,16,7,9,7
Q9H920,14,0,14,10,4,10
Q9NPC8,27,0,27,10,17,10
Q9NPJ1,50,0,50,42,8,42
Q9NQG7,71,5,66,36,36,35
Q9NS91,83,24,59,45,60,23
Q9NX09,38,4,34,17,25,13
Q9P1U1,18,1,17,12,7,11
Q9P270,145,50,95,62,127,18
Q9UDR5,60,3,57,31,30,30
Q9UIA9,100,5,95,62,41,59
Q9UKX7,72,26,46,40,52,20
Q9ULD9,216,33,183,93,152,64
Q9Y5E5,65,0,65,48,17,48
Q9Y5E9,68,0,68,51,17,51
Q9Y6N6,117,0,117,60,57,60
A0A1B0GWK0,10,0,10,6,4,6
A6NC97,24,0,24,11,13,11
B3KS81,192,13,179,29,176,16
O14967,39,8,31,24,21,18
O15529,26,0,26,21,5,21
O43374,62,4,58,33,33,29
O43815,83,16,67,44,49,34
O75367,40,12,28,22,20,20
O75880,15,2,13,4,13,2
O94817,11,2,9,6,7,4
O95994,12,3,9,7,6,6
P00846,11,0,11,10,1,10
P01344,10,0,10,4,6,4
P01619,15,0,15,10,5,10
P02461,73,2,71,27,44,29
P06239,42,14,28,22,26,16
P07737,15,7,8,7,15,0
P08631,46,7,39,25,22,24
P0CF74,13,0,13,6,7,6
P15336,71,14,57,36,41,30
P18669,18,7,11,8,11,7
P22303,34,0,34,22,12,22
P28300,27,0,27,13,14,13
P35606,72,11,61,45,30,42
P38484,32,2,30,19,13,19
P48995,63,0,63,40,23,40
P49674,44,11,33,22,33,11
P49914,14,1,13,5,10,4
P51606,13,1,12,10,4,9
P60763,8,0,8,4,4,4
P78536,67,6,61,37,32,35
P86397,8,0,8,6,2,6
P99999,3,1,2,2,2,1
Q00013,52,15,37,27,30,22
Q01658,20,7,13,12,7,13
Q02487,69,10,59,39,40,29
Q13216,38,0,38,26,12,26
Q13606,28,0,28,21,7,21
Q15369,9,1,8,6,4,5
Q1W4C9,4,1,3,2,1,3
Q2M3A8,22,0,22,5,17,5
Q2M3C7,251,18,233,119,148,103
Q2M3M2,52,2,50,35,19,33
Q2VWA4,83,0,83,35,48,35
Q5T4I8,11,0,11,9,2,9
Q5T7N8,9,0,9,1,8,1
Q5VSG8,32,2,30,19,15,17
Q5VU69,2,0,2,2,0,2
Q5VZI3,21,0,21,13,8,13
Q6NZ63,12,0,12,9,3,9
Q6PI73,52,0,52,29,23,29
Q6UX34,6,0,6,1,5,1
Q6UXY1,78,15,63,35,58,20
Q6W0C5,19,0,19,9,10,9
Q6ZVD7,97,7,90,32,64,33
Q71U36,33,13,20,17,23,10
Q7Z5Y7,28,2,26,13,17,11
Q7Z7A3,17,2,15,9,8,9
Q86WP2,62,14,48,29,47,15
Q86Y82,30,5,25,13,20,10
Q8IX15,58,4,54,31,31,27
Q8N104,1,0,1,1,0,1
Q8N307,134,2,132,30,106,28
Q8N5H7,112,23,89,50,83,29
Q8N7U9,12,4,8,6,6,6
Q8N895,50,0,50,26,24,26
Q8NFU5,35,4,31,14,23,12
Q8NG84,28,0,28,17,11,17
Q8NGM9,38,0,38,25,13,25
Q8WX94,55,1,54,33,23,32
Q92521,41,1,40,29,13,28
Q92535,23,0,23,20,3,20
Q92766,202,44,158,100,146,56
Q96DU9,21,1,20,12,10,11
Q96DX8,26,4,22,13,15,11
Q96LP2,40,1,39,13,26,14
Q96R84,26,0,26,20,6,20
Q99487,19,0,19,10,9,10
Q99677,31,0,31,21,10,21
Q99798,48,9,39,29,22,26
Q9BTY7,14,3,11,7,10,4
Q9BYT5,8,0,8,7,1,7
Q9BYV2,26,1,25,13,14,12
Q9H171,41,3,38,18,26,15
Q9H1L0,9,0,9,4,5,4
Q9H4Q4,27,0,27,19,8,19
Q9H568,33,4,29,23,8,25
Q9H5L6,83,1,82,54,30,53
Q9H6B4,46,8,38,20,28,18
Q9H8Y5,72,21,51,36,55,17
Q9HAU0,142,46,96,69,119,23
Q9NSB4,38,1,37,19,18,20
Q9NUQ7,28,0,28,18,10,18
Q9NZ63,24,9,15,12,21,3
Q9UHL3,23,0,23,13,10,13
Q9UK41,16,2,14,11,7,9
Q9Y5Z0,42,1,41,31,12,30
Q9Y692,47,2,45,25,24,23
A0A1B0GUA9,20,0,20,4,16,4
A0A1B0GVN3,20,0,20,7,13,7
A0A1W2PQD8,9,0,9,4,5,4
A0A494C103,10,0,10,6,4,6
A6NCL2,14,0,14,11,3,11
D6RIA3,228,0,228,92,136,92
O14910,11,1,10,7,5,6
O15037,63,14,49,31,36,27
O15231,112,26,86,48,90,22
O15535,26,0,26,19,7,19
O43405,42,0,42,24,18,24
O60259,17,0,17,11,6,11
O75616,37,1,36,18,20,17
O94927,42,4,38,18,28,14
O95154,23,7,16,12,18,5
O95825,19,1,18,13,7,12
O95932,54,2,52,21,35,19
P01127,13,0,13,3,10,3
P05014,17,0,17,11,6,11
P05186,32,3,29,18,15,17
P0CK96,44,5,39,33,16,28
P16383,112,25,87,50,77,35
P20719,42,4,38,18,28,14
P27144,13,1,12,6,8,5
P28906,53,3,50,38,18,35
P33992,68,14,54,29,51,17
P41208,14,6,8,7,13,1
P43320,20,3,17,7,16,4
P48454,33,3,30,16,20,13
P49116,69,10,59,41,36,33
P49754,59,1,58,26,34,25
P49755,13,0,13,7,6,7
P50750,24,6,18,11,17,7
P51398,32,10,22,17,23,9
P51815,39,1,38,24,16,23
P60033,10,1,9,9,2,8
P60372,80,0,80,74,6,74
P63208,1,0,1,1,0,1
Q00G26,36,9,27,19,22,14
Q07352,55,10,45,22,41,14
Q13113,9,3,6,5,5,4
Q14190,62,1,61,38,25,37
Q14397,47,0,47,28,19,28
Q15434,56,11,45,30,33,23
Q15762,30,2,28,19,11,19
Q16762,23,2,21,13,12,11
Q3KP22,13,0,13,6,7,6
Q495T6,42,0,42,23,19,23
Q52LC2,22,0,22,15,7,15
Q58EX7,107,9,98,68,46,61
Q58HT5,17,0,17,14,3,14
Q5QJU3,15,0,15,13,2,13
Q5T481,137,23,114,63,97,40
Q63ZY3,98,22,76,50,58,40
Q6ECI4,47,1,46,31,17,30
Q6V702,12,0,12,7,5,7
Q6VN20,104,28,76,59,69,35
Q6XZB0,35,1,34,26,8,27
Q6ZN68,29,0,29,23,6,23
Q6ZRT6,23,0,23,10,13,10
Q6ZTW0,15,0,15,5,10,5
Q7L592,24,0,24,9,15,9
Q7RTS7,51,4,47,23,32,19
Q8N108,71,27,44,35,59,12
Q8N3D4,147,34,113,66,109,38
Q8N3T6,90,1,89,43,48,42
Q8NDH3,29,1,28,19,11,18
Q8NDY4,13,0,13,7,6,7
Q8NGH7,22,0,22,17,5,17
Q96F83,38,0,38,21,17,21
Q96NW4,104,13,91,48,67,37
Q96PD2,71,10,61,48,33,38
Q96PS1,15,0,15,5,10,5
Q96PX6,76,8,68,29,55,21
Q96QT4,173,45,128,100,104,69
Q9BW83,13,1,12,8,6,7
Q9BYG7,17,0,17,8,9,8
Q9BZQ4,21,0,21,11,10,11
Q9H081,8,0,8,3,5,3
Q9H1C4,30,2,28,22,10,20
Q9H207,29,0,29,20,9,20
Q9H307,150,47,103,51,146,4
Q9H490,27,0,27,22,5,22
Q9H5X1,11,3,8,6,4,7
Q9H816,55,4,51,34,25,30
Q9HAZ2,117,6,111,53,70,47
Q9NT68,259,2,257,149,112,147
Q9NY64,33,0,33,23,10,23
Q9P0P0,9,2,7,6,5,4
Q9P2J2,101,0,101,42,59,42
Q9UFP1,41,0,41,21,20,21
Q9UI32,49,0,49,24,25,24
Q9UKX2,131,43,88,82,82,49
Q9UQR1,112,21,91,60,67,45
Q9Y2D8,79,16,63,51,42,37
Q9Y487,63,8,55,38,29,34
Q9Y4W6,36,3,33,17,18,18
Q9Y5B8,18,1,17,14,5,13
Q9Y5F2,77,0,77,53,24,53
Q9Y6X6,182,6,176,83,103,79
A0A075B7D0,11,0,11,5,6,5
A0A286YFG1,7,0,7,6,1,6
A6NMB9,34,1,33,12,23,11
A8MTB9,33,0,33,23,10,23
A8MXV4,21,1,20,10,12,9
B2RXF5,34,1,33,17,18,16
H3BPM6,13,0,13,11,2,11
O00115,32,1,31,19,14,18
O14523,98,19,79,41,68,30
O14842,18,0,18,15,3,15
O14936,68,10,58,31,45,23
O15160,20,6,14,11,13,7
O15228,55,5,50,31,29,26
O15235,4,0,4,4,0,4
O15335,22,0,22,14,8,14
O15499,12,0,12,4,8,4
O75908,24,0,24,14,10,14
O95072,25,2,23,13,14,11
O95471,15,1,14,12,4,11
P01160,11,0,11,4,7,4
P01308,4,0,4,3,1,3
P04201,30,0,30,24,6,24
P0CJ73,1,0,1,0,1,0
P0DN25,15,0,15,13,2,13
P16234,100,11,89,58,47,53
P21108,24,3,21,11,16,8
P22570,30,4,26,14,20,10
P34972,35,3,32,25,13,22
P47888,23,0,23,17,6,17
P51955,50,19,31,23,38,12
P52789,47,6,41,24,27,20
P56945,81,19,62,39,51,30
P60852,50,0,50,33,17,33
P61647,28,1,27,15,14,14
P62424,3,1,2,1,3,0
P78552,33,1,32,24,10,23
P78559,386,127,259,185,284,102
Q05481,95,4,91,60,37,58
Q0D2K2,33,0,33,20,13,20
Q13263,123,52,71,65,74,49
Q13510,19,1,18,11,9,10
Q13761,60,10,50,32,30,30
Q13769,45,6,39,24,25,20
Q14500,26,1,25,18,9,17
Q15397,51,7,44,27,31,20
Q15669,12,0,12,6,6,6
Q15973,29,1,28,22,8,21
Q2T9L4,32,0,32,15,17,15
Q5UIP0,397,117,280,220,230,167
Q6BDS2,177,30,147,85,110,67
Q6L8G5,36,0,36,35,1,35
Q6P5X5,8,0,8,6,2,6
Q6PI98,31,7,24,15,21,10
Q6Q788,21,1,20,11,11,10
Q6UWV7,17,0,17,11,6,11
Q6UXG8,40,0,40,25,15,25
Q71RG6,20,0,20,11,9,11
Q7RTU3,29,0,29,9,20,9
Q7Z7K0,4,1,3,3,0,4
Q86UW7,96,5,91,57,44,52
Q8IWR1,26,1,25,18,9,17
Q8IXB1,48,3,45,33,16,32
Q8IZD2,230,30,200,102,148,82
Q8N8G2,42,1,41,20,23,19
Q8NBR6,59,4,55,27,36,23
Q8NFM4,86,2,84,58,30,56
Q92537,34,0,34,23,11,23
Q96FL8,35,0,35,27,8,27
Q96GE5,47,0,47,38,9,38
Q96I36,3,0,3,2,1,2
Q96KG9,70,9,61,36,39,31
Q96RJ0,28,0,28,22,6,22
Q96RU3,60,16,44,32,44,16
Q99895,18,0,18,17,1,17
Q9BQI6,90,6,84,58,36,54
Q9BR84,42,0,42,31,11,31
Q9BU89,8,0,8,7,1,7
Q9BV68,28,2,26,13,17,11
Q9BXM0,86,12,74,41,57,29
Q9BXM9,52,7,45,24,29,23
Q9BYH8,71,0,71,36,35,36
Q9BYP7,223,15,208,108,128,95
Q9BZM3,28,0,28,13,15,13
Q9C0D2,328,25,303,165,176,152
Q9GZU2,165,14,151,80,93,72
Q9H069,26,0,26,15,11,15
Q9H2P0,169,52,117,83,132,37
Q9H3R2,60,0,60,39,21,39
Q9H467,16,1,15,9,8,8
Q9H6F2,27,0,27,17,10,17
Q9H8E8,78,8,70,40,46,32
Q9NSC2,211,17,194,109,113,98
Q9NYP9,34,8,26,18,24,10
Q9NZS9,33,1,32,21,11,22
Q9UBQ6,26,2,24,20,6,20
Q9UBW5,103,32,71,48,81,22
Q9UG22,32,8,24,22,12,20
Q9UJL9,46,0,46,32,14,32
Q9UK59,47,8,39,33,22,25
Q9UMY1,18,4,14,8,14,4
A0A0J9YWU9,18,0,18,12,6,12
A0A1W2PPW3,11,0,11,3,8,3
A6NDP7,15,0,15,12,3,12
A8MVW0,95,15,80,41,69,26
A8MXK1,17,0,17,10,7,10
H7C350,27,0,27,14,13,14
O15130,9,0,9,5,4,5
O15479,41,10,31,21,20,21
O43508,19,2,17,10,11,8
O60393,63,0,63,31,32,31
O60507,22,2,20,14,8,14
O60636,11,0,11,6,5,6
O75553,53,2,51,24,31,22
O94842,79,15,64,42,46,33
O95180,203,10,193,91,120,83
O95971,17,0,17,10,7,10
P04844,53,1,52,38,16,37
P0CJ69,2,0,2,2,0,2
P0CV98,15,0,15,13,2,13
P0CW00,15,0,15,13,2,13
P0DTU3,33,0,33,24,9,24
P14061,18,0,18,7,11,7
P16401,24,12,12,12,16,8
P19021,80,7,73,50,33,47
P20794,61,2,59,35,26,35
P24043,196,3,193,107,90,106
P24592,12,1,11,4,7,5
P28370,66,14,52,38,32,34
P32297,40,2,38,25,13,27
P34897,37,8,29,20,23,14
P50993,72,11,61,38,39,33
P51553,27,3,24,17,11,16
P52743,16,0,16,13,3,13
P60370,50,0,50,49,1,49
P62330,3,0,3,2,1,2
P78385,38,1,37,22,17,21
Q00597,34,0,34,20,14,20
Q00796,24,5,19,12,17,7
Q13572,33,3,30,17,19,14
Q13637,20,5,15,10,13,7
Q4KMX7,22,0,22,21,1,21
Q5VSY0,34,6,28,17,23,11
Q6DRA6,25,6,19,9,18,7
Q6IE36,120,0,120,73,47,73
Q6NW34,44,3,41,24,21,23
Q6P1R3,64,11,53,30,43,21
Q6RFH5,22,6,16,11,11,11
Q6WQI6,6,0,6,3,3,3
Q765P7,128,34,94,62,90,38
Q76KX8,58,1,57,39,18,40
Q7RTU9,127,0,127,85,42,85
Q7RTY3,14,0,14,9,5,9
Q86UK5,99,0,99,43,56,43
Q8IYU2,67,3,64,43,27,40
Q8IZF7,64,0,64,38,26,38
Q8N5I2,44,3,41,22,21,23
Q8N5P1,26,10,16,11,25,1
Q8N6G6,163,12,151,99,64,99
Q8N6L0,27,0,27,11,16,11
Q8NFY9,40,1,39,22,19,21
Q8NGG6,29,0,29,26,3,26
Q8TD07,17,0,17,11,6,11
Q8TD33,1,0,1,0,1,0
Q96AQ8,29,2,27,13,16,13
Q96C12,68,0,68,32,36,32
Q96G04,22,0,22,13,9,13
Q96HC4,85,25,60,44,62,23
Q96IP4,26,0,26,15,11,15
Q96JF0,41,3,38,22,16,25
Q96MF6,20,0,20,11,9,11
Q96P50,85,10,75,34,59,26
Q99608,18,0,18,11,7,11
Q99755,76,16,60,39,53,23
Q99757,8,0,8,2,6,2
Q9BQ69,19,0,19,12,7,12
Q9BU02,10,2,8,6,6,4
Q9BXS9,66,5,61,49,20,46
Q9BY32,7,1,6,5,1,6
Q9BYV1,32,1,31,19,12,20
Q9BZA8,118,0,118,70,48,70
Q9GZN1,23,1,22,15,9,14
Q9GZZ7,20,0,20,11,9,11
Q9H1Q7,23,0,23,15,8,15
Q9H2U9,43,4,39,26,17,26
Q9H2Y7,294,58,236,146,202,92
Q9H3P7,42,12,30,20,24,18
Q9H977,22,0,22,14,8,14
Q9HC84,639,5,634,465,177,462
Q9NUQ6,69,19,50,29,47,22
Q9NW08,69,6,63,42,31,38
Q9P0R6,8,0,8,4,4,4
Q9UBC5,74,2,72,39,35,39
Q9ULK6,28,0,28,18,10,18
Q9UNI6,26,2,24,18,10,16
Q9Y283,89,7,82,30,62,27
Q9Y2E5,68,1,67,40,29,39
Q9Y4L1,57,5,52,28,30,27
Q9Y5L3,38,0,38,27,11,27
A0A075B6N1,7,0,7,1,6,1
A0A0U1RRI6,18,0,18,11,7,11
A0A2R8YEH3,23,0,23,20,3,20
A6NHZ5,28,0,28,14,14,14
A6NMB1,47,0,47,20,27,20
A8CG34,206,18,188,103,121,85
A8MTI9,29,0,29,20,9,20
A8MZ59,20,0,20,8,12,8
A8MZA4,16,0,16,10,6,10
H3BMG3,2,0,2,0,2,0
O00212,13,2,11,10,3,10
O14964,76,13,63,38,45,31
O15344,63,11,52,39,31,32
O43278,33,3,30,24,8,25
O43301,51,3,48,31,19,32
O43361,58,1,57,34,25,33
O75369,260,83,177,136,143,117
O75478,26,2,24,17,11,15
O75554,52,13,39,25,36,16
O95067,30,7,23,18,17,13
O95427,79,2,77,63,18,61
P01185,11,1,10,6,6,5
P04350,44,18,26,23,31,13
P0CW01,15,0,15,13,2,13
P0DPE3,17,0,17,4,13,4
P12872,5,0,5,2,3,2
P16562,20,2,18,13,7,13
P21283,24,3,21,11,14,10
P23280,19,0,19,13,6,13
P27986,57,7,50,29,27,30
P30041,13,4,9,7,8,5
P32298,29,1,28,16,14,15
P42694,191,31,160,96,116,75
P47989,84,2,82,47,39,45
P49223,2,0,2,1,1,1
P51810,35,2,33,21,16,19
P52306,41,1,40,25,17,24
P55210,28,8,20,15,21,7
Q02505,669,2,667,571,98,571
Q02978,20,5,15,13,10,10
Q13231,31,0,31,13,18,13
Q13901,9,0,9,5,4,5
Q14695,10,0,10,3,7,3
Q14982,27,0,27,20,7,20
Q16787,266,10,256,154,122,144
Q2VWP7,106,0,106,58,48,58
Q3KQV3,59,2,57,34,27,32
Q4QY38,4,0,4,2,2,2
Q504Y0,75,0,75,43,32,43
Q5GH72,49,1,48,27,23,26
Q5JTY5,21,0,21,10,11,10
Q5T6X4,9,0,9,3,6,3
Q5T7V8,29,6,23,14,17,12
Q5VZL5,190,31,159,103,94,96
Q6PCB6,26,0,26,17,9,17
Q6UWZ7,46,6,40,22,26,20
Q6UXZ4,85,0,85,50,35,50
Q7RTP0,26,0,26,16,10,16
Q7Z3G6,94,0,94,32,62,32
Q86UL3,30,4,26,17,15,15
Q86UW2,8,0,8,3,5,3
Q86W50,45,11,34,21,33,12
Q8IU68,63,9,54,40,32,31
Q8IYR6,29,0,29,18,11,18
Q8N1N0,46,1,45,32,13,33
Q8N4B4,41,3,38,19,23,18
Q8N9I0,13,0,13,7,6,7
Q8NAX2,61,15,46,28,44,17
Q8ND07,26,0,26,12,14,12
Q8WXI4,51,4,47,25,26,25
Q96AY3,26,1,25,17,10,16
Q96B21,15,0,15,11,4,11
Q96CF2,24,7,17,9,20,4
Q96EK9,33,5,28,14,24,9
Q96G61,10,2,8,6,6,4
Q96HA7,121,18,103,69,68,53
Q96IK5,45,1,44,31,15,30
Q96JD6,19,0,19,12,7,12
Q96S66,43,9,34,18,32,11
Q99733,29,10,19,15,22,7
Q99873,22,4,18,14,12,10
Q9BQT8,12,0,12,5,7,5
Q9BRR8,106,16,90,44,68,38
Q9BUH6,17,4,13,11,10,7
Q9BXW4,9,0,9,3,6,3
Q9BZV2,48,2,46,33,17,31
Q9C029,34,2,32,18,16,18
Q9H825,26,0,26,10,16,10
Q9H8H2,88,4,84,30,56,32
Q9NVI7,34,5,29,17,16,18
Q9NVM4,45,0,45,24,21,24
Q9NVW2,123,10,113,35,98,25
Q9NX46,30,1,29,19,10,20
Q9UDY8,64,9,55,41,30,34
Q9UHI8,82,2,80,43,41,41
Q9UKM7,47,2,45,19,30,17
Q9UPN4,112,34,78,52,92,20
Q9Y4A9,24,0,24,19,5,19
Q9Y5I7,13,0,13,8,5,8
Q9Y6J6,6,0,6,4,2,4
A0A0A0MS02,13,0,13,6,7,6
A0A1B0GTL3,8,0,8,3,5,3
A0A590UK83,7,0,7,2,5,2
A0JNW5,213,36,177,112,129,84
A6NDL8,26,0,26,20,6,20
A8K855,48,5,43,26,27,21
A8MY62,24,0,24,10,14,10
E9PQ53,2,0,2,2,0,2
H7C241,15,0,15,11,4,11
O00534,80,9,71,45,42,38
O15523,70,8,62,29,47,23
O60568,37,1,36,21,17,20
O94810,25,0,25,13,12,13
O95081,64,7,57,31,38,26
O95453,77,22,55,41,40,37
O95633,19,0,19,15,4,15
O95977,31,1,30,20,12,19
P00797,38,1,37,21,18,20
P01282,18,1,17,10,9,9
P01350,5,0,5,3,2,3
P01903,9,0,9,4,5,4
P04054,12,0,12,8,4,8
P06331,15,0,15,13,2,13
P06850,15,1,14,3,13,2
P0DMR1,27,0,27,4,23,4
P0DTL5,10,0,10,8,2,8
P11166,37,5,32,27,15,22
P18206,101,39,62,48,74,27
P19876,6,0,6,2,4,2
P23229,89,11,78,45,39,50
P49356,30,3,27,19,10,20
P49640,45,0,45,16,29,16
P54922,25,1,24,11,13,12
P62191,21,2,19,13,8,13
P68371,44,18,26,24,32,12
P80723,26,13,13,13,20,6
Q01167,91,30,61,46,65,26
Q04206,53,15,38,28,32,21
Q08AF3,61,2,59,42,21,40
Q0IIM8,98,5,93,66,37,61
Q13247,104,36,68,37,95,9
Q14061,2,1,1,1,2,0
Q16690,34,1,33,25,10,24
Q2TAL8,59,7,52,38,26,33
Q4G0S4,27,1,26,17,11,16
Q4U2R6,3,0,3,2,1,2
Q5T6R2,14,0,14,11,3,11
Q5T7P2,18,0,18,14,4,14
Q5VUM1,11,1,10,4,8,3
Q643R3,38,3,35,19,20,18
Q6IF36,32,0,32,26,6,26
Q6ZQX7,23,0,23,5,18,5
Q6ZS10,20,0,20,6,14,6
Q70CQ2,354,45,309,198,153,201
Q7Z7B7,7,0,7,5,2,5
Q86V15,193,25,168,96,114,79
Q86XP0,65,0,65,33,32,33
Q8IXQ9,18,0,18,14,4,14
Q8IYB7,72,8,64,37,39,33
Q8IZF6,427,8,419,277,146,281
Q8N5C8,107,19,88,42,82,25
Q8NEP3,47,0,47,19,28,19
Q8NGN0,19,0,19,15,4,15
Q8NGY6,22,0,22,20,2,20
Q8TD90,32,0,32,10,22,10
Q8WYA1,75,3,72,33,45,30
Q92844,56,22,34,28,44,12
Q96B54,11,1,10,4,8,3
Q96BZ8,13,3,10,4,12,1
Q96DB9,12,0,12,6,6,6
Q96DD0,17,0,17,11,6,11
Q96DV4,14,0,14,6,8,6
Q96EK7,73,4,69,40,33,40
Q96Q80,8,0,8,6,2,6
Q96RP3,8,0,8,2,6,2
Q96RY7,105,6,99,54,53,52
Q99578,13,0,13,4,9,4
Q99594,51,6,45,32,23,28
Q99679,33,0,33,24,9,24
Q9H195,197,0,197,158,39,158
Q9H1U4,58,0,58,39,19,39
Q9H1Z4,56,7,49,30,33,23
Q9H329,79,5,74,25,59,20
Q9H3Y6,34,0,34,13,21,13
Q9H4B6,43,14,29,21,22,21
Q9H853,26,4,22,16,14,12
Q9HCJ0,253,25,228,134,142,111
Q9NPB1,10,0,10,6,4,6
Q9NSC7,41,3,38,25,19,22
Q9NY12,7,1,6,2,6,1
Q9UBX3,17,1,16,11,7,10
Q9UK08,1,0,1,1,0,1
Q9ULV3,86,20,66,43,63,23
Q9ULW0,75,33,42,38,68,7
Q9UM21,39,2,37,26,15,24
Q9UMX0,64,4,60,40,26,38
Q9Y266,30,12,18,17,23,7
Q9Y2M2,29,0,29,13,16,13
Q9Y3R4,26,0,26,12,14,12
Q9Y6N1,12,0,12,7,5,7
A0A075B6S4,14,0,14,8,6,8
A0A087WTH5,9,0,9,5,4,5
A0A0B4J280,11,0,11,5,6,5
A0A1B0GX51,8,0,8,3,5,3
A0A584,6,0,6,2,4,2
A2RU48,12,0,12,5,7,5
A5YM69,52,10,42,25,33,19
A8MTJ6,61,0,61,27,34,27
O00400,34,1,33,26,9,25
O14715,218,54,164,131,139,79
O60762,21,4,17,14,9,12
O60869,8,3,5,4,7,1
O75525,22,4,18,8,18,4
O76050,48,0,48,23,25,23
O95073,25,2,23,9,18,7
P07196,63,9,54,25,45,18
P07947,48,14,34,31,19,29
P0DP23,4,0,4,1,3,1
P10911,55,2,53,31,26,29
P10966,16,0,16,9,7,9
P20337,18,3,15,11,10,8
P20382,14,0,14,4,10,4
P21127,92,30,62,41,73,19
P21709,68,6,62,37,33,35
P25787,17,5,12,7,11,6
P32241,36,4,32,19,19,17
P35249,31,6,25,16,19,12
P42126,20,3,17,11,10,10
P43116,34,1,33,19,16,18
P43629,48,4,44,33,19,29
P43631,34,0,34,26,8,26
P48742,43,1,42,18,26,17
P49189,30,7,23,19,16,14
P49863,21,0,21,13,8,13
P50440,26,5,21,16,15,11
P51582,27,2,25,17,10,17
P51884,36,7,29,21,20,16
P55854,5,2,3,3,4,1
P60709,37,13,24,21,25,12
P63165,6,2,4,4,2,4
P78325,52,2,50,31,23,29
P78329,32,2,30,26,6,26
P83881,5,2,3,3,4,1
Q0VDD5,3,0,3,3,0,3
Q13326,21,0,21,15,6,15
Q15915,46,1,45,22,23,23
Q16774,15,1,14,6,10,5
Q2QD12,12,0,12,7,5,7
Q3MIS6,59,1,58,40,20,39
Q53ET0,155,49,106,78,92,63
Q53H96,15,0,15,11,4,11
Q5JVG8,27,0,27,16,11,16
Q5MIZ7,71,10,61,46,33,38
Q5U5Q3,72,11,61,29,52,20
Q5VT28,2,0,2,0,2,0
Q6DD87,33,5,28,21,15,18
Q6P597,37,11,26,17,31,6
Q6P5S2,31,0,31,21,10,21
Q6ZNA5,43,0,43,28,15,28
Q7RTX7,28,0,28,10,18,10
Q86SJ2,53,4,49,33,22,31
Q86TE4,29,0,29,18,11,18
Q8IVN8,14,0,14,6,8,6
Q8IWB7,39,0,39,31,8,31
Q8IYM1,15,0,15,8,7,8
Q8IZV5,12,0,12,7,5,7
Q8NG92,27,0,27,23,4,23
Q8NGE0,26,0,26,18,8,18
Q8NHW6,3,0,3,3,0,3
Q8NI36,89,6,83,52,35,54
Q8TDN2,36,0,36,23,13,23
Q8TE99,34,0,34,22,12,22
Q8TEE9,25,0,25,11,14,11
Q8WUF5,126,50,76,63,113,13
Q8WUJ3,91,1,90,63,27,64
Q8WXH0,560,45,515,296,305,255
Q92619,127,29,98,61,83,44
Q96AJ1,26,4,22,9,21,5
Q96ER3,38,3,35,26,15,23
Q96MT4,12,0,12,7,5,7
Q99640,66,22,44,38,50,16
Q99758,122,5,117,77,50,72
Q9BQ52,69,14,55,36,47,22
Q9BQ67,37,8,29,21,24,13
Q9BW85,21,7,14,11,17,4
Q9H0I2,24,4,20,8,20,4
Q9H1C3,19,0,19,10,9,10
Q9H7L2,36,1,35,23,12,24
Q9NQ34,15,2,13,12,3,12
Q9NS00,21,2,19,12,9,12
Q9NXI6,14,0,14,10,4,10
Q9NXJ5,13,0,13,9,4,9
Q9NYF5,88,4,84,41,51,37
Q9NYW3,28,3,25,24,3,25
Q9P1Z3,61,2,59,20,41,20
Q9UBC3,104,29,75,56,77,27
Q9UGP5,51,7,44,27,29,22
Q9UKA9,43,10,33,24,21,22
Q9Y277,25,3,22,16,10,15
Q9Y5E4,56,0,56,41,15,41
A0A6Q8PHR7,5,0,5,0,5,0
A6NC86,16,0,16,15,1,15
A6NH52,16,0,16,11,5,11
A6PVC2,65,3,62,39,27,38
O00712,71,26,45,35,56,15
O14773,58,0,58,33,25,33
O14775,40,1,39,17,24,16
O60603,80,1,79,52,29,51
O75335,96,0,96,36,60,36
O75508,10,2,8,8,4,6
O75792,27,7,20,13,19,8
O95292,27,9,18,15,15,12
P02708,34,0,34,23,11,23
P02749,20,0,20,12,8,12
P08670,71,35,36,35,47,24
P09661,15,5,10,6,14,1
P0CG12,55,7,48,21,39,16
P12268,40,10,30,22,22,18
P13667,46,12,34,25,31,15
P15382,11,1,10,6,6,5
P15692,14,0,14,8,6,8
P19429,18,9,9,9,16,2
P35900,32,5,27,13,24,8
P36776,50,4,46,25,29,21
P39880,217,41,176,84,162,55
P48426,30,5,25,16,15,15
P49790,339,73,266,176,182,157
P49902,45,7,38,28,22,23
P50336,43,0,43,27,16,27
P51690,36,0,36,29,7,29
P54577,39,10,29,19,30,9
P63162,3,0,3,3,0,3
P84085,6,2,4,4,4,2
Q01628,8,0,8,8,0,8
Q05923,21,0,21,11,10,11
Q09328,47,1,46,29,19,28
Q12851,62,13,49,35,36,26
Q14119,67,10,57,43,26,41
Q14207,225,22,203,102,143,82
Q1L5Z9,51,2,49,28,25,26
Q2M2D7,13,0,13,7,6,7
Q2M385,62,1,61,40,23,39
Q4G0I0,11,0,11,7,4,7
Q5JPH6,32,3,29,15,18,14
Q5JQC9,132,40,92,66,88,44
Q5JUK9,5,0,5,1,4,1
Q5JVX7,37,1,36,18,20,17
Q5U5X8,48,3,45,25,26,22
Q5VV52,31,0,31,21,10,21
Q5VZK9,197,48,149,100,137,60
Q68DE3,336,9,327,190,149,187
Q6ICI0,21,0,21,17,4,17
Q6NVV9,27,0,27,12,15,12
Q6QNY0,20,7,13,9,18,2
Q6UXB0,51,0,51,14,37,14
Q6ZNA4,134,0,134,62,72,62
Q6ZNM6,9,0,9,6,3,6
Q6ZS11,28,0,28,10,18,10
Q6ZS86,39,1,38,25,15,24
Q6ZT07,117,13,104,64,60,57
Q7Z736,54,3,51,15,42,12
Q86SG7,16,0,16,7,9,7
Q86X76,22,1,21,15,8,14
Q8IWN7,259,3,256,81,181,78
Q8IYB5,40,3,37,26,17,23
Q8IZC7,38,5,33,24,19,19
Q8IZP7,22,0,22,10,12,10
Q8NDL9,113,5,108,54,64,49
Q8NGA5,23,0,23,17,6,17
Q8NGY7,17,0,17,16,1,16
Q8TAP6,45,5,40,27,23,22
Q8WUD6,27,0,27,17,10,17
Q8WY54,65,5,60,29,35,30
Q92805,67,17,50,30,50,17
Q93099,30,1,29,18,11,19
Q969H4,69,4,65,29,44,25
Q96JI7,204,6,198,118,92,112
Q96QE5,34,1,33,25,8,26
Q96S44,18,2,16,11,7,11
Q99435,47,0,47,31,16,31
Q9BQ70,62,13,49,33,42,20
Q9BSA4,48,1,47,35,14,34
Q9BW19,67,12,55,34,45,22
Q9BW91,38,7,31,20,23,15
Q9BZJ8,44,0,44,30,14,30
Q9HB63,38,0,38,24,14,24
Q9NP31,31,5,26,15,19,12
Q9NP58,56,2,54,34,20,36
Q9NP62,56,7,49,30,27,29
Q9NQT5,14,0,14,9,5,9
Q9NRP0,8,0,8,7,1,7
Q9NS87,122,14,108,62,66,56
Q9NX47,11,0,11,8,3,8
Q9P1J3,5,0,5,5,0,5
Q9P2S2,121,4,117,49,76,45
Q9UBH6,41,4,37,28,15,26
Q9UK32,48,5,43,22,29,19
Q9Y4E5,98,14,84,59,53,45
A6NFQ7,10,0,10,6,4,6
A6NP61,25,0,25,12,13,12
A9UHW6,10,0,10,7,3,7
B4DZS4,25,0,25,13,12,13
O14529,163,7,156,56,112,51
O14654,169,37,132,78,122,47
O43761,16,0,16,12,4,12
O76094,62,16,46,31,41,21
O95140,54,2,52,34,22,32
P03372,61,17,44,31,37,24
P09238,34,0,34,19,15,19
P0DO97,27,0,27,11,16,11
P0DUX0,18,0,18,9,9,9
P10145,5,0,5,4,1,4
P10696,37,7,30,19,23,14
P12318,25,0,25,16,9,16
P18077,2,0,2,2,0,2
P19532,80,13,67,36,57,23
P30273,5,2,3,2,5,0
P35240,28,5,23,15,18,10
P35790,35,2,33,21,14,21
P41145,33,1,32,21,13,20
P49137,25,5,20,13,11,14
P49590,27,3,24,19,11,16
P50613,18,4,14,9,11,7
P51965,25,2,23,15,12,13
P52732,98,12,86,53,49,49
P53779,38,4,34,25,11,27
P55290,42,1,41,26,17,25
P78347,106,37,69,53,68,38
P82979,24,11,13,11,22,2
P86480,8,0,8,4,4,4
Q03936,37,2,35,21,18,19
Q04609,55,0,55,30,25,30
Q13156,17,0,17,8,9,8
Q13285,18,2,16,12,8,10
Q15063,37,1,36,18,20,17
Q15532,28,0,28,19,9,19
Q15572,68,5,63,33,38,30
Q15916,41,2,39,27,16,25
Q3MII6,61,4,57,28,33,28
Q4KMP7,87,21,66,44,62,25
Q56A73,10,1,9,5,4,6
Q5H8A3,7,0,7,5,2,5
Q5RKV6,10,0,10,5,5,5
Q5VTT5,118,12,106,57,65,53
Q5VUY0,22,0,22,19,3,19
Q5VYJ5,206,0,206,141,65,141
Q86SX6,6,1,5,3,2,4
Q86UP9,12,0,12,9,3,9
Q86YT9,30,2,28,19,11,19
Q8J025,33,0,33,13,20,13
Q8N0U6,10,0,10,7,3,7
Q8N414,49,0,49,25,24,25
Q8N960,78,10,68,35,47,31
Q8N9S9,34,2,32,26,10,24
Q8NCD3,119,29,90,55,89,30
Q8NH57,19,0,19,16,3,16
Q8TB72,130,17,113,66,81,49
Q8TDF6,57,3,54,35,25,32
Q8TEL6,62,0,62,37,25,37
Q8TEQ6,146,19,127,94,69,77
Q8TF65,21,3,18,9,13,8
Q8WWH4,28,0,28,20,8,20
Q8WWL2,70,12,58,30,50,20
Q8WWV3,25,0,25,15,10,15
Q8WY22,22,0,22,9,13,9
Q92613,108,25,83,52,81,27
Q92633,31,7,24,20,16,15
Q92688,15,4,11,7,10,5
Q92878,83,7,76,41,49,34
Q96B18,90,18,72,35,67,23
Q96B36,25,8,17,11,22,3
Q96EK5,30,3,27,23,10,20
Q96IK0,14,0,14,9,5,9
Q96MK2,91,10,81,37,56,35
Q96MM6,53,10,43,27,36,17
Q96RT7,184,18,166,90,112,72
Q96S86,15,0,15,8,7,8
Q99102,1024,2,1022,709,317,707
Q9BQL6,62,10,52,35,37,25
Q9BWN1,71,17,54,34,54,17
Q9BXA7,29,2,27,17,14,15
Q9H320,28,1,27,7,22,6
Q9H840,6,0,6,5,1,5
Q9H8H0,60,4,56,35,25,35
Q9NPB0,9,0,9,6,3,6
Q9NSV4,98,15,83,49,64,34
Q9NV56,23,5,18,12,16,7
Q9UHK6,22,0,22,11,11,11
Q9UKZ4,219,3,216,126,96,123
Q9UNS1,85,11,74,43,53,32
Q9UPM8,123,14,109,66,71,52
Q9UPY8,15,2,13,9,8,7
Q9UQ80,34,10,24,16,28,6
Q9Y237,8,1,7,3,6,2
Q9Y2K7,103,19,84,60,62,41
Q9Y5G3,86,0,86,41,45,41
Q9Y5Y2,16,0,16,8,8,8
Q9Y6X0,196,11,185,71,134,62
A0A3B3IU46,6,0,6,4,2,4
A2PYH4,124,1,123,66,59,65
A6NDB9,63,18,45,26,53,10
A6NM28,41,0,41,17,24,17
A6NMD2,44,0,44,26,18,26
A8MUX0,91,0,91,71,20,71
C9J7I0,13,0,13,7,6,7
C9JL84,57,1,56,33,25,32
O14990,23,3,20,7,17,6
O15438,125,10,115,76,55,70
O43482,23,4,19,16,11,12
O75177,50,0,50,30,20,30
O75575,12,2,10,5,9,3
O75683,23,7,16,12,16,7
O75794,30,4,26,18,14,16
O76042,10,0,10,8,2,8
O76074,58,4,54,32,28,30
O95045,15,0,15,8,7,8
O95424,4,0,4,2,2,2
O95551,29,2,27,16,15,14
O95813,20,0,20,9,11,9
P02808,6,3,3,3,2,4
P05412,35,5,30,17,23,12
P08861,26,0,26,19,7,19
P09493,26,12,14,13,19,7
P11217,36,8,28,16,22,14
P19784,19,5,14,10,8,11
P20800,13,0,13,5,8,5
P24001,17,2,15,13,6,11
P25963,20,5,15,11,12,8
P43088,31,0,31,24,7,24
P49748,48,7,41,20,35,13
P50749,24,3,21,14,13,11
P56470,15,0,15,3,12,3
P78352,68,11,57,26,53,15
P81277,3,0,3,0,3,0
P98198,89,7,82,58,36,53
Q13158,22,6,16,13,11,11
Q13304,24,1,23,17,8,16
Q14203,105,16,89,49,72,33
Q15413,339,8,331,201,146,193
Q16526,44,2,42,22,22,22
Q16633,22,2,20,12,10,12
Q16656,43,8,35,24,27,16
Q32MZ4,100,34,66,48,74,26
Q3KQZ1,13,0,13,9,4,9
Q3MIR4,22,0,22,19,3,19
Q5HYJ3,45,11,34,22,28,17
Q5SVJ3,7,0,7,4,3,4
Q5T9C9,31,2,29,17,14,17
Q5W0V3,53,7,46,31,27,26
Q5XXA6,63,10,53,39,30,33
Q63HR2,202,62,140,115,137,65
Q6U841,88,10,78,51,39,49
Q6XR72,35,0,35,23,12,23
Q7L7V1,64,0,64,37,27,37
Q7Z429,22,0,22,13,9,13
Q7Z692,24,0,24,14,10,14
Q86T23,6,0,6,2,4,2
Q86TI4,28,0,28,19,9,19
Q86VZ4,41,0,41,21,20,21
Q8IWB6,164,3,161,76,89,75
Q8N387,46,0,46,26,20,26
Q8N5Y2,60,16,44,28,48,12
Q8N9N8,19,7,12,9,13,6
Q8NDX5,171,26,145,88,103,68
Q8NGE2,27,0,27,26,1,26
Q8NH19,13,0,13,11,2,11
Q8WUP2,17,2,15,8,11,6
Q92838,28,0,28,14,14,14
Q92908,84,8,76,41,51,33
Q96AG3,35,5,30,26,14,21
Q96FQ6,11,4,7,6,9,2
Q96HY7,62,2,60,34,28,34
Q96JN8,116,8,108,58,66,50
Q96NX5,46,1,45,26,19,27
Q9BQ50,14,0,14,7,7,7
Q9BS31,37,4,33,18,19,18
Q9BXL5,43,11,32,21,29,14
Q9BXN2,37,3,34,19,21,16
Q9H5Q4,22,0,22,10,12,10
Q9HC57,7,0,7,4,3,4
Q9HD34,4,0,4,2,2,2
Q9NPJ8,7,0,7,6,1,6
Q9NQE7,54,1,53,28,27,27
Q9NQV5,39,1,38,19,21,18
Q9NQZ7,36,0,36,15,21,15
Q9NX38,16,0,16,13,3,13
Q9NX74,30,3,27,10,23,7
Q9NZV8,63,5,58,39,27,36
Q9P0I2,15,0,15,10,5,10
Q9P1A2,47,3,44,21,27,20
Q9QC07,40,0,40,23,17,23
Q9UBK5,9,0,9,6,3,6
Q9UBK9,9,1,8,5,5,4
Q9UGI9,38,0,38,18,20,18
Q9UKJ3,277,61,216,112,222,55
Q9UKY7,32,14,18,16,30,2
Q9UM47,164,6,158,105,65,99
A0A0C4DH24,16,0,16,7,9,7
A0A1B0GTL2,12,0,12,4,8,4
B7U540,25,1,24,17,9,16
O00186,42,5,37,21,24,18
O00479,9,4,5,4,9,0
O00562,139,19,120,71,79,60
O00757,22,0,22,9,13,9
O15254,58,3,55,32,29,29
O43854,27,0,27,19,8,19
O60299,86,7,79,31,60,26
O60506,37,12,25,21,22,15
O75154,70,10,60,37,43,27
O75311,33,1,32,22,12,21
O75425,11,0,11,8,3,8
O75462,35,0,35,19,16,19
O75822,19,6,13,12,9,10
O94811,29,10,19,13,20,9
O94822,169,2,167,105,66,103
O95857,12,0,12,9,3,9
P01591,12,4,8,6,10,2
P05106,64,1,63,36,27,37
P05109,3,1,2,2,2,1
P05204,4,2,2,2,4,0
P05387,21,10,11,11,14,7
P06730,14,3,11,10,1,13
P07550,36,10,26,23,15,21
P09038,20,4,16,8,12,8
P0C671,67,2,65,29,40,27
P0CF97,57,0,57,31,26,31
P0CL82,3,0,3,1,2,1
P0DUQ1,25,0,25,23,2,23
P14598,42,14,28,24,26,16
P20711,27,0,27,19,8,19
P23526,17,4,13,11,10,7
P31994,26,1,25,15,10,16
P33681,21,0,21,17,4,17
P47895,24,2,22,10,16,8
P54105,26,8,18,14,16,10
P58512,21,0,21,5,16,5
P60468,19,8,11,11,12,7
P63313,2,1,1,1,2,0
P68431,8,3,5,3,8,0
P98066,14,0,14,10,4,10
Q14165,14,1,13,8,7,7
Q14409,40,0,40,28,12,28
Q2T9K0,50,3,47,23,30,20
Q53RT3,21,0,21,12,9,12
Q5H9U9,122,1,121,74,49,73
Q5JVF3,22,2,20,16,8,14
Q5VV41,78,19,59,45,52,26
Q6NVY1,24,3,21,16,11,13
Q6SZW1,50,5,45,22,33,17
Q6UWW0,13,0,13,7,6,7
Q6XLA1,6,0,6,6,0,6
Q6ZR85,15,0,15,7,8,7
Q7Z6W1,17,0,17,13,4,13
Q86T13,46,0,46,23,23,23
Q86TV6,77,18,59,39,56,21
Q8IWS0,57,21,36,31,47,10
Q8N441,36,0,36,20,16,20
Q8N4B1,12,0,12,6,6,6
Q8N5T2,42,2,40,28,16,26
Q8N682,20,0,20,19,1,19
Q8N6N3,16,3,13,10,9,7
Q8N944,105,6,99,49,60,45
Q8NAA4,48,5,43,28,23,25
Q8NBF1,68,3,65,29,42,26
Q8NBS3,63,2,61,39,24,39
Q8NC26,34,4,30,20,14,20
Q8NGC0,37,0,37,23,14,23
Q8NGS8,26,0,26,20,6,20
Q8TAT5,55,2,53,31,26,29
Q8TDE3,11,0,11,7,4,7
Q8TE60,114,5,109,68,47,67
Q8TET4,67,0,67,46,21,46
Q96A37,17,0,17,12,5,12
Q96BD0,75,10,65,47,38,37
Q96DD7,6,0,6,3,3,3
Q96Q06,105,21,84,66,42,63
Q96T68,65,3,62,29,35,30
Q99574,28,1,27,18,11,17
Q9BVH7,25,0,25,14,11,14
Q9BVI4,32,1,31,21,10,22
Q9BXI9,18,0,18,8,10,8
Q9H1Z9,28,1,27,17,12,16
Q9H8W5,30,0,30,20,10,20
Q9HCE7,49,6,43,26,27,22
Q9NQ30,14,0,14,7,7,7
Q9NVR0,49,2,47,32,19,30
Q9NYW1,25,0,25,21,4,21
Q9NZH5,21,3,18,10,14,7
Q9UBU3,7,1,6,5,3,4
Q9UJA2,15,0,15,13,2,13
Q9UQC2,139,47,92,62,124,15
Q9Y2H2,123,19,104,58,80,43
Q9Y2X7,103,34,69,53,80,23
Q9Y336,48,1,47,26,23,25
Q9Y485,389,49,340,238,186,203
Q9Y520,394,87,307,198,255,139
A0A0B4J2B8,13,0,13,8,5,8
A0A0U1RRL7,1,0,1,0,1,0
A0A590UK10,95,0,95,39,56,39
A1L4K1,52,1,51,32,21,31
A6NDA9,46,0,46,30,16,30
O00592,81,7,74,45,43,38
O15105,31,0,31,24,7,24
O15162,15,1,14,12,2,13
O75131,47,11,36,25,21,26
O75602,31,0,31,16,15,16
O75764,46,11,35,21,34,12
O95456,25,4,21,17,12,13
O95873,41,14,27,21,34,7
P07205,26,6,20,15,13,13
P08174,35,2,33,25,12,23
P0C263,12,0,12,7,5,7
P0CJ72,2,0,2,1,1,1
P0DPD7,22,0,22,14,8,14
P11161,56,2,54,33,23,33
P11277,129,13,116,73,67,62
P13807,73,20,53,43,46,27
P16066,67,8,59,43,30,37
P17844,42,13,29,25,22,20
P23141,37,2,35,19,20,17
P24864,35,10,25,21,18,17
P25788,21,3,18,12,10,11
P47883,36,0,36,26,10,26
P49759,55,11,44,24,40,15
P49763,20,0,20,10,10,10
P54274,41,5,36,22,24,17
P61366,12,0,12,6,6,6
Q06520,27,3,24,16,14,13
Q12982,27,8,19,16,17,10
Q13492,79,17,62,42,38,41
Q13505,44,8,36,23,29,15
Q13520,18,0,18,12,6,12
Q15008,19,3,16,13,9,10
Q15257,21,3,18,13,11,10
Q15714,159,2,157,94,67,92
Q16270,24,1,23,17,8,16
Q4VX76,54,9,45,26,35,19
Q5FYB0,40,0,40,23,17,23
Q5MCW4,49,1,48,40,10,39
Q5T1J5,8,0,8,6,2,6
Q5U623,94,5,89,49,50,44
Q68DX3,143,7,136,72,72,71
Q6NXP0,39,2,37,18,23,16
Q6P050,27,0,27,16,11,16
Q6P5Z2,56,13,43,30,35,21
Q6S5L8,67,5,62,31,39,28
Q7RTT4,10,0,10,3,7,3
Q7RTV2,20,6,14,10,16,4
Q8IUR0,11,1,10,5,5,6
Q8IXS6,36,7,29,18,17,19
Q8IY85,101,7,94,45,59,42
Q8IYT2,59,2,57,46,15,44
Q8N3I7,26,0,26,14,12,14
Q8N488,53,21,32,25,43,10
Q8NGP0,18,0,18,15,3,15
Q8NH93,29,0,29,24,5,24
Q8TBG4,27,1,26,14,14,13
Q92466,40,3,37,23,20,20
Q92506,19,2,17,9,10,9
Q92522,16,5,11,6,13,3
Q96CT7,14,5,9,5,14,0
Q96FZ5,20,1,19,13,8,12
Q96H15,41,1,40,28,14,27
Q96M19,23,0,23,14,9,14
Q96RI1,33,2,31,15,20,13
Q96S19,10,1,9,7,4,6
Q96S21,30,6,24,15,21,9
Q96SL8,31,0,31,18,13,18
Q99500,35,2,33,18,19,16
Q9BTT4,5,0,5,5,0,5
Q9BUI4,43,7,36,19,31,12
Q9GZK6,24,0,24,22,2,22
Q9H1B7,105,25,80,59,67,38
Q9H1X1,21,0,21,9,12,9
Q9H339,18,0,18,12,6,12
Q9H4E7,50,11,39,27,30,20
Q9H4R4,9,0,9,4,5,4
Q9H7D7,60,3,57,37,24,36
Q9HC38,23,3,20,15,11,12
Q9NSG2,72,3,69,53,22,50
Q9NWW6,14,0,14,9,5,9
Q9NX94,28,3,25,11,18,10
Q9P0K9,17,0,17,12,5,12
Q9P2I0,62,9,53,37,30,32
Q9UIC8,28,5,23,16,15,13
Q9UJU2,43,8,35,21,26,17
Q9UK39,37,6,31,22,17,20
Q9UM19,8,0,8,4,4,4
Q9Y2V0,18,0,18,9,9,9
Q9Y2X3,48,16,32,24,40,8
Q9Y365,28,6,22,17,17,11
Q9Y3I0,23,3,20,10,16,7
Q9Y5H6,86,2,84,47,39,47
A0A0B4J2B5,13,0,13,10,3,10
A0A1B0GTC6,3,0,3,2,1,2
A0A1B0GW35,11,0,11,11,0,11
A6NM11,159,3,156,75,87,72
A6NMA1,3,0,3,2,1,2
B2RTY4,270,40,230,132,172,98
O00470,34,2,32,19,17,17
O00533,90,3,87,56,37,53
O60359,38,1,37,17,22,16
O60524,87,19,68,49,49,38
O60942,29,1,28,16,14,15
P01850,15,0,15,11,4,11
P02458,48,0,48,20,28,20
P02747,9,0,9,7,2,7
P02818,5,0,5,3,2,3
P04278,31,0,31,23,8,23
P05166,35,2,33,24,13,22
P05997,64,1,63,26,39,25
P09529,25,1,24,16,10,15
P0C7U0,77,5,72,29,53,24
P0CG48,54,27,27,27,54,0
P0DMM9,14,0,14,9,5,9
P0DTE5,29,0,29,20,9,20
P0DTW3,15,0,15,8,7,8
P13569,142,21,121,77,76,66
P13995,16,1,15,11,6,10
P17858,51,5,46,28,24,27
P18054,33,6,27,22,17,16
P21675,159,18,141,69,98,61
P21817,306,11,295,182,135,171
P30304,73,19,54,32,56,17
P31948,22,4,18,9,15,7
P43686,28,8,20,17,15,13
P53396,82,25,57,50,35,47
P54709,16,2,14,13,5,11
P56975,96,2,94,57,41,55
P61077,11,1,10,7,5,6
P63261,38,14,24,22,26,12
P84157,13,5,8,5,11,2
Q03169,37,4,33,20,21,16
Q12767,162,22,140,114,58,104
Q12887,33,0,33,19,14,19
Q13183,41,0,41,32,9,32
Q13522,16,4,12,8,12,4
Q14563,46,0,46,28,18,28
Q14689,129,7,122,74,60,69
Q147X3,39,14,25,19,34,5
Q15102,12,4,8,7,7,5
Q15612,21,0,21,18,3,18
Q16775,9,0,9,6,3,6
Q2UY09,70,1,69,38,33,37
Q68DL7,72,1,71,38,33,39
Q69YH5,182,46,136,90,118,64
Q6IPM2,79,15,64,33,59,20
Q6P1M3,101,17,84,57,55,46
Q6Q0C0,79,17,62,45,49,30
Q6UWP2,18,0,18,13,5,13
Q6W349,10,0,10,6,4,6
Q6ZRS2,368,43,325,166,233,135
Q7Z698,36,0,36,14,22,14
Q8IUR7,51,2,49,26,27,24
Q8IW19,54,3,51,22,31,23
Q8IYV9,26,3,23,16,13,13
Q8IZL8,111,15,96,48,76,35
Q8NEH6,5,0,5,0,5,0
Q8NFP0,8,0,8,4,4,4
Q8NFQ5,29,0,29,13,16,13
Q8NFZ6,38,0,38,29,9,29
Q8NG94,27,0,27,24,3,24
Q8NH55,14,0,14,12,2,12
Q8WW62,14,0,14,10,4,10
Q8WXQ3,24,0,24,18,6,18
Q92674,85,11,74,56,38,47
Q93070,20,0,20,16,4,16
Q96AP0,70,17,53,40,47,23
Q96BH1,28,4,24,16,12,16
Q96C74,11,0,11,3,8,3
Q96EB6,82,27,55,44,57,25
Q96K30,38,7,31,11,30,8
Q96P67,31,0,31,29,2,29
Q99877,22,11,11,11,22,0
Q9BYT8,46,5,41,27,22,24
Q9BZG1,17,3,14,9,11,6
Q9C0D0,63,7,56,37,33,30
Q9C0D4,113,6,107,56,59,54
Q9H3F6,22,2,20,9,15,7
Q9NZC7,27,2,25,15,14,13
Q9NZG7,10,0,10,4,6,4
Q9NZQ0,16,0,16,8,8,8
Q9P0T4,25,5,20,13,11,14
Q9P255,39,1,38,23,17,22
Q9UBM4,26,0,26,18,8,18
Q9UBP5,42,1,41,24,19,23
Q9UF02,28,0,28,19,9,19
Q9UJ78,77,5,72,46,32,45
Q9UJ90,8,0,8,6,2,6
Q9UJW7,67,0,67,52,15,52
Q9Y548,20,2,18,14,8,12
Q9Y6H3,15,0,15,10,5,10
Q9Y6T7,53,2,51,30,25,28
A0A1B0GUA7,10,0,10,8,2,8
A0A1B0GVQ0,4,0,4,3,1,3
A0A494C191,18,0,18,9,9,9
A8MTL9,9,1,8,6,4,5
B1ATL7,25,0,25,11,14,11
E5RIL1,21,0,21,11,10,11
O14753,21,1,20,10,12,9
O15427,30,1,29,18,13,17
O43306,73,6,67,52,27,46
O75044,150,44,106,74,98,52
O75192,17,0,17,11,6,11
O75695,25,2,23,18,9,16
O75928,95,9,86,50,52,43
O95716,14,0,14,9,5,9
O95741,43,0,43,25,18,25
P00568,16,4,12,5,15,1
P02008,14,4,10,8,10,4
P02795,9,4,5,5,8,1
P0C0E4,23,0,23,10,13,10
P0DMN0,14,0,14,9,5,9
P10643,85,2,83,42,45,40
P10645,55,18,37,28,41,14
P19404,7,1,6,3,5,2
P20340,20,7,13,12,15,5
P35236,26,9,17,14,13,13
P36897,35,5,30,21,19,16
P40425,55,10,45,27,34,21
P42658,63,0,63,34,29,34
P42773,4,0,4,2,2,2
P45381,9,1,8,4,6,3
P53999,32,15,17,16,29,3
P58294,5,1,4,3,3,2
P59990,13,0,13,13,0,13
P60827,10,0,10,3,7,3
P63252,29,0,29,13,16,13
Q00888,36,0,36,20,16,20
Q02386,60,1,59,46,13,47
Q02962,43,0,43,20,23,20
Q04323,21,6,15,8,19,2
Q06250,6,0,6,4,2,4
Q0D2K5,20,1,19,13,8,12
Q0VAK6,27,0,27,9,18,9
Q12873,144,32,112,65,107,37
Q12948,83,13,70,36,50,33
Q13009,207,36,171,92,151,56
Q13105,57,6,51,26,37,20
Q3ZCX4,52,2,50,35,17,35
Q5BJH2,10,0,10,9,1,9
Q68DD2,64,3,61,40,23,41
Q68E01,95,14,81,51,52,43
Q6ZU67,69,3,66,43,29,40
Q76MJ5,66,0,66,32,34,32
Q7Z2X4,17,0,17,7,10,7
Q86SM8,13,0,13,12,1,12
Q86VZ1,22,0,22,14,8,14
Q8N2C9,11,0,11,5,6,5
Q8N8X9,18,0,18,14,4,14
Q8NEW7,5,1,4,3,3,2
Q8NFF2,37,0,37,20,17,20
Q8NGG1,28,1,27,22,7,21
Q8NGU4,18,1,17,15,2,16
Q8TCA0,12,1,11,6,7,5
Q8TD86,6,0,6,4,2,4
Q8TDW5,85,6,79,32,57,28
Q8TE58,77,1,76,34,44,33
Q8TF42,54,3,51,39,18,36
Q8WWF6,6,0,6,3,3,3
Q92738,107,32,75,45,94,13
Q92820,20,0,20,9,11,9
Q92854,81,8,73,46,41,40
Q92889,66,3,63,28,41,25
Q969E4,18,8,10,10,16,2
Q969G3,46,13,33,21,30,16
Q969S9,45,1,44,24,22,23
Q96G23,27,4,23,15,16,11
Q96S52,49,2,47,25,24,25
Q9BTX3,13,0,13,10,3,10
Q9BZD7,24,0,24,8,16,8
Q9BZW7,53,6,47,24,31,22
Q9H2F9,26,0,26,10,16,10
Q9H3V2,16,0,16,14,2,14
Q9H871,29,0,29,21,8,21
Q9HB07,25,2,23,16,11,14
Q9HBF4,57,5,52,31,25,32
Q9NQ87,38,0,38,12,26,12
Q9NRC6,214,0,214,94,120,94
Q9NUQ9,19,3,16,8,14,5
Q9NYM4,27,0,27,16,11,16
Q9P0J0,4,0,4,2,2,2
Q9P2X3,16,1,15,11,6,10
Q9P2Z0,28,4,24,14,18,10
Q9UBB9,65,12,53,32,45,20
Q9UKE5,169,52,117,82,131,38
Q9UM44,49,0,49,30,19,30
Q9UMY4,11,5,6,5,11,0
Q9UPN3,705,124,581,364,449,256
Q9Y4A8,68,0,68,34,34,34
Q9Y4P9,13,0,13,5,8,5
Q9Y5B0,103,21,82,46,78,25
Q9Y697,33,1,32,17,17,16
A0A096LNP1,6,0,6,4,2,4
A0A8V8TPE2,43,0,43,23,20,23
A0PG75,17,0,17,15,2,15
A6NCE7,7,0,7,6,1,6
A6NGB7,15,0,15,8,7,8
A6NGY3,17,0,17,7,10,7
A8MTZ7,28,1,27,16,13,15
O00305,66,4,62,18,50,16
O00602,19,0,19,11,8,11
O43688,21,3,18,14,8,13
O75298,60,6,54,25,41,19
O95359,381,82,299,175,270,111
P00734,41,3,38,21,23,18
P04066,34,0,34,20,14,20
P07359,53,2,51,34,21,32
P07942,133,15,118,78,70,63
P09429,20,9,11,10,7,13
P09972,21,5,16,10,16,5
P0DMQ9,18,0,18,13,5,13
P11279,44,4,40,23,25,19
P16519,39,0,39,29,10,29
P17019,38,3,35,30,11,27
P20848,28,0,28,17,11,17
P21589,40,2,38,28,14,26
P22004,45,0,45,13,32,13
P28347,38,6,32,22,22,16
P28698,52,5,47,30,27,25
P29508,27,2,25,15,14,13
P35711,84,18,66,34,64,20
P40197,39,2,37,25,16,23
P46926,11,1,10,4,8,3
P60059,2,0,2,0,2,0
P62312,1,0,1,1,0,1
P63241,11,3,8,7,7,4
Q03135,13,4,9,7,4,9
Q0Z7S8,9,1,8,3,7,2
Q12889,54,0,54,35,19,35
Q13351,24,0,24,15,9,15
Q13595,80,35,45,36,75,5
Q13641,35,0,35,21,14,21
Q13835,124,35,89,66,89,35
Q13875,24,4,20,8,20,4
Q14929,59,3,56,30,30,29
Q15323,38,0,38,21,17,21
Q52M58,12,0,12,8,4,8
Q5MJ07,6,0,6,2,4,2
Q5T7M4,21,0,21,11,10,11
Q5VYY2,24,0,24,15,9,15
Q68DK7,67,16,51,34,45,22
Q6EMK4,39,1,38,26,12,27
Q6JVE9,12,0,12,6,6,6
Q6SJ93,60,4,56,33,27,33
Q6VUC0,36,7,29,16,27,9
Q6ZMC9,22,0,22,10,12,10
Q6ZNJ1,238,26,212,123,133,105
Q76M96,80,6,74,30,56,24
Q7LBE3,64,0,64,50,14,50
Q7Z3Y8,35,0,35,23,12,23
Q86SQ4,136,11,125,80,67,69
Q86TL0,39,0,39,11,28,11
Q8IX29,22,0,22,8,14,8
Q8IY37,71,6,65,36,37,34
Q8N8L2,37,2,35,28,9,28
Q8N9U0,80,14,66,36,58,22
Q8NA82,109,1,108,31,79,30
Q8NH03,25,0,25,17,8,17
Q8WX93,190,46,144,90,144,46
Q96A09,30,0,30,16,14,16
Q96ES7,14,1,13,4,11,3
Q96G01,88,14,74,37,65,23
Q96G03,51,5,46,26,30,21
Q96HZ4,13,1,12,6,8,5
Q96IM9,9,0,9,2,7,2
Q96J88,27,3,24,8,22,5
Q96KT0,10,0,10,4,6,4
Q96QV6,5,0,5,1,4,1
Q96QZ0,41,0,41,27,14,27
Q96RP7,40,0,40,20,20,20
Q99607,84,8,76,43,49,35
Q9BQG2,23,1,22,16,8,15
Q9BQS6,11,0,11,1,10,1
Q9BSG5,19,2,17,10,11,8
Q9BV29,14,1,13,9,6,8
Q9BVA1,44,15,29,25,32,12
Q9GZV3,47,0,47,33,14,33
Q9H015,39,0,39,29,10,29
Q9H0N0,21,0,21,10,11,10
Q9H694,143,23,120,69,93,50
Q9H7X3,34,0,34,18,16,18
Q9H7Z3,108,5,103,66,47,61
Q9HD67,189,23,166,95,115,74
Q9HDD0,9,0,9,5,4,5
Q9NTJ4,75,4,71,42,37,38
Q9P1Q0,87,6,81,53,38,49
Q9UIW2,160,8,152,88,78,82
Q9UK00,11,0,11,4,7,4
Q9ULP9,45,6,39,27,20,25
Q9Y2T1,86,7,79,42,49,37
Q9Y3R0,137,9,128,63,83,54
Q9Y6R7,375,1,374,241,135,240
A0A0B4J1V7,11,0,11,10,1,10
A0A0C4DH36,14,0,14,7,7,7
A0A0J9YW62,9,0,9,6,3,6
A0A1B0GVM2,43,0,43,24,19,24
O00160,77,13,64,37,53,24
O00330,44,8,36,20,30,14
O14874,26,5,21,8,19,7
O60244,131,14,117,76,67,64
O60500,101,2,99,63,38,63
O60673,373,28,345,170,217,156
O60674,75,3,72,40,38,37
O75191,50,2,48,32,20,30
O75916,59,2,57,23,38,21
O75947,10,3,7,6,7,3
O94921,52,13,39,29,36,16
P04004,47,13,34,28,24,23
P05813,21,2,19,10,11,10
P06400,107,30,77,61,64,43
P0DTU4,27,0,27,19,8,19
P10720,2,0,2,1,1,1
P13535,121,20,101,66,75,46
P22301,9,0,9,6,3,6
P23467,201,8,193,115,88,113
P23511,17,2,15,11,8,9
P23771,65,5,60,33,37,28
P28356,45,4,41,19,28,17
P38571,30,0,30,18,12,18
P40145,97,2,95,53,44,53
P41091,35,8,27,21,20,15
P48059,5,1,4,3,1,4
P52790,62,1,61,34,29,33
P59074,8,0,8,4,4,4
P60328,12,0,12,12,0,12
Q00887,31,0,31,16,15,16
Q01484,515,99,416,239,339,176
Q01995,18,8,10,8,10,8
Q07820,30,9,21,16,17,13
Q13253,15,0,15,7,8,7
Q13825,22,3,19,11,14,8
Q14094,37,2,35,26,13,24
Q14185,135,21,114,65,89,46
Q14493,48,21,27,24,37,11
Q14586,74,4,70,50,24,50
Q15041,9,0,9,8,1,8
Q4G0N0,8,0,8,7,1,7
Q4V9L6,29,4,25,12,21,8
Q5T7M9,24,0,24,18,6,18
Q5TFG8,15,1,14,8,6,9
Q6J9G0,23,1,22,12,12,11
Q6P1L6,61,3,58,33,27,34
Q6PII5,16,0,16,9,7,9
Q6PJT7,111,38,73,54,89,22
Q6PRD1,220,1,219,82,139,81
Q6ZSI9,39,0,39,23,16,23
Q7Z4M0,18,0,18,14,4,14
Q7Z5V6,35,0,35,19,16,19
Q86SE5,24,5,19,9,18,6
Q8IUE1,28,3,25,12,19,9
Q8N1Q8,26,1,25,15,10,16
Q8N228,47,2,45,19,30,17
Q8N2K0,27,4,23,19,8,19
Q8N782,41,0,41,29,12,29
Q8NAC3,55,0,55,32,23,32
Q8NBM4,31,1,30,22,10,21
Q8NEW0,32,0,32,26,6,26
Q8NFN8,108,0,108,50,58,50
Q8NGS1,28,0,28,24,4,24
Q8NH59,22,0,22,16,6,16
Q8TE57,118,7,111,78,39,79
Q8TE82,90,2,88,45,47,43
Q8WWU7,26,0,26,15,11,15
Q92574,153,38,115,75,116,37
Q92871,15,1,14,7,9,6
Q96HB5,78,18,60,34,60,18
Q96J86,7,0,7,4,3,4
Q96MX0,11,0,11,6,5,6
Q96ND0,17,1,16,5,11,6
Q99523,76,4,72,47,33,43
Q99973,238,10,228,138,104,134
Q99999,23,0,23,14,9,14
Q9BR10,18,0,18,5,13,5
Q9BTV6,36,1,35,24,13,23
Q9BVV6,175,18,157,89,96,79
Q9BWV7,44,0,44,26,18,26
Q9BXU7,76,0,76,31,45,31
Q9BYD2,9,1,8,5,3,6
Q9C0C6,67,6,61,25,48,19
Q9H0M4,65,3,62,22,46,19
Q9H0V9,20,0,20,10,10,10
Q9NRW1,16,2,14,8,10,6
Q9NZC9,108,10,98,54,64,44
Q9UGK8,35,2,33,23,14,21
Q9UGV2,42,15,27,21,36,6
Q9ULJ7,159,35,124,90,96,63
Q9Y366,27,0,27,16,11,16
Q9Y383,62,19,43,24,57,5
Q9Y3A3,13,1,12,7,7,6
Q9Y5F3,66,0,66,33,33,33
A0A1W2PP81,13,0,13,6,7,6
A6NFE3,7,0,7,5,2,5
A6NKW6,13,0,13,9,4,9
O14818,15,4,11,7,10,5
O15347,15,4,11,8,11,4
O43174,30,2,28,12,20,10
O75752,20,0,20,12,8,12
O95382,98,10,88,59,47,51
O95503,50,11,39,21,40,10
P01130,74,5,69,49,24,50
P01258,15,1,14,6,10,5
P04430,17,0,17,12,5,12
P06132,11,1,10,8,4,7
P0DUB6,32,0,32,20,12,20
P19099,26,0,26,9,17,9
P20592,43,5,38,23,23,20
P28325,8,0,8,4,4,4
P30260,115,35,80,60,74,41
P30530,60,4,56,38,22,38
P31689,20,9,11,11,10,10
P34896,34,4,30,23,15,19
P34949,33,2,31,15,20,13
P35813,27,1,26,11,17,10
P52739,39,1,38,23,17,22
P53355,114,12,102,52,68,46
P55001,9,0,9,6,3,6
P57057,45,0,45,34,11,34
Q08462,71,3,68,45,29,42
Q10588,27,1,26,16,12,15
Q13061,57,7,50,22,42,15
Q13670,18,0,18,10,8,10
Q14721,105,17,88,47,75,30
Q14872,88,5,83,56,35,53
Q16630,60,20,40,33,41,19
Q30154,16,0,16,5,11,5
Q3B820,59,6,53,22,43,16
Q4KMG9,14,0,14,10,4,10
Q5JQF8,15,3,12,6,12,3
Q5MNV8,33,0,33,17,16,17
Q5T292,5,0,5,1,4,1
Q5TGI0,29,1,28,21,9,20
Q5VVH2,5,0,5,2,3,2
Q6P1K2,14,3,11,6,11,3
Q6P4E1,36,9,27,15,22,14
Q6P9A3,49,3,46,30,20,29
Q6Q6R5,14,0,14,6,8,6
Q6UW60,55,0,55,45,10,45
Q6UX82,34,0,34,30,4,30
Q6UXN9,30,1,29,18,13,17
Q6ZR37,58,0,58,28,30,28
Q6ZU15,24,0,24,15,9,15
Q86UW8,12,0,12,6,6,6
Q8IUN9,21,0,21,14,7,14
Q8IUX1,15,1,14,9,5,10
Q8IVQ6,9,0,9,7,2,7
Q8IYD2,19,0,19,12,7,12
Q8N126,38,0,38,22,16,22
Q8N831,22,0,22,16,6,16
Q8N9B8,36,3,33,24,11,25
Q8N9M5,43,8,35,23,28,15
Q8NAU1,13,0,13,6,7,6
Q8NGS3,27,2,25,21,6,21
Q8NHR9,7,0,7,5,2,5
Q8WV22,13,1,12,8,6,7
Q8WVI7,5,0,5,1,4,1
Q8WW27,33,0,33,23,10,23
Q8WXB4,66,1,65,52,15,51
Q8WXE9,124,14,110,61,73,51
Q96CS2,26,2,24,14,14,12
Q96G79,23,0,23,17,6,17
Q96G91,22,0,22,16,6,16
Q96J01,37,4,33,20,19,18
Q96MA6,19,0,19,12,7,12
Q96MW1,11,2,9,6,7,4
Q96N64,97,10,87,34,69,28
Q99689,38,4,34,17,23,15
Q99788,39,5,34,24,16,23
Q9BQ49,5,2,3,3,2,3
Q9BQ89,45,14,31,20,35,10
Q9BSI4,35,5,30,20,16,19
Q9BWJ2,6,0,6,4,2,4
Q9BY31,58,3,55,38,19,39
Q9H091,52,0,52,21,31,21
Q9H611,43,4,39,25,22,21
Q9H6R6,18,0,18,10,8,10
Q9HCU5,23,0,23,16,7,16
Q9NQR4,23,3,20,11,15,8
Q9NUU7,31,5,26,17,15,16
Q9NWT8,12,2,10,5,9,3
Q9NXR1,44,16,28,21,39,5
Q9P0M2,24,2,22,10,14,10
Q9P291,35,2,33,10,27,8
Q9UHY7,16,2,14,11,5,11
Q9UJU5,39,2,37,22,19,20
Q9ULK2,171,15,156,78,104,67
Q9UM07,46,1,45,27,20,26
Q9Y2G8,62,0,62,46,16,46
Q9Y471,20,0,20,14,6,14
A0A1B0GUA6,30,0,30,8,22,8
A0A1B0GX49,8,0,8,4,4,4
A6NF89,22,0,22,22,0,22
A6NFC9,22,0,22,13,9,13
A6NFU0,22,0,22,12,10,12
B3GLJ2,2,0,2,2,0,2
D6RGH6,34,0,34,14,20,14
F5GYI3,36,0,36,10,26,10
O00515,107,39,68,45,95,12
O00585,9,0,9,5,4,5
O14682,49,5,44,28,26,23
O43924,8,0,8,5,3,5
O60312,145,5,140,87,63,82
O75382,61,10,51,36,35,26
O94964,163,23,140,73,109,54
O95625,109,18,91,60,59,50
O95996,263,18,245,96,185,78
O96002,11,0,11,9,2,9
P00750,51,1,50,33,19,32
P09497,19,4,15,9,12,7
P0CJ79,47,0,47,35,12,35
P0DPF5,20,0,20,8,12,8
P0DTL6,22,0,22,12,10,12
P11308,53,9,44,28,30,23
P13985,16,0,16,4,12,4
P15088,24,0,24,12,12,12
P16278,43,2,41,23,22,21
P20061,39,0,39,26,13,26
P20138,30,1,29,16,15,15
P22090,8,2,6,4,6,2
P42025,24,2,22,11,15,9
P48201,15,0,15,6,9,6
P52815,6,0,6,5,1,5
P54368,25,2,23,11,12,13
P59991,25,0,25,24,1,24
P60508,46,1,45,35,12,34
P80511,3,0,3,2,1,2
P83436,58,3,55,38,21,37
Q12788,54,2,52,39,17,37
Q13724,56,2,54,31,27,29
Q13907,10,1,9,6,5,5
Q16602,31,2,29,21,12,19
Q16609,10,0,10,7,3,7
Q4G0W2,11,1,10,4,8,3
Q5BVD1,16,0,16,7,9,7
Q5I7T1,31,0,31,24,7,24
Q5SYB0,183,2,181,90,91,92
Q5T1A1,61,0,61,35,26,35
Q5VST9,673,42,631,325,384,289
Q68CR1,79,1,78,49,29,50
Q6N021,219,17,202,109,121,98
Q6P474,28,2,26,18,10,18
Q6PJE2,19,0,19,9,10,9
Q6UWJ8,9,0,9,5,4,5
Q6ZTQ4,61,0,61,34,27,34
Q7L099,28,2,26,15,11,17
Q7L3S4,15,0,15,11,4,11
Q86SQ9,18,0,18,12,6,12
Q8N1V8,17,0,17,7,10,7
Q8N6L7,13,0,13,9,4,9
Q8N7S2,14,0,14,6,8,6
Q8ND04,95,13,82,50,56,39
Q8NEZ4,585,86,499,294,371,214
Q8TDV0,42,0,42,27,15,27
Q8WXS3,12,0,12,8,4,8
Q92530,19,4,15,11,12,7
Q92947,33,2,31,18,17,16
Q92990,36,0,36,26,10,26
Q93086,33,2,31,18,17,16
Q96B77,12,0,12,6,6,6
Q96NT0,11,0,11,7,4,7
Q96PN8,14,0,14,13,1,13
Q96RW7,445,7,438,268,180,265
Q96T51,61,13,48,32,34,27
Q9BQ83,7,0,7,6,1,6
Q9BSD3,30,1,29,15,16,14
Q9BTD3,11,0,11,7,4,7
Q9BXU8,10,0,10,7,3,7
Q9BYM8,28,8,20,13,13,15
Q9BZE4,42,12,30,21,31,11
Q9C075,42,11,31,17,30,12
Q9C0B9,140,16,124,63,83,57
Q9C0K0,121,40,81,62,83,38
Q9H0R8,2,0,2,2,0,2
Q9H2X0,56,0,56,25,31,25
Q9H8P0,19,0,19,18,1,18
Q9NTZ6,77,8,69,35,50,27
Q9NY91,46,0,46,37,9,37
Q9UGJ0,104,37,67,52,87,17
Q9UGR2,84,9,75,36,57,27
Q9UL46,9,1,8,3,7,2
Q9ULV8,38,7,31,26,19,19
Q9UNW1,33,0,33,21,12,21
Q9UPW8,140,8,132,62,78,62
Q9UQB9,15,2,13,7,10,5
Q9UQD0,143,4,139,78,69,74
Q9Y227,41,3,38,26,14,27
Q9Y3T9,91,30,61,48,73,18
A0A0A6YYC5,10,0,10,7,3,7
A0A0C4DH25,15,0,15,10,5,10
A0A0G2JRQ6,16,0,16,10,6,10
A0A1B0GUC4,9,0,9,4,5,4
A3KFT3,28,0,28,23,5,23
A6NJZ7,137,0,137,58,79,58
A6NMS7,158,1,157,74,85,73
A7E2U8,23,0,23,8,15,8
A8MVU1,27,0,27,12,15,12
O00148,28,7,21,14,19,9
O00175,8,0,8,4,4,4
O00746,17,2,15,10,9,8
O14603,14,0,14,8,6,8
O14917,102,7,95,44,65,37
O43781,45,3,42,22,22,23
O43805,5,1,4,3,3,2
O60356,9,3,6,4,8,1
O60896,3,0,3,3,0,3
O75306,19,0,19,12,7,12
O75934,14,3,11,7,8,6
O95872,24,2,22,9,17,7
P01270,9,1,8,4,6,3
P01563,16,0,16,10,6,10
P02768,45,19,26,24,14,31
P06307,7,0,7,3,4,3
P06899,21,10,11,10,21,0
P07738,18,4,14,8,10,8
P0C7A2,27,0,27,18,9,18
P0CJ88,23,0,23,10,13,10
P12110,57,4,53,28,29,28
P15408,62,19,43,30,47,15
P17612,23,7,16,13,17,6
P19397,15,0,15,13,2,13
P20783,22,0,22,12,10,12
P24666,15,5,10,7,11,4
P27449,13,2,11,8,7,6
P31146,34,5,29,19,20,14
P42680,45,5,40,26,22,23
Q03113,23,2,21,12,13,10
Q05516,62,3,59,41,24,38
Q07866,39,9,30,23,21,18
Q10586,25,2,23,5,22,3
Q12834,67,14,53,45,30,37
Q14181,76,15,61,43,44,32
Q14692,100,19,81,46,61,39
Q15392,23,0,23,20,3,20
Q15561,48,4,44,29,23,25
Q30KQ9,1,0,1,0,1,0
Q33E94,80,3,77,39,42,38
Q3B726,34,10,24,20,20,14
Q3ZLR7,74,0,74,30,44,30
Q59H18,72,0,72,35,37,35
Q5VTD9,37,3,34,22,16,21
Q66K89,57,7,50,33,31,26
Q6IQ32,103,7,96,62,46,57
Q6UXM1,113,0,113,59,54,59
Q71DI3,11,5,6,5,9,2
Q86V97,57,0,57,41,16,41
Q86VH4,56,0,56,34,22,34
Q8IUI4,36,1,35,16,21,15
Q8IWF6,35,2,33,19,16,19
Q8N3E9,55,7,48,24,36,19
Q8N3F9,42,0,42,30,12,30
Q8N4V1,16,5,11,9,10,6
Q8N945,14,1,13,9,6,8
Q8NBJ5,37,1,36,21,17,20
Q8NG48,76,6,70,43,35,41
Q8TBC3,80,12,68,43,41,39
Q8TBK2,23,0,23,13,10,13
Q92692,55,13,42,31,35,20
Q92734,54,17,37,31,32,22
Q92743,33,0,33,17,16,17
Q92824,148,2,146,107,43,105
Q969L2,11,0,11,9,2,9
Q96D70,20,2,18,7,13,7
Q96K12,26,1,25,17,8,18
Q96N16,26,3,23,12,17,9
Q96SR6,29,1,28,14,14,15
Q99766,10,1,9,7,2,8
Q9BPX3,78,17,61,44,49,29
Q9BRX2,31,5,26,16,18,13
Q9BTV4,36,3,33,17,20,16
Q9BWQ6,19,0,19,13,6,13
Q9BX74,15,0,15,9,6,9
Q9BZM5,16,0,16,9,7,9
Q9GZY8,45,17,28,23,37,8
Q9H322,13,0,13,4,9,4
Q9HB89,27,1,26,17,11,16
Q9NR34,51,4,47,30,25,26
Q9NX63,22,7,15,9,20,2
Q9NYW2,20,1,19,17,2,18
Q9NYW6,29,0,29,26,3,26
Q9P1P5,29,2,27,24,5,24
Q9UHD0,8,0,8,4,4,4
Q9UN76,47,1,46,37,11,36
Q9Y2B5,48,2,46,30,18,30
Q9Y3B4,1,0,1,1,0,1
Q9Y5A6,44,5,39,30,17,27
Q9Y5Z6,21,0,21,16,5,16
Q9Y6H5,138,15,123,57,94,44
A0A087WW49,19,0,19,12,7,12
A0A0B4J276,7,0,7,7,0,7
A0A0J9YVY3,11,0,11,7,4,7
A0A140TA64,27,0,27,27,0,27
A0A1W2PS18,7,0,7,4,3,4
A0A8Q3WKH5,8,0,8,3,5,3
A1A4S6,70,8,62,36,42,28
A4D1U4,26,1,25,14,13,13
A6NM43,27,0,27,21,6,21
B4DU55,56,1,55,42,15,41
C9JE40,39,0,39,20,19,20
O14627,34,0,34,16,18,16
O14815,43,0,43,21,22,21
O14880,9,0,9,6,3,6
O60551,39,8,31,23,24,15
O75190,32,3,29,21,14,18
O94892,49,0,49,33,16,33
O95248,167,19,148,93,83,84
O95744,21,0,21,12,9,12
O96024,27,1,26,17,11,16
P01834,15,1,14,9,7,8
P05556,65,6,59,43,20,45
P13051,29,7,22,18,14,15
P13797,44,12,32,26,16,28
P14555,9,0,9,6,3,6
P15559,18,1,17,13,6,12
P19086,24,3,21,11,16,8
P30926,40,0,40,26,14,26
P30954,22,0,22,19,3,19
P36980,26,0,26,19,7,19
P40313,32,0,32,23,9,23
P41182,88,16,72,41,61,27
P49750,230,31,199,104,149,81
P50052,26,0,26,17,9,17
P86479,8,0,8,4,4,4
Q08828,67,5,62,38,34,33
Q13356,30,2,28,16,16,14
Q15021,107,20,87,68,43,64
Q15172,41,7,34,23,25,16
Q16568,5,2,3,3,2,3
Q16581,46,4,42,24,24,22
Q2NKQ1,123,7,116,53,77,46
Q5BLP8,5,0,5,3,2,3
Q5H9R7,110,22,88,57,65,45
Q5TCS8,86,1,85,55,30,56
Q5TGU0,8,0,8,8,0,8
Q5VZR2,60,0,60,19,41,19
Q5XKL5,226,0,226,86,140,86
Q68DY9,42,0,42,29,13,29
Q6NUI6,32,0,32,22,10,22
Q6UWM7,36,0,36,27,9,27
Q86WD7,36,0,36,18,18,18
Q8IXN7,31,1,30,13,19,12
Q8IY18,72,11,61,40,43,29
Q8IZ02,38,2,36,21,17,21
Q8N0U4,37,0,37,20,17,20
Q8N2G4,14,0,14,6,8,6
Q8N3J6,35,1,34,24,12,23
Q8NBI2,19,0,19,15,4,15
Q8NEE8,84,3,81,36,49,35
Q8NFV4,24,2,22,11,13,11
Q8TAV4,17,0,17,9,8,9
Q8TEY7,91,14,77,44,59,32
Q8WUA4,104,22,82,50,72,32
Q8WW35,5,0,5,2,3,2
Q8WW59,12,0,12,6,6,6
Q92754,41,5,36,22,24,17
Q92851,42,2,40,25,19,23
Q93098,26,0,26,18,8,18
Q96GV9,29,11,18,15,23,6
Q96HE8,15,0,15,7,8,7
Q96JX3,55,2,53,25,30,25
Q96KR1,109,20,89,59,52,57
Q96Q07,58,5,53,29,34,24
Q96QF0,60,13,47,30,43,17
Q9BQS8,117,16,101,50,83,34
Q9BY07,80,1,79,49,32,48
Q9BYC2,21,0,21,11,10,11
Q9BZ72,161,25,136,74,106,55
Q9H1B4,31,0,31,26,5,26
Q9H4B8,47,0,47,29,18,29
Q9H7R5,42,0,42,35,7,35
Q9H903,18,0,18,10,8,10
Q9NQZ8,41,2,39,23,20,21
Q9NS71,12,0,12,10,2,10
Q9NVH2,97,5,92,60,40,57
Q9NZM6,47,2,45,29,18,29
Q9P2K6,41,3,38,25,19,22
Q9UBB6,45,3,42,28,20,25
Q9UI72,2,0,2,1,1,1
Q9UIG8,54,3,51,33,22,32
Q9UKR5,9,2,7,7,2,7
Q9UPA5,463,40,423,166,327,136
Q9Y2L5,148,10,138,78,78,70
Q9Y3N9,20,0,20,16,4,16
Q9Y587,8,1,7,5,4,4
Q9Y5E2,67,1,66,48,20,47
A0A1B0GVH7,25,0,25,15,10,15
A6NCV1,26,0,26,21,5,21
A6NDU8,22,0,22,14,8,14
A6NEQ2,34,1,33,14,21,13
A6NF01,136,1,135,72,65,71
A6NGQ2,5,0,5,2,3,2
A6NMT0,50,5,45,26,29,21
O14975,23,1,22,11,11,12
O15239,3,1,2,1,3,0
O15554,21,2,19,15,8,13
O43776,34,7,27,16,25,9
O43934,43,1,42,31,13,30
O60825,40,12,28,20,28,12
O75691,195,19,176,123,71,124
O75891,49,6,43,27,26,23
O96015,5,0,5,2,3,2
P00540,29,1,28,16,14,15
P00748,37,0,37,21,16,21
P05161,17,3,14,10,8,9
P08559,23,5,18,8,18,5
P0C7P0,8,1,7,5,4,4
P10124,19,1,18,6,12,7
P14770,8,0,8,5,3,5
P20023,84,1,83,47,38,46
P26367,49,1,48,31,19,30
P29375,160,28,132,92,90,70
P31749,28,9,19,13,24,4
P36957,25,2,23,9,18,7
P37058,20,0,20,15,5,15
P41229,108,9,99,58,55,53
P42685,47,12,35,22,29,18
P46459,56,13,43,32,29,27
P49795,33,9,24,17,21,12
P59665,3,0,3,2,1,2
Q06416,27,4,23,13,18,9
Q08AI6,29,0,29,23,6,23
Q13506,59,12,47,29,42,17
Q14005,229,44,185,95,168,61
Q14258,56,10,46,31,29,27
Q16842,22,0,22,14,8,14
Q2M3V2,53,9,44,23,39,14
Q2NL82,50,8,42,26,30,20
Q53H12,25,1,24,15,9,16
Q53HC5,42,2,40,18,24,18
Q5VTA0,29,0,29,19,10,19
Q5VTH9,76,1,75,36,41,35
Q5VU57,32,0,32,20,12,20
Q6JBY9,79,35,44,37,69,10
Q6KC79,381,87,294,170,266,115
Q6PGP7,94,0,94,57,37,57
Q6PHW0,12,0,12,7,5,7
Q6UXB2,7,0,7,6,1,6
Q6YN16,25,3,22,16,10,15
Q6ZSY5,67,10,57,29,48,19
Q6ZU65,193,29,164,97,117,76
Q70UQ0,31,0,31,11,20,11
Q711Q0,162,0,162,52,110,52
Q7RTU0,13,0,13,3,10,3
Q7Z3C6,81,18,63,44,55,26
Q86SG6,49,0,49,27,22,27
Q86TM3,46,0,46,21,25,21
Q86VD7,31,5,26,17,17,14
Q86XR7,19,3,16,12,10,9
Q8IUX8,31,0,31,22,9,22
Q8N0Z9,52,2,50,29,25,27
Q8N100,6,0,6,2,4,2
Q8N141,31,0,31,20,11,20
Q8N594,46,6,40,24,28,18
Q8N6I4,9,0,9,8,1,8
Q8NGE7,35,0,35,28,7,28
Q8NGJ1,20,0,20,15,5,15
Q8NGK6,31,0,31,27,4,27
Q8NGY2,27,0,27,23,4,23
Q8NHV9,5,0,5,3,2,3
Q8WUH6,14,6,8,8,8,6
Q8WV60,25,1,24,14,12,13
Q8WV93,26,1,25,15,12,14
Q96C19,22,7,15,11,18,4
Q96GE6,14,1,13,6,9,5
Q96L03,23,1,22,11,13,10
Q96L11,12,0,12,7,5,7
Q96NS5,18,0,18,11,7,11
Q99618,48,17,31,20,45,3
Q9BQ13,18,2,16,12,8,10
Q9BWV3,34,0,34,17,17,17
Q9BXU0,13,0,13,4,9,4
Q9C0G6,255,6,249,155,100,155
Q9H814,49,20,29,22,47,2
Q9H8K7,49,7,42,29,25,24
Q9H9Y4,18,0,18,14,4,14
Q9HB09,37,11,26,19,29,8
Q9HCD5,85,26,59,39,68,17
Q9HCL2,76,6,70,43,39,37
Q9NP72,10,1,9,6,5,5
Q9NZR4,38,2,36,10,30,8
Q9UKB3,19,3,16,6,16,3
Q9UNH5,66,6,60,23,49,17
Q9UPX6,102,1,101,43,60,42
Q9Y278,27,0,27,14,13,14
Q9Y2I7,269,47,222,138,176,93
A0A0C4DH38,14,0,14,9,5,9
A0A0C4DH68,16,0,16,10,6,10
A0A0K0K1E9,9,0,9,4,5,4
A0A1W2PQU2,9,0,9,8,1,8
A6NEN9,9,0,9,2,7,2
A6NER0,35,0,35,26,9,26
A6NF36,7,0,7,6,1,6
A6NF83,2,0,2,1,1,1
A6NJZ3,27,0,27,25,2,25
A6NNB3,6,0,6,4,2,4
O00541,32,7,25,17,20,12
O14686,622,104,518,268,428,194
O43181,16,3,13,8,7,9
O43255,25,5,20,15,15,10
O43612,6,0,6,4,2,4
O60341,58,8,50,36,24,34
O75896,4,1,3,1,4,0
P01213,25,1,24,12,14,11
P08727,60,27,33,30,39,21
P09629,20,2,18,11,11,9
P0C7L1,8,0,8,7,1,7
P0CG30,12,1,11,9,4,8
P0DMR3,18,0,18,11,7,11
P0DPP9,3,0,3,1,2,1
P16112,308,1,307,176,133,175
P17025,38,2,36,24,16,22
P17813,74,3,71,47,28,46
P17987,47,13,34,26,20,27
P22735,75,9,66,38,42,33
P30279,17,3,14,10,8,9
P35557,32,1,31,14,19,13
P38606,55,8,47,28,33,22
P38936,18,7,11,9,10,8
P43378,36,4,32,24,14,22
P49419,38,7,31,22,17,21
P49703,12,1,11,8,5,7
P51153,17,4,13,9,10,7
P52735,71,11,60,33,47,24
P59103,12,0,12,3,9,3
P61599,9,0,9,5,4,5
P63167,6,3,3,3,4,2
P78524,199,53,146,89,151,48
Q00444,15,0,15,7,8,7
Q01970,116,27,89,60,69,47
Q14469,29,5,24,17,17,12
Q15633,42,9,33,22,29,13
Q2M3W8,64,3,61,47,20,44
Q3KNT7,13,0,13,8,5,8
Q5SQ64,24,0,24,10,14,10
Q5T5P2,316,88,228,151,219,97
Q5T6F2,196,16,180,116,82,114
Q6NT76,57,9,48,25,41,16
Q6P7N7,11,0,11,8,3,8
Q6ZN66,36,2,34,24,10,26
Q6ZNI0,23,0,23,15,8,15
Q70Z44,39,0,39,30,9,30
Q7KZF4,73,25,48,37,41,32
Q86WN1,53,5,48,21,35,18
Q8N8A2,49,0,49,25,24,25
Q8N8I0,7,1,6,4,4,3
Q8NEA4,11,0,11,8,3,8
Q8NEX9,21,2,19,9,12,9
Q8NG78,38,0,38,35,3,35
Q8NGF6,24,0,24,23,1,23
Q8NGZ3,18,0,18,13,5,13
Q8TBB5,41,8,33,19,30,11
Q8TC17,8,0,8,3,5,3
Q8WUT4,75,3,72,42,34,41
Q8WVM8,55,13,42,31,37,18
Q8WZ59,15,0,15,8,7,8
Q969U6,48,3,45,28,23,25
Q96BF3,31,4,27,17,18,13
Q96FI4,29,3,26,11,19,10
Q96SE7,61,1,60,44,16,45
Q99880,24,12,12,12,24,0
Q9BPV8,21,0,21,12,9,12
Q9BTM1,3,0,3,0,3,0
Q9BUZ4,33,5,28,19,17,16
Q9BX70,26,0,26,20,6,20
Q9BXQ6,59,2,57,26,33,26
Q9H1K4,16,1,15,12,5,11
Q9H222,54,2,52,32,24,30
Q9H501,101,31,70,51,77,24
Q9HCM2,147,5,142,74,78,69
Q9P2Y4,74,13,61,31,46,28
Q9UDV6,44,0,44,22,22,22
Q9UF12,41,1,40,22,20,21
Q9UHF7,178,35,143,89,122,56
Q9UKJ1,35,2,33,14,19,16
Q9ULJ3,168,39,129,85,118,50
Q9UPQ3,117,12,105,50,79,38
Q9Y328,13,1,12,8,4,9
Q9Y3Y4,42,1,41,21,22,20
Q9Y536,10,1,9,3,8,2
Q9Y584,13,0,13,7,6,7
Q9Y616,66,9,57,43,22,44
Q9Y644,22,0,22,12,10,12
Q9Y6A2,25,0,25,13,12,13
Q9Y6L6,78,7,71,53,26,52
A0A087WXS9,35,0,35,27,8,27
A4D2P6,127,5,122,53,79,48
A6NEK1,33,2,31,22,9,24
A6NFZ4,9,0,9,8,1,8
A6NI79,18,3,15,6,13,5
A6NI87,25,1,24,9,17,8
H3BNL8,13,0,13,9,4,9
H3BQB6,26,0,26,7,19,7
O15321,46,2,44,32,16,30
O15353,63,1,62,31,33,30
O60902,23,2,21,14,11,12
O95183,11,3,8,5,5,6
O95399,9,0,9,4,5,4
O96004,13,2,11,6,9,4
P05155,53,3,50,33,23,30
P06732,29,8,21,11,24,5
P09455,2,0,2,1,1,1
P0DQD5,25,0,25,17,8,17
P11234,15,2,13,6,11,4
P35637,81,14,67,34,57,24
P39210,4,0,4,3,1,3
P54619,27,3,24,20,10,17
P78556,4,0,4,4,0,4
P80303,18,6,12,7,17,1
Q01543,59,12,47,32,35,24
Q0P5N6,13,0,13,11,2,11
Q13275,46,2,44,26,22,24
Q14515,69,17,52,35,51,18
Q15155,99,3,96,65,37,62
Q15303,84,4,80,45,39,45
Q15573,29,0,29,23,6,23
Q15773,35,12,23,20,25,10
Q15884,43,5,38,23,25,18
Q17R60,79,4,75,42,41,38
Q2M243,75,5,70,29,51,24
Q3SY05,8,0,8,4,4,4
Q53T59,37,9,28,15,25,12
Q5J5C9,2,0,2,2,0,2
Q6E0U4,70,3,67,23,50,20
Q6JVE6,13,0,13,8,5,8
Q6L8H4,54,0,54,51,3,51
Q6P435,27,1,26,7,21,6
Q6PJF5,102,24,78,54,58,44
Q6Q759,179,6,173,95,86,93
Q6UWF3,12,2,10,5,9,3
Q6UXK5,59,1,58,44,16,43
Q6ZMJ4,22,0,22,11,11,11
Q6ZPD8,17,0,17,11,6,11
Q6ZQV5,5,1,4,3,1,4
Q6ZVS7,3,0,3,0,3,0
Q86SE8,14,0,14,5,9,5
Q8IUA0,9,0,9,7,2,7
Q8IXR5,47,1,46,32,16,31
Q8IYB0,17,0,17,7,10,7
Q8N1F8,113,19,94,70,60,53
Q8N339,7,2,5,5,4,3
Q8N801,22,0,22,7,15,7
Q8N819,25,0,25,11,14,11
Q8N966,18,0,18,15,3,15
Q8N9G6,33,2,31,10,25,8
Q8NCG5,30,0,30,20,10,20
Q8ND76,47,18,29,27,34,13
Q8NFZ4,40,2,38,22,20,20
Q8NGB2,17,0,17,15,2,15
Q8NH83,23,0,23,14,9,14
Q8WVN6,21,1,20,13,9,12
Q8WXA9,75,12,63,20,67,8
Q93062,14,2,12,4,12,2
Q96M63,61,4,57,32,33,28
Q96MM3,25,2,23,16,11,14
Q99569,223,81,142,109,177,46
Q99717,52,8,44,30,28,24
Q9BPU9,12,0,12,8,4,8
Q9BQC3,37,7,30,18,22,15
Q9BUQ8,58,11,47,21,48,10
Q9BV73,183,36,147,92,99,84
Q9BVM4,6,0,6,4,2,4
Q9BXN1,23,0,23,16,7,16
Q9C0E8,42,9,33,17,32,10
Q9H213,23,2,21,10,15,8
Q9H6F5,59,28,31,31,56,3
Q9H8V8,8,0,8,5,3,5
Q9HD23,34,1,33,16,19,15
Q9HD64,6,1,5,4,3,3
Q9N2J8,69,0,69,41,28,41
Q9NPH3,40,6,34,24,22,18
Q9NSA0,43,0,43,33,10,33
Q9NTQ9,14,0,14,10,4,10
Q9NYV6,54,10,44,34,30,24
Q9P0J1,36,0,36,24,12,24
Q9P0K8,81,16,65,40,53,28
Q9UF83,109,9,100,14,100,9
Q9UFV3,13,0,13,6,7,6
Q9UII5,52,2,50,39,11,41
Q9UK17,62,2,60,38,26,36
Q9UNH7,35,6,29,19,20,15
Q9Y263,80,5,75,46,35,45
Q9Y4A5,273,16,257,162,125,148
Q9Y4B6,137,24,113,75,78,59
Q9Y4G6,228,27,201,118,135,93
A0A1B0GUY1,51,0,51,22,29,22
A0A1B0GX56,15,0,15,10,5,10
A0A2R8YFR7,177,0,177,58,119,58
A6NN06,8,0,8,1,7,1
A8MU10,3,0,3,1,2,1
B2RBV5,5,0,5,0,5,0
C9J3I9,5,0,5,3,2,3
O15034,97,6,91,37,66,31
O15145,5,0,5,5,0,5
O15527,29,4,25,17,16,13
O43281,47,9,38,23,33,14
O43320,16,1,15,9,8,8
O43852,18,7,11,8,11,7
O60682,19,0,19,4,15,4
O75121,35,5,30,22,16,19
O75334,126,10,116,53,83,43
O76071,34,2,32,23,13,21
O95972,31,1,30,20,12,19
O96014,29,2,27,16,13,16
P05113,4,0,4,3,1,3
P05814,13,5,8,6,12,1
P09488,11,2,9,4,9,2
P0DW81,4,0,4,0,4,0
P10586,140,11,129,69,80,60
P20853,32,0,32,13,19,13
P23560,18,0,18,11,7,11
P32970,13,1,12,7,7,6
P35712,89,12,77,46,55,34
P40426,41,1,40,21,21,20
P46597,20,0,20,18,2,18
P50552,40,14,26,19,27,13
P51170,50,1,49,35,16,34
Q06136,28,3,25,16,13,15
Q06481,36,3,33,20,17,19
Q0D2I5,42,1,41,21,22,20
Q13243,65,20,45,21,58,7
Q14201,19,3,16,9,13,6
Q15751,516,38,478,293,257,259
Q16661,9,0,9,6,3,6
Q1T7F1,4,0,4,2,2,2
Q3SY00,49,0,49,13,36,13
Q52LW3,170,48,122,91,99,71
Q53HV7,9,0,9,7,2,7
Q5BKY9,69,24,45,29,64,5
Q5VTU8,4,1,3,3,2,2
Q5VU43,252,7,245,107,152,100
Q5VUJ5,78,1,77,34,45,33
Q66K14,140,34,106,80,78,62
Q6AWC8,13,0,13,8,5,8
Q6AZY7,42,0,42,23,19,23
Q6P9B6,40,0,40,16,24,16
Q6P9H5,19,0,19,3,16,3
Q6PUV4,3,1,2,1,3,0
Q6RSH7,7,0,7,4,3,4
Q6UWH4,43,0,43,22,21,22
Q6ZN92,7,0,7,3,4,3
Q6ZP68,9,0,9,5,4,5
Q6ZQN7,79,8,71,47,38,41
Q6ZR03,39,0,39,17,22,17
Q6ZS17,159,20,139,73,96,63
Q6ZVH6,9,0,9,5,4,5
Q70EK8,126,3,123,63,64,62
Q7M4L6,48,0,48,14,34,14
Q7Z5R6,44,5,39,28,21,23
Q86UY5,69,19,50,34,48,21
Q86Y13,86,5,81,46,43,43
Q8IWB9,193,52,141,94,143,50
Q8N402,16,0,16,10,6,10
Q8N5A5,52,8,44,27,33,19
Q8NCH0,15,0,15,9,6,9
Q8NH16,26,0,26,22,4,22
Q8TAW3,43,0,43,29,14,29
Q8WTW4,21,0,21,11,10,11
Q92953,89,2,87,36,55,34
Q96MT1,43,0,43,36,7,36
Q96Q15,341,29,312,203,167,174
Q99603,12,0,12,9,3,9
Q99946,15,0,15,7,8,7
Q9BSV6,31,5,26,9,25,6
Q9BWV2,22,0,22,7,15,7
Q9BX66,217,52,165,92,169,48
Q9BXP5,70,23,47,31,60,10
Q9C002,3,0,3,3,0,3
Q9C0D3,51,0,51,34,17,34
Q9H2K2,76,3,73,34,45,31
Q9H7T9,38,3,35,20,21,17
Q9H974,29,2,27,15,14,15
Q9HAA7,12,0,12,5,7,5
Q9HBK9,19,2,17,10,9,10
Q9HCP6,30,0,30,22,8,22
Q9NPG2,15,0,15,7,8,7
Q9NRP4,3,0,3,0,3,0
Q9NRY5,60,8,52,36,28,32
Q9NTJ3,96,19,77,55,58,38
Q9UF47,11,0,11,6,5,6
Q9UH62,30,8,22,13,23,7
Q9ULM3,198,41,157,93,142,56
Q9Y4D7,141,1,140,80,60,81
Q9Y5B6,87,15,72,47,55,32
A0A0A6YYK6,8,0,8,4,4,4
A0A0C4DH33,9,0,9,6,3,6
A0A0J9YX35,16,0,16,10,6,10
A0A0K2S4Q6,19,0,19,12,7,12
A0A0U1RRA0,2,0,2,2,0,2
A2RUU4,8,0,8,6,2,6
A6NC42,6,0,6,5,1,5
A6NJU9,102,0,102,24,78,24
A6NMK8,68,0,68,24,44,24
A8MU93,25,4,21,11,18,7
A8MUV8,34,0,34,24,10,24
B5MD39,15,0,15,10,5,10
B7ZC32,77,0,77,38,39,38
C0HM01,2,0,2,2,0,2
O00299,15,5,10,8,10,5
O14521,11,0,11,8,3,8
O14807,8,0,8,4,4,4
O60238,46,14,32,24,34,12
O60343,197,58,139,101,130,67
O60403,24,0,24,19,5,19
O60888,16,0,16,9,7,9
O75223,19,6,13,9,14,5
O75400,137,36,101,75,88,49
O95561,17,2,15,10,9,8
O95998,15,0,15,11,4,11
P00736,40,2,38,26,16,24
P06401,120,25,95,66,75,45
P11388,148,45,103,83,100,48
P15538,30,0,30,13,17,13
P15907,37,1,36,20,18,19
P16284,81,11,70,46,26,55
P20264,36,0,36,19,17,19
P23396,17,8,9,9,10,7
P43026,28,1,27,14,13,15
P48741,22,1,21,8,15,7
P51159,19,5,14,11,11,8
P56556,4,1,3,2,3,1
P61769,15,4,11,10,7,8
P62753,14,5,9,6,11,3
P82970,11,3,8,3,11,0
Q02086,60,12,48,33,31,29
Q03395,15,0,15,7,8,7
Q13107,101,13,88,50,64,37
Q14140,39,0,39,23,16,23
Q14627,24,0,24,16,8,16
Q16655,7,2,5,3,6,1
Q17RP2,30,0,30,12,18,12
Q2VPA4,52,0,52,38,14,38
Q2VPB7,43,1,42,31,13,30
Q53FA7,15,2,13,6,11,4
Q5VU65,137,0,137,87,50,87
Q5XG92,29,0,29,17,12,17
Q5XKR4,30,0,30,11,19,11
Q6ICG8,20,0,20,11,9,11
Q6P4A7,31,1,30,17,15,16
Q6P589,11,0,11,5,6,5
Q6PID8,23,2,21,13,12,11
Q6PII3,28,0,28,12,16,12
Q6XD76,9,0,9,2,7,2
Q6ZNB6,65,15,50,39,33,32
Q6ZUU3,13,0,13,5,8,5
Q7L7L0,4,0,4,0,4,0
Q7Z4K8,52,3,49,23,30,22
Q7Z4P5,33,0,33,16,17,16
Q86VQ0,67,0,67,20,47,20
Q8IUB5,6,0,6,5,1,5
Q8IXJ6,47,14,33,26,35,12
Q8IYX3,85,2,83,39,48,37
Q8N957,119,0,119,57,62,57
Q8NFU7,228,9,219,114,121,107
Q8NGQ4,21,0,21,14,7,14
Q8NH92,25,0,25,22,3,22
Q8TB33,8,0,8,1,7,1
Q8WVI0,1,0,1,0,1,0
Q8WW22,22,5,17,12,15,7
Q96PF1,55,1,54,30,26,29
Q96RD1,28,0,28,23,5,23
Q96RK4,29,0,29,18,11,18
Q99962,23,4,19,13,14,9
Q9BQG0,136,38,98,71,97,39
Q9BSW7,60,6,54,28,34,26
Q9BVA0,75,14,61,37,46,29
Q9BW72,6,0,6,0,6,0
Q9BXW3,2,0,2,2,0,2
Q9BYL1,15,1,14,2,12,3
Q9BZP3,6,0,6,3,3,3
Q9H0R5,40,2,38,23,17,23
Q9H6D3,24,0,24,21,3,21
Q9H6P5,37,0,37,21,16,21
Q9H9L4,48,8,40,26,30,18
Q9NQC1,68,9,59,36,37,31
Q9NS40,129,9,120,46,92,37
Q9NV96,20,0,20,14,6,14
Q9NZM4,151,9,142,70,88,63
Q9UNN4,56,4,52,26,32,24
Q9UNP9,18,3,15,11,8,10
Q9Y221,8,0,8,5,3,5
Q9Y342,16,4,12,9,9,7
Q9Y4J8,87,15,72,37,59,28
A0A0A0MS00,12,0,12,8,4,8
A0A0A6YYG3,7,0,7,3,4,3
A0A0C4DH32,11,0,11,8,3,8
A0A0C4DH42,14,0,14,10,4,10
A0A0K0K1A5,8,0,8,6,2,6
A0A1B0GUT2,8,0,8,4,4,4
A0PJW8,2,0,2,2,0,2
A2A288,37,2,35,18,21,16
A8MTQ0,21,0,21,10,11,10
O60502,78,10,68,42,36,42
O60880,16,5,11,9,10,6
O75072,24,0,24,14,10,14
O75200,27,0,27,10,17,10
O75293,7,0,7,3,4,3
O75319,23,1,22,12,12,11
O95256,58,2,56,37,23,35
O95257,7,0,7,4,3,4
P00156,29,0,29,21,8,21
P01817,11,0,11,8,3,8
P02792,5,0,5,4,1,4
P07320,15,0,15,9,6,9
P0C604,19,0,19,14,5,14
P0CW24,18,0,18,10,8,10
P0DMU7,16,0,16,10,6,10
P0DV79,24,0,24,8,16,8
P10323,27,0,27,19,8,19
P18507,37,2,35,27,10,27
P19878,32,6,26,16,22,10
P20809,12,0,12,8,4,8
P35251,177,47,130,84,118,59
P41595,37,1,36,20,18,19
P49675,20,2,18,8,14,6
P51397,10,5,5,5,8,2
P51878,27,0,27,17,10,17
P53367,37,13,24,21,19,18
P55327,40,17,23,19,28,12
Q06278,89,8,81,54,39,50
Q0VDI3,18,0,18,17,1,17
Q13586,91,27,64,50,62,29
Q13685,30,2,28,18,14,16
Q13889,21,0,21,17,4,17
Q14532,35,0,35,25,10,25
Q14767,136,6,130,85,57,79
Q15438,11,1,10,5,7,4
Q15475,27,3,24,13,17,10
Q16222,26,1,25,16,11,15
Q16650,83,13,70,34,60,23
Q17RM4,52,0,52,31,21,31
Q3KQV9,16,0,16,4,12,4
Q494U1,85,13,72,41,51,34
Q4ZJI4,36,1,35,28,9,27
Q53S08,21,0,21,11,10,11
Q5HYK3,21,0,21,14,7,14
Q5K131,11,0,11,11,0,11
Q5VIR6,52,2,50,28,26,26
Q6FIF0,39,7,32,22,22,17
Q6HA08,56,2,54,24,32,24
Q6IEE7,103,2,101,47,58,45
Q6IFG1,19,2,17,15,4,15
Q6P1S2,23,1,22,11,13,10
Q6PRD7,19,0,19,8,11,8
Q6U736,29,1,28,17,11,18
Q6UY27,7,0,7,7,0,7
Q6ZMJ2,29,0,29,9,20,9
Q71H61,74,0,74,19,55,19
Q7L775,33,2,31,20,15,18
Q8IX90,67,27,40,35,55,12
Q8IZT9,4,0,4,2,2,2
Q8NC42,24,0,24,8,16,8
Q8TAA1,24,2,22,14,8,16
Q8TB45,63,24,39,31,46,17
Q8TBZ6,30,8,22,17,21,9
Q8WVB6,83,14,69,35,58,25
Q92830,53,0,53,26,27,26
Q969U7,30,0,30,17,13,17
Q96AB6,21,1,20,12,10,11
Q96GR4,15,0,15,13,2,13
Q96KF2,7,0,7,2,5,2
Q96MX3,53,8,45,34,23,30
Q96P31,81,0,81,38,43,38
Q99878,2,0,2,1,1,1
Q99928,40,0,40,27,13,27
Q9BPW5,20,2,18,17,5,15
Q9BVC4,26,1,25,19,8,18
Q9BVW6,8,0,8,4,4,4
Q9BX69,114,9,105,53,64,50
Q9BYR0,28,0,28,28,0,28
Q9H1I8,59,10,49,36,31,28
Q9H4L4,61,19,42,32,46,15
Q9H6T0,47,1,46,23,25,22
Q9H8M9,16,1,15,8,9,7
Q9HAT0,13,2,11,10,3,10
Q9P0U3,100,20,80,46,74,26
Q9UHN6,117,6,111,64,59,58
Q9ULL8,207,26,181,103,118,89
Q9UNM6,21,3,18,10,10,11
Q9UPR5,53,2,51,32,21,32
Q9Y286,53,5,48,32,24,29
Q9Y2T6,26,0,26,23,3,23
A0A286YF01,5,0,5,4,1,4
A1X283,99,28,71,50,75,24
A4D0V7,68,2,66,45,25,43
A5PL33,129,16,113,54,91,38
A6NCI5,6,0,6,5,1,5
A8MPY1,49,0,49,28,21,28
O14994,87,15,72,41,57,30
O15118,101,2,99,79,24,77
O75340,18,7,11,10,13,5
O75489,14,1,13,6,9,5
O94804,87,24,63,38,59,28
O95389,24,0,24,17,7,17
O95793,51,6,45,31,26,25
O95925,3,0,3,3,0,3
P06753,20,10,10,11,13,7
P0DKX0,46,0,46,33,13,33
P10606,8,1,7,6,3,5
P11021,43,16,27,24,19,24
P12838,7,0,7,6,1,6
P13611,366,11,355,215,158,208
P17022,49,2,47,25,26,23
P20827,15,2,13,11,6,9
P28845,25,2,23,15,12,13
P30038,45,5,40,24,20,25
P33947,13,0,13,10,3,10
P42679,32,2,30,14,20,12
P51679,26,0,26,20,6,20
P53350,56,17,39,34,21,35
P78426,57,1,56,19,39,18
Q01094,49,8,41,27,30,19
Q03393,10,3,7,4,9,1
Q12968,190,38,152,94,122,68
Q13342,87,15,72,39,63,24
Q13753,97,4,93,53,46,51
Q13790,25,0,25,17,8,17
Q14641,14,2,12,10,6,8
Q14722,43,5,38,16,32,11
Q15388,6,2,4,2,6,0
Q15596,191,32,159,95,118,73
Q16082,10,1,9,3,8,2
Q3LI72,4,0,4,4,0,4
Q496F6,18,0,18,8,10,8
Q4VNC0,85,0,85,52,33,52
Q5T9A4,36,4,32,24,12,24
Q5TBK1,14,2,12,5,11,3
Q6IN97,30,0,30,12,18,12
Q6KF10,37,0,37,19,18,19
Q6PIS1,63,0,63,43,20,43
Q6UVM3,99,1,98,56,44,55
Q6XUX3,66,4,62,32,36,30
Q6ZU35,131,28,103,50,103,28
Q7L5N1,19,0,19,10,9,10
Q7L985,46,0,46,33,13,33
Q86SQ7,55,7,48,30,26,29
Q86V87,50,1,49,32,19,31
Q86Y34,40,0,40,25,15,25
Q8IUQ0,18,0,18,9,9,9
Q8IV50,30,9,21,12,27,3
Q8IVL8,33,0,33,16,17,16
Q8IWD5,52,0,52,36,16,36
Q8IWT1,14,0,14,9,5,9
Q8IXI2,38,1,37,23,14,24
Q8N6K0,13,0,13,6,7,6
Q8NB15,16,3,13,8,11,5
Q8NCR6,20,2,18,10,8,12
Q8NGQ3,27,0,27,26,1,26
Q8TA94,47,3,44,29,15,32
Q8TBZ8,42,2,40,31,13,29
Q8TC26,38,7,31,25,20,18
Q8WV16,47,1,46,26,20,27
Q96BM1,18,2,16,7,11,7
Q96CD2,9,1,8,4,4,5
Q96IY1,16,2,14,10,6,10
Q96JQ2,161,31,130,79,109,52
Q96KN7,103,2,101,45,56,47
Q96KS9,14,1,13,6,9,5
Q96LJ8,36,5,31,16,23,13
Q96MS3,14,0,14,5,9,5
Q99583,30,3,27,15,18,12
Q99797,49,2,47,25,22,27
Q99967,24,0,24,8,16,8
Q9BSE4,42,2,40,28,16,26
Q9BZI1,54,10,44,24,34,20
Q9C0J9,31,3,28,15,17,14
Q9H0D2,145,0,145,66,79,66
Q9H478,6,0,6,2,4,2
Q9H7N4,243,66,177,93,210,33
Q9H8M7,44,3,41,26,21,23
Q9H900,58,8,50,33,25,33
Q9NPE6,44,0,44,21,23,21
Q9NR97,91,1,90,58,32,59
Q9NRX2,6,1,5,2,5,1
Q9NU22,463,36,427,272,221,242
Q9NVP1,54,9,45,34,23,31
Q9UK97,33,2,31,21,14,19
Q9UL01,64,2,62,38,28,36
Q9UM54,89,13,76,47,55,34
Q9Y4F4,206,11,195,84,121,85
Q9Y4R7,42,3,39,20,25,17
Q9Y625,36,0,36,20,16,20
A0A0C4DH39,13,0,13,8,5,8
A0AVI2,115,3,112,68,50,65
A5PLK6,88,1,87,46,41,47
A6NL99,22,0,22,11,11,11
A6NNE9,30,0,30,10,20,10
E7EW31,120,20,100,44,96,24
O00167,56,1,55,27,30,26
O14543,27,0,27,10,17,10
O14618,12,0,12,10,2,10
O15263,1,0,1,1,0,1
O75923,122,4,118,65,59,63
O95573,49,3,46,31,19,30
O95670,8,3,5,4,7,1
P01615,18,0,18,14,4,14
P01906,22,0,22,14,8,14
P03928,1,0,1,0,1,0
P07093,35,1,34,23,11,24
P07602,31,1,30,16,14,17
P10176,3,0,3,1,2,1
P10588,33,6,27,19,18,15
P13725,17,0,17,7,10,7
P14653,32,0,32,14,18,14
P15086,25,0,25,15,10,15
P15313,29,4,25,14,19,10
P16104,7,2,5,2,3,4
P17026,32,5,27,19,18,14
P20333,59,2,57,35,22,37
P28066,24,6,18,16,10,14
P30626,12,3,9,6,9,3
P33897,51,6,45,29,24,27
P38117,9,3,6,6,6,3
P53778,13,1,12,7,5,8
P56211,6,3,3,3,6,0
P63145,39,0,39,16,23,16
P83876,4,1,3,3,2,2
P98171,97,18,79,44,67,30
Q04656,159,28,131,90,93,66
Q05925,26,0,26,10,16,10
Q07065,83,18,65,39,52,31
Q0VD86,20,3,17,8,15,5
Q12972,25,7,18,15,15,10
Q13070,3,0,3,1,2,1
Q13316,109,0,109,17,92,17
Q15459,51,11,40,24,34,17
Q16342,18,0,18,10,8,10
Q16348,56,2,54,42,14,42
Q3SXR2,22,0,22,13,9,13
Q5HYK7,83,15,68,39,49,34
Q5JS13,79,6,73,42,43,36
Q5T742,10,0,10,4,6,4
Q5TEA3,132,3,129,83,52,80
Q6P4I2,35,0,35,22,13,22
Q6T310,21,0,21,11,10,11
Q6ZSC3,32,2,30,19,15,17
Q86Y97,20,0,20,6,14,6
Q8N136,32,0,32,22,10,22
Q8N357,29,1,28,17,13,16
Q8N7C0,20,0,20,14,6,14
Q8N7C3,30,0,30,13,17,13
Q8NCR0,33,0,33,19,14,19
Q8NGB4,19,0,19,14,5,14
Q8NGZ5,21,0,21,18,3,18
Q8NI35,170,15,155,74,111,59
Q8WV19,8,0,8,7,1,7
Q969W3,31,2,29,7,24,7
Q96E93,26,1,25,20,7,19
Q96KN9,34,2,32,16,20,14
Q96N95,31,0,31,23,8,23
Q96NZ8,33,0,33,19,14,19
Q96PE1,132,17,115,74,67,65
Q96PG1,8,0,8,6,2,6
Q96QF7,98,6,92,17,85,13
Q96RU8,33,0,33,13,20,13
Q96S99,30,9,21,19,20,10
Q99653,15,2,13,7,10,5
Q99943,16,1,15,11,6,10
Q99961,34,8,26,17,25,9
Q9BSB4,13,1,12,8,4,9
Q9BSL1,21,4,17,11,12,9
Q9BWF2,39,4,35,17,26,13
Q9BXB4,96,22,74,55,59,37
Q9BZK3,17,2,15,4,15,2
Q9H310,28,0,28,19,9,19
Q9HAC8,13,2,11,6,9,4
Q9HB55,25,0,25,14,11,14
Q9NQC3,175,38,137,87,124,51
Q9NSD5,31,0,31,22,9,22
Q9NX00,13,0,13,7,6,7
Q9NY99,46,0,46,21,25,21
Q9P0L2,115,32,83,52,81,34
Q9P2B4,98,25,73,49,74,24
Q9UBE8,36,0,36,23,13,23
Q9UFB7,46,0,46,17,29,17
Q9UG01,84,1,83,51,34,50
Q9UJA3,71,5,66,31,45,26
Q9UPU7,84,17,67,42,49,35
Q9Y2K2,137,21,116,69,89,48
Q9Y2Y0,14,3,11,9,8,6
Q9Y3P8,26,9,17,15,20,6
Q9Y5G8,82,0,82,46,36,46
A0A0B4J1Z2,16,0,16,12,4,12
A0A1B0GTZ2,16,0,16,8,8,8
A1L188,6,2,4,3,5,1
A8MRT5,108,2,106,34,76,32
A8MWD9,3,0,3,1,2,1
O00142,17,1,16,11,7,10
O00206,80,2,78,66,16,64
O14683,18,6,12,12,10,8
O15514,9,0,9,3,6,3
O43592,62,0,62,38,24,38
O60906,22,0,22,13,9,13
O95747,57,17,40,30,36,21
P04406,35,15,20,18,16,19
P05108,24,0,24,11,13,11
P07099,35,6,29,22,19,16
P07766,12,1,11,10,3,9
P08243,31,3,28,17,17,14
P09228,4,0,4,2,2,2
P0C5Y4,15,0,15,14,1,14
P0C7V6,68,0,68,28,40,28
P0DPK4,12,0,12,11,1,11
P12429,31,8,23,15,24,7
P19957,3,0,3,0,3,0
P23528,16,7,9,9,14,2
P27695,25,5,20,14,12,13
P29317,90,19,71,50,49,41
P36954,6,2,4,3,3,3
P38919,20,2,18,11,9,11
P39059,100,2,98,55,47,53
P42285,64,6,58,28,40,24
P46095,24,0,24,21,3,21
P46734,27,5,22,13,15,12
P52799,35,5,30,16,16,19
P53990,29,5,24,14,18,11
P56704,31,1,30,17,15,16
P62937,15,7,8,8,8,7
Q03001,670,53,617,352,369,301
Q07889,136,27,109,63,98,38
Q13103,34,5,29,18,19,15
Q13323,11,1,10,8,4,7
Q13485,48,4,44,33,15,33
Q13519,17,0,17,8,9,8
Q14CS0,43,11,32,21,33,10
Q15077,10,0,10,8,2,8
Q1XH10,95,3,92,45,53,42
Q2I0M5,10,0,10,8,2,8
Q4VXF1,15,0,15,9,6,9
Q53S58,21,0,21,14,7,14
Q5H9I0,41,0,41,23,18,23
Q5SSJ5,79,26,53,36,61,18
Q5TCY1,143,17,126,48,112,31
Q6UXG2,94,2,92,59,33,61
Q6UXZ3,14,0,14,8,6,8
Q6ZTA4,58,0,58,37,21,37
Q6ZV65,16,0,16,11,5,11
Q6ZW31,59,12,47,28,39,20
Q7L5L3,26,3,23,16,13,13
Q7Z695,41,0,41,31,10,31
Q8IV38,22,3,19,11,12,10
Q8IXL9,3,0,3,3,0,3
Q8IYT1,68,3,65,28,41,27
Q8N1F7,88,26,62,42,66,22
Q8N8B7,31,1,30,13,17,14
Q8NDC0,22,1,21,15,8,14
Q8NDG6,107,3,104,63,45,62
Q8TBE0,83,15,68,38,60,23
Q8TBF8,28,1,27,13,14,14
Q8TED0,43,3,40,20,20,23
Q8TEF2,10,0,10,3,7,3
Q92561,25,1,24,15,11,14
Q969P6,28,1,27,13,14,14
Q96ED9,52,9,43,23,36,16
Q96FX2,4,0,4,3,1,3
Q96JY0,45,3,42,26,18,27
Q96MM7,50,3,47,20,27,23
Q96PV7,125,7,118,56,76,49
Q99590,281,86,195,141,220,61
Q99935,29,0,29,19,10,19
Q9BRA0,18,6,12,7,15,3
Q9BVG3,31,2,29,18,11,20
Q9BXF6,143,52,91,72,119,24
Q9H082,17,0,17,8,9,8
Q9H1M0,10,0,10,8,2,8
Q9H553,29,3,26,17,15,14
Q9H6B1,37,4,33,16,19,18
Q9NP98,33,5,28,13,21,12
Q9NS67,7,0,7,5,2,5
Q9NUD5,17,1,16,9,9,8
Q9NWX5,26,0,26,18,8,18
Q9NY25,17,0,17,9,8,9
Q9NYG2,14,0,14,12,2,12
Q9NYM9,13,4,9,7,8,5
Q9UM11,73,19,54,44,46,27
Q9UMS0,10,0,10,6,4,6
Q9UPS6,217,19,198,65,163,54
Q9Y467,129,15,114,61,83,46
Q9Y5N1,40,0,40,21,19,21
Q9Y5P4,71,17,54,35,49,22
Q9Y5X2,39,6,33,20,25,14
A0A0A0MS15,11,0,11,6,5,6
A0A8V8TLD8,85,0,85,34,51,34
A5A3E0,82,2,80,50,34,48
A8MVA2,19,0,19,19,0,19
A8MXD5,24,1,23,12,13,11
A8MXE2,25,0,25,17,8,17
O14733,38,12,26,20,24,14
O14925,6,0,6,5,1,5
O43772,14,2,12,8,8,6
O60336,212,22,190,114,120,92
O75197,108,1,107,63,46,62
O75900,20,2,18,12,10,10
O95235,124,42,82,67,71,53
P00505,31,8,23,16,15,16
P01601,18,0,18,11,7,11
P04626,97,24,73,55,60,37
P07998,15,0,15,4,11,4
P0C7I6,25,0,25,11,14,11
P0CG43,26,0,26,5,21,5
P0DOY2,14,0,14,6,8,6
P11171,104,37,67,59,72,32
P13591,70,4,66,37,33,37
P16662,36,0,36,26,10,26
P19474,30,2,28,19,13,17
P20020,92,21,71,48,53,39
P22607,64,6,58,34,34,30
P27816,190,79,111,98,119,71
P29401,55,14,41,32,21,34
P33260,32,1,31,16,17,15
P39060,128,9,119,60,73,55
P40933,16,1,15,14,3,13
P41743,55,15,40,28,24,31
P43354,71,13,58,41,39,32
P43363,52,1,51,31,22,30
P51161,8,0,8,5,3,5
P51993,31,1,30,20,12,19
P52741,40,0,40,25,15,25
P55061,14,0,14,13,1,13
P55291,50,0,50,28,22,28
P60371,75,0,75,71,4,71
Q08188,66,5,61,38,31,35
Q13409,68,13,55,40,35,33
Q13829,28,5,23,13,20,8
Q14114,70,0,70,43,27,43
Q14154,61,1,60,30,30,31
Q14318,24,4,20,14,10,14
Q14331,19,3,16,11,11,8
Q16540,6,0,6,0,6,0
Q16589,32,2,30,15,19,13
Q5BIV9,8,0,8,4,4,4
Q5H9B9,42,5,37,11,34,8
Q5VUJ9,18,0,18,3,15,3
Q6DN90,141,29,112,50,120,21
Q6Q0C1,18,0,18,11,7,11
Q6UWK7,5,0,5,3,2,3
Q6ZW13,20,0,20,6,14,6
Q7RTZ1,56,1,55,24,31,25
Q7Z5D8,12,0,12,4,8,4
Q86VV4,50,1,49,27,22,28
Q86WJ1,72,8,64,38,36,36
Q8IV61,58,3,55,30,29,29
Q8IVB4,39,3,36,27,15,24
Q8IWA4,50,1,49,33,16,34
Q8IYA2,96,0,96,51,45,51
Q8N448,58,1,57,29,30,28
Q8N6G2,30,1,29,18,13,17
Q8TAX7,47,0,47,35,12,35
Q8TC84,23,1,22,7,17,6
Q8WV44,43,8,35,19,30,13
Q969F8,26,0,26,18,8,18
Q96BJ8,49,1,48,21,27,22
Q96BQ5,15,1,14,5,9,6
Q96BR6,43,2,41,30,13,30
Q96C34,49,6,43,26,29,20
Q96EF9,28,1,27,15,14,14
Q96JP0,40,0,40,22,18,22
Q96R69,23,0,23,22,1,22
Q96RB7,24,0,24,17,7,17
Q96RR4,65,15,50,27,51,14
Q96SK3,54,1,53,33,22,32
Q9BV10,26,2,24,17,7,19
Q9BYX4,65,7,58,34,38,27
Q9H0A3,18,0,18,10,8,10
Q9H2X6,151,14,137,94,71,80
Q9H3Y8,21,7,14,13,11,10
Q9H9H4,17,2,15,10,9,8
Q9HA38,28,3,25,15,16,12
Q9HAK2,64,0,64,37,27,37
Q9HB71,19,6,13,9,16,3
Q9NR96,89,3,86,60,28,61
Q9NV31,10,2,8,5,3,7
Q9NWQ8,74,24,50,44,48,26
Q9NZ71,103,8,95,54,57,46
Q9P2H3,54,0,54,34,20,34
Q9UKT5,39,4,35,22,21,18
Q9Y265,29,6,23,12,15,14
Q9Y2G4,61,8,53,27,38,23
Q9Y3Q3,13,0,13,8,5,8
Q9Y694,40,0,40,25,15,25
A0A075B6T8,8,0,8,5,3,5
A0A087WSY4,20,0,20,11,9,11
A0A1W2PPD8,39,0,39,24,15,24
A0A286YFK9,1,0,1,1,0,1
A4D1F6,77,0,77,45,32,45
A6NH11,16,0,16,9,7,9
A6NI86,27,0,27,10,17,10
A8MQB3,24,0,24,12,12,12
A8MTT3,5,0,5,5,0,5
E9PJ23,28,0,28,10,18,10
H3BQW9,8,0,8,1,7,1
O14514,132,7,125,84,53,79
O14598,13,1,12,5,9,4
O14830,71,5,66,28,48,23
O15232,38,2,36,27,13,25
O43294,74,27,47,43,42,32
O60303,159,26,133,62,123,36
O60443,36,2,34,17,21,15
O75354,34,1,33,16,19,15
O75459,12,2,10,4,10,2
O75563,32,8,24,19,19,13
O95486,112,1,111,70,43,69
P08100,18,2,16,13,5,13
P0C7U1,9,0,9,8,1,8
P0C7X4,8,0,8,5,3,5
P0CG38,86,5,81,57,34,52
P0DKX4,4,0,4,2,2,2
P11086,15,0,15,9,6,9
P11844,11,0,11,7,4,7
P16260,14,1,13,7,6,8
P24593,20,4,16,11,13,7
P33076,99,7,92,59,45,54
P33764,2,0,2,2,0,2
P49895,12,0,12,10,2,10
P52655,20,5,15,14,9,11
P56537,25,8,17,15,8,17
P86790,35,7,28,24,18,17
P98160,427,18,409,225,220,207
P98169,79,4,75,51,32,47
Q02325,7,0,7,3,4,3
Q07837,50,1,49,29,22,28
Q12996,35,4,31,16,19,16
Q13310,58,17,41,30,41,17
Q15906,30,8,22,14,22,8
Q16572,35,2,33,22,15,20
Q16611,8,0,8,3,5,3
Q3LXA3,49,9,40,28,28,21
Q3ZAQ7,6,0,6,3,3,3
Q5T7P3,22,0,22,14,8,14
Q5TA77,14,0,14,8,6,8
Q5TEZ5,8,2,6,4,6,2
Q5TGY1,42,0,42,25,17,25
Q5VTT2,18,0,18,9,9,9
Q6P087,23,1,22,13,11,12
Q6PEW1,30,0,30,11,19,11
Q6UX68,68,0,68,36,32,36
Q6ZNQ3,16,0,16,11,5,11
Q7L0X2,71,0,71,39,32,39
Q86VR8,21,0,21,8,13,8
Q86W26,53,2,51,25,30,23
Q86YW0,39,0,39,24,15,24
Q8IWA5,32,0,32,25,7,25
Q8IWY9,113,10,103,62,59,54
Q8IYB9,52,0,52,39,13,39
Q8N0Y3,15,0,15,14,1,14
Q8N1S5,26,2,24,15,13,13
Q8NGN1,26,0,26,22,4,22
Q8TBZ3,76,19,57,40,53,23
Q8WWA0,26,1,25,13,14,12
Q8WXG1,20,0,20,10,10,10
Q92485,24,0,24,18,6,18
Q92598,61,15,46,34,40,21
Q92664,26,3,23,14,13,13
Q92914,14,0,14,8,6,8
Q96CB8,82,11,71,37,56,26
Q96EP0,82,16,66,45,47,35
Q96EP1,70,10,60,37,43,27
Q96GW9,45,1,44,24,20,25
Q96IS3,7,0,7,5,2,5
Q96S37,34,0,34,30,4,30
Q96T66,12,0,12,6,6,6
Q9BXW6,84,14,70,51,47,37
Q9BY84,107,11,96,52,66,41
Q9H000,40,3,37,25,18,22
Q9H1R3,41,4,37,18,23,18
Q9H209,31,0,31,20,11,20
Q9H3N1,27,6,21,17,16,11
Q9H9F9,44,4,40,21,25,19
Q9HAU4,39,2,37,22,17,22
Q9HDC9,33,3,30,12,22,11
Q9NTJ5,40,1,39,24,17,23
Q9NWM8,9,0,9,6,3,6
Q9NZZ3,15,4,11,9,10,5
Q9P2F5,123,0,123,48,75,48
Q9UBL3,54,10,44,30,26,28
Q9UEE9,43,14,29,19,36,7
Q9UHD9,67,4,63,39,30,37
Q9UPS8,163,26,137,77,108,55
Q9Y3X0,55,16,39,23,48,7
A0A075B6R2,19,0,19,13,6,13
A0A0G2JMM0,33,0,33,20,13,20
A0A286YEY9,6,0,6,5,1,5
A0A7I2V3R4,21,0,21,9,12,9
F8WCM5,18,0,18,12,6,12
O14633,12,0,12,8,4,8
O15457,95,2,93,50,47,48
O60548,39,3,36,16,26,13
O75122,245,79,166,116,180,65
O75716,15,1,14,8,8,7
O75829,25,1,24,10,16,9
O95562,13,0,13,10,3,10
P00451,222,4,218,116,110,112
P01568,17,0,17,8,9,8
P05015,15,0,15,9,6,9
P06703,4,1,3,1,4,0
P0C2S0,7,0,7,4,3,4
P11049,18,0,18,13,5,13
P14679,49,0,49,31,18,31
P18085,5,2,3,3,4,1
P20618,23,7,16,11,17,6
P21918,37,0,37,25,12,25
P23025,11,2,9,4,7,4
P24046,48,7,41,24,31,17
P25025,25,1,24,17,9,16
P31995,25,0,25,14,11,14
P34982,24,0,24,20,4,20
P37840,6,3,3,3,6,0
P51116,96,35,61,46,69,27
P52657,5,1,4,4,2,3
P52948,239,56,183,144,119,120
P55283,61,1,60,32,30,31
P60412,58,0,58,57,1,57
P62140,18,4,14,10,6,12
P98155,69,1,68,49,21,48
Q05D32,58,20,38,30,42,16
Q13895,22,5,17,12,13,9
Q14019,10,3,7,7,4,6
Q14197,16,1,15,9,8,8
Q16658,44,8,36,20,28,16
Q16676,35,0,35,15,20,15
Q1L6U9,7,0,7,6,1,6
Q5FVE4,40,1,39,21,18,22
Q5QP82,80,14,66,39,51,29
Q68CZ2,248,79,169,132,177,71
Q6IA17,47,7,40,32,22,25
Q71RG4,29,0,29,15,14,15
Q7Z7D3,27,0,27,20,7,20
Q86SG3,37,0,37,13,24,13
Q86TG1,25,0,25,20,5,20
Q86YG4,28,0,28,20,8,20
Q8IWE5,116,12,104,59,63,53
Q8IWU2,206,34,172,105,119,87
Q8IWW6,114,28,86,57,79,35
Q8IY67,51,10,41,30,31,20
Q8IYI0,27,0,27,15,12,15
Q8NDQ6,47,3,44,26,24,23
Q8NFD2,50,1,49,26,23,27
Q8NFH8,94,25,69,46,65,29
Q8NGC7,24,0,24,21,3,21
Q8NH01,23,0,23,21,2,21
Q8NHA4,28,0,28,23,5,23
Q8TBY8,62,2,60,26,36,26
Q8WV07,7,0,7,5,2,5
Q8WXF7,39,3,36,21,19,20
Q92482,12,0,12,9,3,9
Q92673,202,11,191,119,82,120
Q92794,250,29,221,120,159,91
Q92796,67,9,58,40,34,33
Q96HA8,16,1,15,9,8,8
Q96KG7,88,3,85,59,28,60
Q99853,34,0,34,17,17,17
Q9BQA1,47,5,42,33,19,28
Q9BS26,23,0,23,15,8,15
Q9BTX1,90,18,72,57,51,39
Q9H3M9,32,1,31,18,15,17
Q9H410,69,24,45,34,55,14
Q9H492,7,1,6,5,3,4
Q9H6Y7,20,3,17,10,11,9
Q9H963,7,0,7,5,2,5
Q9H9A5,63,3,60,42,22,41
Q9NPI1,57,12,45,33,36,21
Q9NQL2,30,3,27,18,15,15
Q9NUB1,43,3,40,22,22,21
Q9NVC6,71,8,63,37,42,29
Q9NY97,24,0,24,14,10,14
Q9NYB0,43,13,30,17,39,4
Q9NZR1,12,1,11,7,6,6
Q9UBX1,39,1,38,23,17,22
Q9UD57,24,0,24,10,14,10
Q9UHB7,292,74,218,117,247,45
Q9UJJ7,19,1,18,14,6,13
Q9UJW3,33,0,33,20,13,20
Q9UKN1,1239,0,1239,793,446,793
Q9UKY1,94,14,80,55,53,41
Q9UKY3,19,0,19,10,9,10
Q9ULS6,39,1,38,27,13,26
Q9UMX5,5,1,4,1,3,2
Q9Y3S1,214,21,193,100,135,79
Q9Y5H4,80,1,79,43,36,44
A0A1B0GVZ6,13,0,13,9,4,9
A0A1B0GWB2,14,0,14,8,6,8
A0A455ZAR2,9,0,9,3,6,3
A0A494C0Z2,17,0,17,8,9,8
A0PJK1,44,3,41,29,16,28
A0PJW6,7,0,7,6,1,6
A2RTX5,48,2,46,25,25,23
A2RU30,59,8,51,31,36,23
A2RU67,64,7,57,39,32,32
A6NHG4,12,1,11,6,7,5
A6NJG2,26,0,26,10,16,10
A7E2Y1,92,0,92,45,47,45
B1AL88,42,0,42,26,16,26
O00255,44,5,39,22,21,23
O00560,30,9,21,17,16,14
O14495,27,2,25,15,14,13
O14607,139,10,129,82,65,74
O60320,61,0,61,33,28,33
O60518,64,4,60,45,23,41
O60749,56,11,45,22,41,15
O95365,46,11,35,29,26,20
P01042,54,5,49,25,34,20
P02042,11,5,6,6,6,5
P04141,11,0,11,6,5,6
P06870,17,0,17,13,4,13
P08912,39,0,39,20,19,20
P0C7V4,42,1,41,23,20,22
P0DP03,12,0,12,8,4,8
P11831,80,18,62,47,43,37
P28288,42,5,37,24,23,19
P31271,27,0,27,18,9,18
P45983,34,3,31,22,11,23
P60983,9,3,6,5,3,6
P62847,3,1,2,2,2,1
P62979,11,4,7,7,8,3
Q01844,59,4,55,31,32,27
Q04828,24,8,16,14,16,8
Q08257,24,3,21,13,14,10
Q12768,69,1,68,42,28,41
Q13219,131,2,129,81,52,79
Q13444,68,4,64,43,29,39
Q14849,41,5,36,23,21,20
Q32M84,29,0,29,20,9,20
Q4LDR2,6,0,6,2,4,2
Q53H47,36,0,36,20,16,20
Q53TS8,194,3,191,97,100,94
Q5J8X5,10,0,10,5,5,5
Q5T5A4,11,0,11,4,7,4
Q5T5N4,23,0,23,10,13,10
Q5W0Z9,39,5,34,24,16,23
Q63HK5,169,23,146,77,105,64
Q69YN2,41,3,38,20,20,21
Q6PEY0,12,0,12,9,3,9
Q6PJ61,52,13,39,23,32,20
Q6ZSU1,7,0,7,4,3,4
Q76KD6,69,0,69,34,35,34
Q7L4S7,23,1,22,14,10,13
Q86YJ7,46,0,46,23,23,23
Q8IUK5,47,1,46,25,21,26
Q8IUR5,57,1,56,42,16,41
Q8IVF2,723,181,542,346,444,279
Q8IVV2,107,1,106,54,52,55
Q8N0Z6,40,1,39,21,18,22
Q8N9I9,12,1,11,4,7,5
Q8NCN4,106,34,72,56,82,24
Q8NEC5,73,0,73,40,33,40
Q8NI08,118,29,89,56,87,31
Q8TEV8,19,0,19,11,8,11
Q8WXB1,8,0,8,5,3,5
Q92781,18,0,18,12,6,12
Q92837,23,4,19,10,15,8
Q96A22,12,4,8,6,10,2
Q96CJ1,44,5,39,17,32,12
Q96DN0,16,0,16,11,5,11
Q96GD0,14,0,14,10,4,10
Q96HA9,20,2,18,16,6,14
Q96L12,20,0,20,10,10,10
Q96L33,14,1,13,8,7,7
Q96SI1,29,4,25,16,17,12
Q99626,30,6,24,14,20,10
Q9BQD7,13,0,13,7,6,7
Q9BY27,9,0,9,5,4,5
Q9BYR4,35,0,35,33,2,33
Q9BZF9,102,9,93,43,66,36
Q9H0H5,95,40,55,49,82,13
Q9H305,7,0,7,5,2,5
Q9H3S1,66,4,62,42,24,42
Q9H9J2,15,0,15,8,7,8
Q9NQ35,17,1,16,5,11,6
Q9NRY7,14,0,14,11,3,11
Q9NS23,21,4,17,10,15,6
Q9NV64,38,1,37,24,15,23
Q9NZ81,4,0,4,1,3,1
Q9P2B7,102,21,81,45,72,30
Q9Y450,66,16,50,33,47,19
Q9Y5F6,94,1,93,43,52,42
Q9Y5Z4,21,3,18,16,8,13
A0A8Q3SIZ7,1,0,1,1,0,1
A2RUC4,17,0,17,13,4,13
A6NGN9,25,0,25,13,12,13
A8K8V0,34,1,33,22,13,21
A8MYB1,22,0,22,13,9,13
O00408,59,2,57,41,20,39
O43379,204,43,161,114,115,89
O43570,32,0,32,17,15,17
O43711,25,0,25,14,11,14
O43818,52,9,43,30,29,23
O75054,120,2,118,60,62,58
O75365,6,0,6,3,3,3
O94823,125,0,125,63,62,63
O94988,119,26,93,58,83,36
O95139,6,1,5,3,4,2
O95147,13,3,10,6,4,9
O95661,10,0,10,4,6,4
P05771,43,7,36,22,24,19
P07911,53,0,53,39,14,39
P0CG00,42,0,42,14,28,14
P0CG40,76,5,71,42,39,37
P17544,74,22,52,38,52,22
P18505,40,3,37,25,18,22
P22309,40,0,40,28,12,28
P25815,10,3,7,5,6,4
P35558,39,4,35,20,23,16
P36402,29,3,26,12,20,9
P41586,37,0,37,23,14,23
P46108,41,15,26,21,27,14
P48634,286,78,208,134,216,70
P54852,9,0,9,8,1,8
P68400,33,10,23,17,16,17
P82664,11,1,10,5,7,4
Q01362,27,0,27,17,10,17
Q02535,6,1,5,4,1,5
Q03938,54,0,54,30,24,30
Q08493,71,8,63,33,40,31
Q08881,50,6,44,24,28,22
Q09FC8,56,2,54,37,21,35
Q12765,32,2,30,18,16,16
Q13144,71,15,56,45,33,38
Q14162,87,8,79,47,48,39
Q14324,64,6,58,29,41,23
Q14833,68,1,67,41,28,40
Q14847,29,13,16,15,19,10
Q15742,60,14,46,22,50,10
Q16517,3,0,3,2,1,2
Q16853,52,0,52,24,28,24
Q2TAA5,30,1,29,17,14,16
Q2WGJ8,14,0,14,12,2,12
Q460N5,150,20,130,84,64,86
Q4VC39,6,0,6,5,1,5
Q53GG5,38,11,27,22,21,17
Q5BJD5,22,2,20,16,8,14
Q5SR53,20,0,20,13,7,13
Q5VUA4,384,99,285,182,273,111
Q6IE81,90,18,72,40,56,34
Q6P2H8,17,0,17,12,5,12
Q6PCD5,92,7,85,48,43,49
Q6UDR6,4,0,4,4,0,4
Q7L4E1,74,14,60,40,42,32
Q7L9B9,67,17,50,34,42,25
Q7RTX0,62,0,62,39,23,39
Q7Z7M8,29,0,29,17,12,17
Q86UW9,70,10,60,37,41,29
Q86VH5,57,0,57,41,16,41
Q86Z23,9,0,9,7,2,7
Q8IVH8,79,16,63,44,51,28
Q8IX07,109,27,82,54,80,29
Q8NBZ0,33,6,27,14,25,8
Q8ND30,73,9,64,30,52,21
Q8NFI4,18,4,14,8,14,4
Q8NGC9,21,0,21,19,2,19
Q8TAT2,16,0,16,5,11,5
Q8TCU3,45,0,45,37,8,37
Q92556,56,8,48,30,30,26
Q969V3,36,0,36,20,16,20
Q96EN9,5,0,5,2,3,2
Q96L73,322,48,274,159,207,115
Q96PU8,15,4,11,8,9,6
Q99456,54,3,51,16,41,13
Q9BT92,21,0,21,9,12,9
Q9BU64,23,3,20,14,8,15
Q9BV44,36,4,32,18,20,16
Q9BWE0,36,6,30,16,26,10
Q9BY67,24,3,21,13,12,12
Q9BYQ6,28,0,28,28,0,28
Q9H0M5,60,1,59,34,27,33
Q9H2W1,30,0,30,22,8,22
Q9HBU9,31,2,29,18,13,18
Q9HD87,4,0,4,2,2,2
Q9NXS3,37,1,36,23,13,24
Q9NZQ8,63,0,63,39,24,39
Q9P2K1,109,0,109,56,53,56
Q9UJC5,7,1,6,4,4,3
Q9UKV5,61,11,50,36,36,25
Q9UNZ2,46,13,33,23,32,14
Q9Y2F5,316,48,268,152,212,104
Q9Y4X0,46,6,40,22,26,20
A6NFI3,56,6,50,31,29,27
A8MPX8,51,0,51,24,27,24
A8MX19,44,0,44,24,20,24
B1AMM8,3,0,3,0,3,0
H3BRN8,11,0,11,6,5,6
O00192,83,20,63,37,54,29
O14788,29,0,29,19,10,19
O15467,5,0,5,3,2,3
O43504,9,3,6,7,5,4
O60890,60,5,55,31,34,26
O75123,46,3,43,31,16,30
O75144,27,0,27,15,12,15
O75610,25,0,25,10,15,10
O95271,98,5,93,46,55,43
O95922,31,0,31,18,13,18
P01570,17,0,17,6,11,6
P04839,33,0,33,23,10,23
P09874,114,32,82,62,60,54
P0DME0,19,0,19,11,8,11
P14672,36,2,34,27,11,25
P15924,300,88,212,137,189,111
P16410,16,1,15,10,5,11
P19883,25,0,25,19,6,19
P20815,31,1,30,15,17,14
P20839,39,5,34,17,25,14
P20851,18,0,18,15,3,15
P21506,49,0,49,38,11,38
P26012,63,0,63,40,23,40
P31260,43,2,41,20,25,18
P31268,16,1,15,7,10,6
P36871,54,15,39,30,25,29
P46109,32,12,20,16,24,8
P47902,19,0,19,11,8,11
P49802,41,4,37,19,22,19
P55211,43,9,34,27,21,22
P61278,7,0,7,2,5,2
P61371,25,2,23,14,13,12
P62829,7,3,4,3,5,2
Q01113,44,0,44,19,25,19
Q01344,31,0,31,22,9,22
Q04917,28,11,17,14,25,3
Q07444,23,0,23,12,11,12
Q12946,49,4,45,28,23,26
Q13515,34,1,33,14,21,13
Q14183,25,1,24,13,13,12
Q15398,102,35,67,50,65,37
Q4JDL3,41,7,34,20,28,13
Q5JX71,13,0,13,3,10,3
Q6IAA8,36,15,21,20,15,21
Q6UWW9,7,0,7,4,3,4
Q6UWY5,23,0,23,13,10,13
Q7L014,101,24,77,36,81,20
Q7Z2W4,144,48,96,76,114,30
Q7Z3T1,21,0,21,18,3,18
Q86SX3,30,0,30,17,13,17
Q86WI1,359,0,359,222,137,222
Q86Y26,109,4,105,51,60,49
Q8IUE0,15,1,14,7,9,6
Q8IWC1,130,39,91,56,113,17
Q8IWJ2,130,17,113,61,82,48
Q8N142,15,1,14,13,3,12
Q8N2F6,28,4,24,17,15,13
Q8N423,61,1,60,30,32,29
Q8N5D0,51,5,46,29,27,24
Q8N6W0,34,0,34,17,17,17
Q8N7E2,36,0,36,16,20,16
Q8NFT8,72,6,66,51,27,45
Q8NFZ0,76,3,73,45,34,42
Q8NH40,24,0,24,20,4,20
Q8NHB7,19,0,19,16,3,16
Q8TEK3,236,52,184,111,173,63
Q8TF68,65,7,58,35,37,28
Q8WVE6,27,0,27,21,6,21
Q8WYN3,77,2,75,43,34,43
Q92621,144,10,134,87,59,85
Q92935,55,0,55,38,17,38
Q96BQ3,31,0,31,19,12,19
Q96F05,61,4,57,33,30,31
Q96F15,18,3,15,9,12,6
Q96HL8,27,1,26,13,15,12
Q96I24,51,14,37,26,35,16
Q96JB8,39,0,39,20,19,20
Q96KX0,8,0,8,6,2,6
Q99727,13,0,13,9,4,9
Q9BQQ3,59,10,49,37,26,33
Q9BXF3,145,9,136,59,93,52
Q9H1E5,25,3,22,14,14,11
Q9H2H9,48,7,41,36,15,33
Q9H7M9,36,8,28,19,25,11
Q9HCL0,129,8,121,72,65,64
Q9HCP0,30,5,25,14,17,13
Q9NP95,13,0,13,9,4,9
Q9NVH1,42,3,39,23,20,22
Q9NYV9,28,0,28,25,3,25
Q9UBL6,50,7,43,25,30,20
Q9Y2W7,17,3,14,11,9,8
Q9Y4X5,26,2,24,15,13,13
Q9Y6F9,21,0,21,13,8,13
Q9Y6R6,51,1,50,36,14,37
A0A0B4J1V6,13,0,13,6,7,6
A6NEL3,19,0,19,9,10,9
A6NGG8,181,5,176,70,114,67
A6NHN6,27,0,27,9,18,9
B7ZBB8,25,3,22,15,13,12
C9JPN9,38,0,38,33,5,33
O14908,19,7,12,11,15,4
O15327,75,6,69,37,44,31
O43323,16,0,16,8,8,8
O43865,47,12,35,23,32,15
O60496,36,9,27,16,25,11
O60840,131,4,127,76,57,74
O75019,56,0,56,35,21,35
O95221,34,0,34,27,7,27
P01602,17,0,17,11,6,11
P04114,411,18,393,234,187,224
P08575,118,16,102,63,63,55
P0C854,17,0,17,8,9,8
P0DSO1,16,0,16,4,12,4
P10747,18,1,17,12,7,11
P17050,26,2,24,19,9,17
P19440,36,0,36,17,19,17
P21333,285,105,180,147,159,126
P28562,38,2,36,27,13,25
P31371,10,0,10,6,4,6
P38646,57,18,39,29,38,19
P41223,3,0,3,1,2,1
P43351,44,6,38,21,21,23
P48167,35,0,35,20,15,20
P48664,30,0,30,19,11,19
P51531,133,32,101,61,86,47
P55060,66,11,55,43,34,32
P59037,4,0,4,2,2,2
P60891,25,5,20,12,18,7
P61086,13,3,10,6,10,3
P63135,89,0,89,45,44,45
P63218,4,0,4,3,1,3
Q01860,32,10,22,20,20,12
Q12870,15,1,14,6,10,5
Q13033,72,12,60,39,37,35
Q16623,31,6,25,15,22,9
Q2MKA7,20,0,20,10,10,10
Q3V6T2,218,42,176,93,151,67
Q5SY16,61,6,55,39,28,33
Q5T1N1,95,5,90,37,55,40
Q5U4P2,28,3,25,17,12,16
Q5VZ19,20,1,19,12,9,11
Q6P9G9,26,0,26,15,11,15
Q6UWH6,12,0,12,10,2,10
Q6UXX5,132,3,129,67,66,66
Q71UI9,8,1,7,4,3,5
Q7L0J3,65,8,57,48,25,40
Q7L266,16,1,15,12,5,11
Q7Z569,52,13,39,28,37,15
Q86XG9,25,0,25,13,12,13
Q8IVG5,128,7,121,67,68,60
Q8IWK6,118,4,114,81,41,77
Q8IYY4,64,2,62,21,45,19
Q8IZ16,21,2,19,10,13,8
Q8N398,117,1,116,54,64,53
Q8N6N2,25,5,20,9,15,10
Q8N8A6,49,4,45,26,23,26
Q8N954,18,3,15,11,10,8
Q8N9R0,11,0,11,2,9,2
Q8NCF0,28,0,28,26,2,26
Q8NGC3,14,0,14,9,5,9
Q8NGY0,23,0,23,16,7,16
Q8TCD6,14,0,14,9,5,9
Q8WWY3,52,13,39,26,37,15
Q8WXU2,16,0,16,5,11,5
Q969Q4,11,0,11,7,4,7
Q96IR7,18,0,18,11,7,11
Q96MP5,61,2,59,37,24,37
Q96PH6,9,0,9,5,4,5
Q99551,38,3,35,21,14,24
Q99795,31,2,29,15,16,15
Q9BRP0,30,3,27,11,20,10
Q9BSJ8,113,23,90,67,61,52
Q9BV79,25,0,25,12,13,12
Q9C0J1,20,0,20,11,9,11
Q9GZN8,13,1,12,8,6,7
Q9H2D1,16,0,16,11,5,11
Q9H2R5,22,2,20,13,9,13
Q9H2S9,71,9,62,38,38,33
Q9H7L9,28,10,18,13,25,3
Q9H7V2,32,3,29,18,17,15
Q9H8M5,67,6,61,34,39,28
Q9HBV2,22,1,21,10,13,9
Q9HCK4,124,5,119,64,65,59
Q9HCQ5,36,0,36,19,17,19
Q9NPC1,17,0,17,12,5,12
Q9NQN1,27,0,27,22,5,22
Q9P2U8,40,1,39,26,13,27
Q9ULZ0,11,0,11,3,8,3
Q9UNQ2,18,2,16,10,8,10
Q9Y2V7,47,2,45,32,13,34
Q9Y2X9,157,29,128,77,105,52
Q9Y3C0,16,2,14,9,9,7
Q9Y5R4,32,0,32,15,17,15
Q9Y6I8,12,0,12,11,1,11
A6NJ08,12,0,12,8,4,8
A6NMX2,15,1,14,9,7,8
O00203,124,11,113,48,83,41
O14798,24,2,22,13,13,11
O15121,14,1,13,11,4,10
O15243,7,0,7,4,3,4
O15372,29,4,25,14,19,10
O43365,51,4,47,22,33,18
O43447,8,0,8,5,3,5
O43676,4,1,3,1,4,0
O43739,18,0,18,7,11,7
O43791,31,0,31,22,9,22
O75030,64,17,47,32,37,27
O75376,368,99,269,168,275,93
O94812,85,2,83,47,40,45
P05129,47,10,37,28,25,22
P0C5K7,18,0,18,13,5,13
P0DW14,13,0,13,6,7,6
P11441,15,2,13,7,10,5
P11678,47,5,42,23,29,18
P17024,41,1,40,30,12,29
P17600,74,18,56,35,57,17
P34981,30,0,30,22,8,22
P41220,21,3,18,9,11,10
P41247,22,2,20,10,14,8
P41440,59,9,50,43,19,40
P49448,45,9,36,20,34,11
P49746,50,0,50,22,28,22
P54851,10,0,10,8,2,8
P78345,27,6,21,17,12,15
Q06432,17,0,17,12,5,12
Q13491,14,0,14,12,2,12
Q14527,82,11,71,39,50,32
Q14693,118,20,98,58,76,42
Q15113,37,1,36,25,13,24
Q15940,10,0,10,5,5,5
Q16626,11,1,10,3,9,2
Q2M1K9,137,16,121,82,71,66
Q30KP9,2,0,2,2,0,2
Q3KP44,53,0,53,25,28,25
Q3LI77,30,0,30,24,6,24
Q495Y7,9,0,9,6,3,6
Q4LDE5,324,4,320,212,110,214
Q562R1,28,6,22,14,18,10
Q5JQF7,1,0,1,0,1,0
Q5QGT7,17,0,17,10,7,10
Q5SNT2,85,16,69,42,51,34
Q5T5Y3,232,68,164,105,169,63
Q5VTB9,71,15,56,33,47,24
Q68CK6,47,3,44,28,18,29
Q6IV72,52,0,52,27,25,27
Q6PXP3,33,0,33,25,8,25
Q6RFH8,21,0,21,7,14,7
Q6V0I7,490,13,477,299,196,294
Q6ZRV2,152,49,103,74,103,49
Q6ZUJ8,85,15,70,42,52,33
Q75N90,169,0,169,123,46,123
Q7L5Y6,37,0,37,25,12,25
Q7RTZ2,38,0,38,29,9,29
Q7Z6B7,122,29,93,60,89,33
Q7Z6J2,23,3,20,10,16,7
Q8IUH2,26,0,26,18,8,18
Q8IWQ3,84,19,65,40,63,21
Q8IZU9,81,0,81,37,44,37
Q8N130,49,0,49,34,15,34
Q8NHH1,68,3,65,34,37,31
Q8TF32,39,1,38,26,14,25
Q8WTX7,31,0,31,22,9,22
Q8WWG9,29,0,29,17,12,17
Q8WWY7,3,0,3,2,1,2
Q8WXD2,31,2,29,12,21,10
Q8WZ42,2462,0,2462,1319,1143,1319
Q902F9,52,0,52,27,25,27
Q92623,12,3,9,7,8,4
Q92630,46,6,40,23,27,19
Q96AC6,63,3,60,27,39,24
Q96EB1,41,5,36,20,22,19
Q96H55,67,2,65,35,34,33
Q96IJ6,28,4,24,15,17,11
Q96IZ2,11,0,11,8,3,8
Q96ME1,77,1,76,55,23,54
Q96RT6,68,13,55,38,39,29
Q96RU2,119,18,101,64,71,48
Q9BQ24,13,3,10,9,7,6
Q9BQY4,17,0,17,11,6,11
Q9BZE2,22,2,20,14,10,12
Q9GZV1,11,1,10,6,6,5
Q9HAV5,28,0,28,20,8,20
Q9HBL8,15,3,12,8,8,7
Q9HBW9,59,0,59,41,18,41
Q9NPF7,14,0,14,10,4,10
Q9NRR4,103,12,91,53,60,43
Q9NW75,72,20,52,31,59,13
Q9NWF9,55,6,49,28,29,26
Q9NZI2,6,0,6,4,2,4
Q9NZV6,12,0,12,5,7,5
Q9UC06,42,2,40,28,14,28
Q9UQF2,103,30,73,54,79,24
Q9Y345,57,2,55,37,22,35
A0A0B4J271,14,0,14,8,6,8
A0A0B4J2E0,7,0,7,3,4,3
A0A0G2JMH3,18,0,18,14,4,14
A1A519,42,4,38,17,29,13
A1L4H1,132,5,127,47,88,44
A6NK75,40,1,39,24,17,23
O15442,15,0,15,12,3,12
O60431,28,0,28,22,6,22
O95125,48,2,46,26,22,26
O95229,12,5,7,5,12,0
O95273,21,0,21,10,11,10
O95390,27,1,26,15,13,14
O95409,65,9,56,27,45,20
P02751,207,8,199,125,90,117
P04279,62,8,54,26,44,18
P04798,39,1,38,25,15,24
P07988,18,0,18,12,6,12
P08247,18,0,18,15,3,15
P0C5J1,24,2,22,14,12,12
P12830,54,9,45,32,25,29
P16083,19,5,14,12,10,9
P29074,72,3,69,42,33,39
P31153,23,3,20,12,12,11
P50148,23,3,20,14,12,11
P50479,39,11,28,21,29,10
P51688,33,1,32,21,13,20
P51991,37,14,23,16,35,2
P56597,9,0,9,4,5,4
P61026,15,5,10,7,13,2
P62136,20,5,15,12,5,15
P78371,44,15,29,22,35,9
Q00536,58,21,37,28,47,11
Q02363,19,3,16,12,8,11
Q06141,26,0,26,18,8,18
Q0VAA5,24,0,24,10,14,10
Q12824,31,5,26,18,10,21
Q12852,99,11,88,37,71,28
Q13191,96,18,78,51,57,39
Q13569,25,1,24,16,10,15
Q14534,47,1,46,28,20,27
Q16281,50,1,49,30,21,29
Q16635,12,0,12,6,6,6
Q30KQ7,3,0,3,1,2,1
Q3L8U1,326,27,299,156,185,141
Q5C9Z4,73,8,65,30,45,28
Q5CZA5,53,6,47,31,28,25
Q5VVJ2,75,9,66,33,45,30
Q5XPI4,102,8,94,63,47,55
Q6IFN5,34,0,34,27,7,27
Q6L8G4,34,0,34,30,4,30
Q6SJ96,40,0,40,20,20,20
Q6W3E5,31,0,31,23,8,23
Q6ZMT4,92,0,92,37,55,37
Q7Z465,26,0,26,11,15,11
Q7Z4R8,16,0,16,11,5,11
Q8IWX8,101,27,74,40,86,15
Q8N1H7,58,0,58,31,27,31
Q8N4P2,27,0,27,14,13,14
Q8N567,18,4,14,8,12,6
Q8N8V8,9,0,9,6,3,6
Q8N9V7,170,2,168,91,79,91
Q8NA92,17,0,17,7,10,7
Q8NG68,26,0,26,18,8,18
Q8TAU3,49,1,48,29,21,28
Q8TAV5,20,0,20,13,7,13
Q8TDW7,420,2,418,259,161,259
Q8WVC6,8,0,8,4,4,4
Q8WXT5,28,0,28,21,7,21
Q8WY07,48,0,48,37,11,37
Q92570,65,2,63,30,37,28
Q92604,20,2,18,12,8,12
Q92626,99,4,95,50,51,48
Q969Q0,5,2,3,3,4,1
Q96B33,24,3,21,16,11,13
Q96FZ7,9,1,8,4,6,3
Q96N87,35,0,35,20,15,20
Q96PU9,20,2,18,4,18,2
Q96RP9,44,4,40,26,18,26
Q96T53,39,0,39,28,11,28
Q9BUF7,12,1,11,8,5,7
Q9BV36,94,34,60,49,79,15
Q9BZ29,196,35,161,108,115,81
Q9C0B0,102,14,88,56,56,46
Q9GZM7,23,0,23,11,12,11
Q9GZY1,10,0,10,7,3,7
Q9H3H1,35,6,29,19,20,15
Q9HBH7,5,0,5,1,4,1
Q9HD36,10,0,10,7,3,7
Q9NP97,7,1,6,5,1,6
Q9NPH2,42,3,39,26,17,25
Q9NPZ5,12,0,12,7,5,7
Q9NQT8,201,45,156,108,130,71
Q9NRJ5,57,0,57,31,26,31
Q9NYZ1,23,5,18,16,6,17
Q9P0W0,11,0,11,5,6,5
Q9P2P6,572,4,568,244,328,244
Q9UDW1,2,0,2,0,2,0
Q9UHQ4,16,0,16,8,8,8
Q9UMZ2,224,61,163,113,160,64
A0A0B4J1Y9,11,0,11,3,8,3
A0A0C4DH35,13,0,13,8,5,8
A6NNS2,17,0,17,10,7,10
J3KSC0,11,0,11,4,7,4
O00244,5,2,3,3,2,3
O00443,164,19,145,100,73,91
O00590,30,1,29,25,6,24
O14626,16,0,16,15,1,15
O14662,28,5,23,11,22,6
O15296,38,0,38,24,14,24
O43677,4,0,4,0,4,0
O75469,30,5,25,15,18,12
O95185,68,4,64,43,29,39
O95190,13,0,13,11,2,11
O95948,51,1,50,21,31,20
P00387,17,3,14,9,11,6
P02533,69,19,50,28,56,13
P09848,158,1,157,93,66,92
P0C7Q6,29,0,29,23,6,23
P0CJ76,1,0,1,1,0,1
P0DP72,53,0,53,29,24,29
P17936,33,8,25,14,23,10
P18564,64,2,62,43,23,41
P35520,37,5,32,16,26,11
P35556,181,1,180,134,48,133
P48029,33,2,31,22,13,20
P49458,4,1,3,1,4,0
P55263,16,0,16,10,6,10
P56179,23,4,19,14,13,10
P58304,34,0,34,13,21,13
P59544,22,0,22,17,5,17
P61568,9,0,9,9,0,9
P63279,6,2,4,3,5,1
Q04760,11,2,9,6,5,6
Q06190,128,15,113,61,80,48
Q09161,56,6,50,32,26,30
Q12929,108,36,72,51,77,31
Q14055,16,1,15,7,10,6
Q14141,31,7,24,21,13,18
Q14192,21,5,16,12,8,13
Q49A33,12,0,12,10,2,10
Q5HY92,102,2,100,48,54,48
Q5R387,16,0,16,8,8,8
Q5SVQ8,80,6,74,40,44,36
Q68CQ1,144,1,143,89,56,88
Q6IEG0,36,6,30,17,21,15
Q6UXC1,93,2,91,54,39,54
Q6ZU80,117,28,89,49,80,37
Q7L1I2,45,0,45,31,14,31
Q7Z2R9,6,0,6,1,5,1
Q8IUC3,6,0,6,4,2,4
Q8IYF1,70,1,69,21,50,20
Q8N3G9,27,0,27,19,8,19
Q8N4M7,12,0,12,7,5,7
Q8N565,15,2,13,6,11,4
Q8NBX0,34,3,31,22,15,19
Q8NC06,17,0,17,8,9,8
Q8NDV3,75,3,72,37,41,34
Q8NFH5,70,28,42,35,53,17
Q8TD08,44,7,37,19,30,14
Q8TD46,20,0,20,13,7,13
Q8TF20,50,0,50,38,12,38
Q8WWF3,34,2,32,15,21,13
Q92737,7,0,7,4,3,4
Q92793,264,46,218,136,170,94
Q969X6,61,1,60,37,23,38
Q96A84,28,0,28,15,13,15
Q96E09,70,24,46,33,59,11
Q96FV9,50,6,44,26,28,22
Q96FX8,11,0,11,10,1,10
Q96SI9,56,11,45,29,34,22
Q99467,63,1,62,44,18,45
Q99732,14,3,11,10,1,13
Q9GZP7,36,0,36,21,15,21
Q9H165,128,32,96,68,88,40
Q9H422,127,3,124,72,58,69
Q9H4G0,119,43,76,57,95,24
Q9HA72,21,0,21,13,8,13
Q9HC97,17,1,16,13,5,12
Q9HD26,32,7,25,18,19,13
Q9NQ48,16,2,14,10,8,8
Q9NRZ5,28,6,22,18,10,18
Q9NYK5,22,0,22,14,8,14
Q9NYZ4,54,3,51,30,25,29
Q9NZ52,82,9,73,41,50,32
Q9NZB2,132,40,92,64,102,30
Q9NZS2,25,0,25,20,5,20
Q9P0N9,21,1,20,13,7,14
Q9P2N2,69,6,63,26,47,22
Q9UBU9,63,9,54,37,33,30
Q9UHY8,41,9,32,21,27,14
Q9UKK9,9,2,7,5,6,3
Q9UM82,77,11,66,34,54,23
Q9Y496,47,7,40,21,33,14
Q9Y4W2,81,25,56,39,61,20
Q9Y597,108,22,86,58,68,40
Q9Y5I2,89,1,88,50,40,49
Q9Y5X0,24,1,23,15,8,16
Q9Y600,29,0,29,20,9,20
Q9Y6A5,99,23,76,51,69,30
A0A087WXM9,57,0,57,28,29,28
A0A183,8,0,8,4,4,4
A0A1B0GTY4,11,0,11,6,5,6
A5D8V6,27,0,27,13,14,13
A6NCC3,51,8,43,29,28,23
A6NFE2,16,0,16,9,7,9
A6NLU5,27,0,27,13,14,13
A6NM45,14,0,14,12,2,12
A6NMD0,15,0,15,9,6,9
H3BS89,15,0,15,13,2,13
O00170,16,6,10,8,10,6
O00241,33,0,33,17,16,17
O14684,5,0,5,4,1,4
O15204,34,0,34,17,17,17
O43143,52,9,43,32,25,27
O43390,41,13,28,23,27,14
O43424,76,2,74,42,36,40
O60519,8,0,8,2,6,2
O75022,73,4,69,38,39,34
O95104,81,10,71,34,55,26
P04437,12,0,12,7,5,7
P11586,53,10,43,31,30,23
P17706,35,6,29,22,15,20
P19224,33,1,32,25,9,24
P20042,22,8,14,13,13,9
P22794,29,4,25,14,19,10
P23083,10,0,10,6,4,6
P26717,21,0,21,13,8,13
P30872,31,0,31,18,13,18
P35916,121,5,116,63,61,60
P46695,14,4,10,8,8,6
P53672,19,1,18,10,8,11
P54886,70,11,59,35,44,26
P56377,5,0,5,3,2,3
P61020,20,6,14,11,11,9
P61758,8,2,6,3,7,1
P61962,19,2,17,12,7,12
Q01130,60,16,44,18,58,2
Q02153,35,0,35,20,15,20
Q03164,672,129,543,322,441,231
Q07075,73,1,72,45,29,44
Q13547,36,9,27,20,25,11
Q14195,54,16,38,30,38,16
Q15599,37,16,21,20,27,10
Q53H54,22,0,22,12,10,12
Q5SZB4,36,0,36,14,22,14
Q5VXD3,6,0,6,5,1,5
Q5VZF2,22,2,20,14,8,14
Q6PEZ8,32,0,32,19,13,19
Q6PIF2,21,0,21,11,10,11
Q6UXK2,49,0,49,25,24,25
Q70SY1,73,9,64,33,47,26
Q7L2J0,80,22,58,42,56,24
Q7Z5A9,7,0,7,5,2,5
Q86XA0,13,0,13,9,4,9
Q8IWA6,55,3,52,23,33,22
Q8IWX5,18,0,18,12,6,12
Q8IY42,29,5,24,12,22,7
Q8IYH5,111,17,94,53,75,36
Q8IYJ3,64,12,52,25,49,15
Q8IZW8,123,24,99,61,74,49
Q8N183,13,3,10,3,11,2
Q8N6H7,96,35,61,48,75,21
Q8NBJ4,27,7,20,13,15,12
Q8NDH6,50,1,49,26,25,25
Q8NDX1,131,32,99,60,87,44
Q8NFR3,4,0,4,3,1,3
Q8NG80,24,0,24,22,2,22
Q8NGG5,25,0,25,21,4,21
Q8NGG7,31,0,31,26,5,26
Q8NGS5,27,0,27,25,2,25
Q8NH10,26,0,26,23,3,23
Q8NH90,29,0,29,25,4,25
Q8WVV9,48,9,39,30,25,23
Q8WWX0,24,0,24,17,7,17
Q92583,4,0,4,3,1,3
Q96C10,33,1,32,17,15,18
Q96EE4,8,0,8,3,5,3
Q96LM1,10,0,10,6,4,6
Q9BU68,6,1,5,3,4,2
Q9BYT3,58,9,49,30,29,29
Q9GZU5,36,0,36,13,23,13
Q9GZX9,21,0,21,19,2,19
Q9H074,34,5,29,20,17,17
Q9H2G2,127,45,82,65,103,24
Q9H4Z3,86,15,71,39,60,26
Q9H503,3,0,3,3,0,3
Q9NP90,9,2,7,6,5,4
Q9NSY2,13,0,13,7,6,7
Q9P035,19,3,16,14,8,11
Q9UBI1,15,0,15,7,8,7
Q9UBV4,25,1,24,12,14,11
Q9UJX6,79,18,61,42,53,26
Q9UKW6,23,0,23,19,4,19
Q9UP38,36,0,36,26,10,26
Q9Y3B7,10,1,9,5,4,6
Q9Y5K3,48,15,33,21,40,8
Q9Y661,30,0,30,16,14,16
Q9Y6M5,39,7,32,29,15,24
Q9Y6Q6,57,2,55,31,28,29
A0A075B6I0,17,0,17,10,7,10
A0A191URJ7,37,0,37,25,12,25
A0A494C1I1,7,0,7,3,4,3
A6NKB5,239,3,236,122,120,119
A6NM36,25,0,25,17,8,17
A6NMZ2,13,0,13,4,9,4
D3DTV9,4,0,4,3,1,3
I6L899,42,0,42,23,19,23
M0QZC1,26,0,26,5,21,5
O15432,14,3,11,10,7,7
O43868,49,0,49,33,16,33
O60486,133,3,130,77,55,78
O60732,267,0,267,131,136,131
O60783,8,0,8,4,4,4
O75264,6,1,5,2,5,1
O75558,19,5,14,10,12,7
O76061,25,5,20,14,14,11
O95859,18,0,18,13,5,13
O95865,22,4,18,12,14,8
P09326,23,0,23,14,9,14
P0C7X1,35,0,35,26,9,26
P10515,48,8,40,30,26,22
P11487,19,1,18,9,11,8
P11908,24,4,20,10,18,6
P19447,64,7,57,32,35,29
P22557,49,3,46,32,20,29
P29120,60,0,60,32,28,32
P30154,35,2,33,16,21,14
P35125,131,10,121,72,69,62
P35869,69,6,63,44,27,42
P42127,15,0,15,4,11,4
P62304,3,0,3,2,1,2
P78324,40,2,38,20,22,18
P80294,7,2,5,3,6,1
P80297,8,3,5,4,7,1
Q09013,28,0,28,14,14,14
Q13007,12,0,12,11,1,11
Q14999,134,7,127,75,66,68
Q17RB0,5,0,5,4,1,4
Q1A5X6,18,2,16,8,12,6
Q2M5E4,9,0,9,6,3,6
Q2TAP0,21,1,20,6,16,5
Q2TB18,49,0,49,30,19,30
Q4V321,3,0,3,1,2,1
Q4W4Y0,17,1,16,11,5,12
Q53QV2,10,4,6,6,6,4
Q6NVV1,1,0,1,0,1,0
Q6P2E9,208,49,159,115,112,96
Q6ZSA7,18,0,18,15,3,15
Q7Z3S9,11,0,11,10,1,10
Q7Z572,35,0,35,12,23,12
Q7Z5L2,84,0,84,41,43,41
Q86VE0,34,4,30,14,24,10
Q86XD8,79,0,79,39,40,39
Q86XI8,26,0,26,12,14,12
Q8IXH7,36,2,34,20,18,18
Q8IYP2,15,0,15,15,0,15
Q8N159,52,1,51,31,22,30
Q8N386,29,0,29,19,10,19
Q8N612,95,17,78,46,66,29
Q8N8N7,23,3,20,19,5,18
Q8NBK3,24,0,24,12,12,12
Q8NCF5,69,28,41,35,60,9
Q8NDX9,20,0,20,14,6,14
Q8TCB7,14,1,13,7,8,6
Q8TCE6,20,1,19,12,7,13
Q8TDU9,20,0,20,12,8,12
Q8TEC5,85,2,83,45,42,43
Q8TEU8,32,0,32,22,10,22
Q8WWZ1,8,0,8,3,5,3
Q8WYK2,9,2,7,4,7,2
Q92567,17,0,17,10,7,10
Q92637,23,1,22,12,12,11
Q92835,133,22,111,60,95,38
Q969D9,12,0,12,11,1,11
Q969H8,11,0,11,7,4,7
Q969R5,72,13,59,33,52,20
Q96A61,12,0,12,9,3,9
Q96DX7,26,2,24,6,22,4
Q96GN5,68,27,41,32,61,7
Q96RD3,23,2,21,19,2,21
Q99705,31,0,31,20,11,20
Q9BUY7,10,0,10,5,5,5
Q9BX95,23,2,21,16,9,14
Q9BZJ3,12,0,12,10,2,10
Q9H147,20,4,16,9,13,7
Q9H223,39,7,32,23,21,18
Q9H3D4,80,10,70,38,50,30
Q9H6R3,51,9,42,26,28,23
Q9H939,24,4,20,11,17,7
Q9NP91,49,0,49,36,13,36
Q9NQ88,28,6,22,16,12,16
Q9NQH7,30,1,29,17,14,16
Q9UBL9,36,0,36,27,9,27
Q9UGI0,64,2,62,28,38,26
Q9UI17,50,3,47,20,31,19
Q9UJN7,46,3,43,26,23,23
Q9ULV5,39,1,38,14,26,13
Q9Y5W9,36,6,30,21,17,19
A0A1B0GVR7,2,0,2,0,2,0
A0A3B3IRQ3,16,0,16,15,1,15
A4D250,21,0,21,11,10,11
A6NFD8,13,0,13,7,6,7
A6NMZ5,25,0,25,21,4,21
A7MBM2,146,8,138,80,74,72
D6RBM5,12,0,12,12,0,12
H3BSY2,45,0,45,24,21,24
O14617,119,21,98,69,69,50
O43665,21,2,19,13,8,13
O75290,37,0,37,22,15,22
O95759,97,7,90,61,43,54
O95848,15,1,14,11,5,10
P11686,13,0,13,6,7,6
P17041,25,3,22,15,13,12
P18510,12,0,12,5,7,5
P22532,2,0,2,1,1,1
P28715,151,33,118,65,107,44
P36578,31,13,18,15,15,16
P41439,21,0,21,15,6,15
P43360,26,0,26,20,6,20
P47985,27,4,23,13,18,9
P50391,26,1,25,18,9,17
P59051,7,0,7,1,6,1
P61024,6,3,3,3,6,0
P62306,2,0,2,2,0,2
P62633,16,5,11,8,11,5
P63151,42,2,40,26,18,24
P78358,11,1,10,7,5,6
P80748,13,0,13,11,2,11
Q01959,48,3,45,36,15,33
Q10567,73,12,61,40,37,36
Q13435,78,31,47,40,53,25
Q13507,70,4,66,41,33,37
Q13733,66,1,65,34,33,33
Q14494,101,4,97,47,58,43
Q15582,44,3,41,25,22,22
Q15846,36,1,35,25,12,24
Q4ADV7,148,14,134,77,75,73
Q504Y2,34,1,33,22,13,21
Q5T6F0,43,5,38,23,19,24
Q5VX52,29,0,29,16,13,16
Q658K8,12,0,12,7,5,7
Q6IA86,61,1,60,39,23,38
Q6NUT3,33,0,33,26,7,26
Q6P1L5,118,40,78,55,97,21
Q6UXU6,10,0,10,2,8,2
Q6VB84,29,0,29,19,10,19
Q71RC9,2,0,2,1,1,1
Q7Z2F6,8,0,8,6,2,6
Q7Z7H3,28,0,28,13,15,13
Q86VV8,218,7,211,130,95,123
Q86W25,70,0,70,46,24,46
Q86X60,10,0,10,9,1,9
Q8IUC1,19,0,19,18,1,18
Q8IYX1,18,0,18,14,4,14
Q8IZ08,40,0,40,24,16,24
Q8IZJ4,31,1,30,17,15,16
Q8N628,24,0,24,21,3,21
Q8N8J7,5,2,3,2,5,0
Q8NE35,72,6,66,43,35,37
Q8NGJ6,25,0,25,22,3,22
Q8NGL2,26,0,26,22,4,22
Q8NH73,21,1,20,16,6,15
Q8NHM5,142,39,103,75,104,38
Q8TAQ5,54,5,49,31,26,28
Q8WUU8,20,0,20,12,8,12
Q8WWT9,35,0,35,28,7,28
Q8WXX5,17,2,15,5,14,3
Q8WYL5,147,27,120,75,97,50
Q969F1,18,5,13,8,7,11
Q96PM9,27,0,27,11,16,11
Q9BUF5,40,11,29,21,28,12
Q9BWG6,23,5,18,9,17,6
Q9BXS4,32,2,30,18,14,18
Q9BY50,7,0,7,5,2,5
Q9H0U9,26,4,22,12,16,10
Q9H354,6,0,6,5,1,5
Q9H892,46,1,45,30,17,29
Q9H930,42,3,39,16,29,13
Q9H9H5,16,0,16,5,11,5
Q9HCG1,62,2,60,44,20,42
Q9HCS2,32,0,32,24,8,24
Q9NP87,40,5,35,19,26,14
Q9NPI8,22,2,20,15,7,15
Q9NRH1,18,2,16,12,4,14
Q9NS66,18,0,18,12,6,12
Q9NSI8,61,15,46,26,44,17
Q9NWK9,25,4,21,12,15,10
Q9NY43,42,0,42,18,24,18
Q9UBK2,118,8,110,53,73,45
Q9UHC9,116,0,116,86,30,86
Q9UHD4,19,1,18,6,14,5
Q9UKU7,30,2,28,18,14,16
Q9ULD4,116,25,91,49,90,26
Q9UMZ3,213,4,209,130,85,128
Q9Y4C1,124,17,107,61,78,46
Q9Y6N5,28,5,23,16,11,17
Q9Y6U3,47,3,44,25,25,22
A0A075B6Q5,14,0,14,10,4,10
A0A0B4J273,11,0,11,8,3,8
A0A1B0GUV7,12,0,12,6,6,6
A1L020,38,6,32,18,26,12
A1L390,189,33,156,74,142,47
A2RRH5,80,0,80,54,26,54
A3QJZ7,26,0,26,22,4,22
A6NCK2,31,0,31,19,12,19
A8MTL0,5,0,5,5,0,5
O00462,77,1,76,49,29,48
O00512,197,49,148,88,136,61
O14776,74,9,65,41,42,32
O43167,67,4,63,40,29,38
O60602,72,1,71,58,15,57
O75417,271,16,255,136,151,120
O94898,96,2,94,55,41,55
O95918,24,0,24,22,2,22
P08758,33,12,21,17,18,15
P09693,13,3,10,8,6,7
P0C623,26,0,26,22,4,22
P0DTE8,32,0,32,20,12,20
P10253,67,3,64,40,30,37
P13631,40,5,35,18,27,13
P15291,32,3,29,15,20,12
P20062,26,0,26,17,9,17
P20142,39,0,39,31,8,31
P30408,13,0,13,12,1,12
P43897,27,1,26,9,19,8
P50553,22,0,22,6,16,6
P52797,17,0,17,9,8,9
P55287,44,1,43,27,18,26
P58335,41,4,37,24,21,20
P60321,8,0,8,3,5,3
P68104,36,14,22,22,10,26
P82932,4,0,4,2,2,2
Q13023,337,24,313,156,193,144
Q14511,76,9,67,42,39,37
Q15738,16,2,14,9,7,9
Q3KRA6,5,0,5,1,4,1
Q3LFD5,24,0,24,15,9,15
Q4G0N4,42,7,35,27,16,26
Q58EX2,211,9,202,105,115,96
Q5HYK9,60,4,56,33,31,29
Q5JTH9,122,26,96,70,64,58
Q5SXM8,10,1,9,5,6,4
Q5T619,52,1,51,23,28,24
Q5T7P6,19,0,19,15,4,15
Q6IQ19,27,5,22,10,20,7
Q6NUM9,43,1,42,26,18,25
Q6NW29,20,4,16,9,9,11
Q6Q4G3,69,1,68,43,25,44
Q6ZRQ5,114,2,112,72,42,72
Q6ZTN6,50,4,46,26,26,24
Q6ZTU2,38,0,38,12,26,12
Q6ZVM7,60,15,45,29,38,22
Q7Z7E8,35,6,29,16,21,14
Q86T96,52,0,52,25,27,25
Q86YV6,23,0,23,18,5,18
Q8IUC0,36,0,36,26,10,26
Q8IVL0,418,38,380,174,268,150
Q8IW45,28,1,27,20,9,19
Q8IWU4,35,0,35,28,7,28
Q8N4H5,2,0,2,2,0,2
Q8N5F7,90,20,70,29,81,9
Q8N6I1,4,0,4,2,2,2
Q8NGC4,12,0,12,9,3,9
Q8NGH3,28,0,28,23,5,23
Q8NHC6,27,0,27,21,6,21
Q8TAQ9,25,1,24,13,13,12
Q8TE96,54,0,54,30,24,30
Q8WUR7,10,1,9,6,5,5
Q8WWK9,89,26,63,42,67,22
Q8WYJ6,25,5,20,13,17,8
Q8WZ74,188,16,172,98,102,86
Q92481,51,5,46,27,29,22
Q92599,43,9,34,25,23,20
Q969K7,18,0,18,17,1,17
Q96B26,14,0,14,7,7,7
Q96E16,8,1,7,4,5,3
Q96GT9,2,0,2,0,2,0
Q96JH7,123,27,96,63,79,44
Q99619,16,0,16,12,4,12
Q9BXJ5,15,0,15,10,5,10
Q9BZ19,22,0,22,13,9,13
Q9H0G5,59,15,44,23,51,8
Q9H8X3,17,0,17,7,10,7
Q9HB96,46,9,37,23,32,14
Q9NPB3,13,0,13,5,8,5
Q9NPF8,14,0,14,7,7,7
Q9NRQ5,1,0,1,0,1,0
Q9NUQ3,40,13,27,21,32,8
Q9NVQ4,8,0,8,7,1,7
Q9P253,61,9,52,33,33,28
Q9UDW3,10,0,10,5,5,5
Q9UN79,80,23,57,36,65,15
Q9UNG2,13,0,13,12,1,12
Q9Y343,15,4,11,8,9,6
Q9Y6C9,26,1,25,18,9,17
Q9Y6G1,7,1,6,5,1,6
A0A0B4J272,12,0,12,8,4,8
A0A0B4J274,9,0,9,4,5,4
A0A1B0GV03,19,0,19,12,7,12
A5LHX3,25,0,25,14,11,14
A6NC51,15,0,15,14,1,14
F8WBI6,43,0,43,21,22,21
O00461,27,6,21,12,19,8
P00403,10,0,10,7,3,7
P05111,29,2,27,15,16,13
P09651,54,19,35,23,50,4
P0DMV0,16,0,16,10,6,10
P0DPH8,19,0,19,6,13,6
P0DUQ2,25,0,25,23,2,23
P12272,16,0,16,4,12,4
P13866,40,0,40,29,11,29
P16581,62,0,62,41,21,41
P17252,42,10,32,25,19,23
P17481,19,1,18,7,13,6
P30101,45,16,29,22,37,8
P35527,97,18,79,32,83,14
P40121,23,4,19,14,13,10
P47871,37,4,33,26,15,22
P53567,13,1,12,6,8,5
P59901,52,1,51,28,25,27
P82663,7,0,7,4,3,4
P83110,36,1,35,16,21,15
P84077,6,2,4,4,4,2
P86791,28,0,28,17,11,17
Q01433,83,20,63,42,55,28
Q02246,84,3,81,52,35,49
Q03181,28,0,28,19,9,19
Q05952,21,0,21,7,14,7
Q08378,172,40,132,76,120,52
Q14240,16,2,14,8,8,8
Q14684,100,33,67,46,69,31
Q14914,14,2,12,6,10,4
Q15131,15,0,15,10,5,10
Q15386,96,5,91,62,39,57
Q16720,69,3,66,37,33,36
Q1W6H9,34,9,25,15,26,8
Q2M1Z3,222,44,178,95,167,55
Q3LI66,4,0,4,3,1,3
Q4V328,81,20,61,44,43,38
Q4VNC1,92,0,92,67,25,67
Q4ZG55,226,17,209,129,108,118
Q53GQ0,30,4,26,19,11,19
Q5T4H9,7,0,7,0,7,0
Q5T681,28,1,27,16,13,15
Q6I9Y2,15,3,12,8,10,5
Q6NSJ0,46,1,45,25,22,24
Q6NUP7,84,8,76,44,46,38
Q6ZMS7,27,0,27,6,21,6
Q70CQ4,243,40,203,90,187,56
Q7L1S5,28,0,28,16,12,16
Q7L1T6,37,2,35,17,22,15
Q7RTU5,20,0,20,12,8,12
Q7Z460,253,67,186,115,185,68
Q7Z7B1,38,2,36,29,11,27
Q8IZF4,47,0,47,30,17,30
Q8N3H0,9,0,9,7,2,7
Q8N4A0,35,0,35,22,13,22
Q8N5N7,14,0,14,8,6,8
Q8N8U2,58,7,51,33,30,28
Q8NBB2,10,0,10,3,7,3
Q8NGE3,29,0,29,17,12,17
Q8NGN3,24,0,24,21,3,21
Q92610,205,49,156,93,157,48
Q92901,19,2,17,13,4,15
Q96D59,10,0,10,9,1,9
Q96JS3,57,4,53,37,24,33
Q96RJ6,6,0,6,3,3,3
Q99571,19,0,19,11,8,11
Q9BQR3,16,0,16,10,6,10
Q9BVG9,22,3,19,14,11,11
Q9H1C0,29,2,27,15,12,17
Q9H2T7,79,4,75,45,32,47
Q9H446,11,0,11,8,3,8
Q9H497,19,1,18,10,8,11
Q9H4H8,78,15,63,36,57,21
Q9H5Z6,56,5,51,31,28,28
Q9HBG4,57,4,53,33,28,29
Q9NP08,18,0,18,5,13,5
Q9NP55,12,0,12,6,6,6
Q9NR45,25,6,19,14,13,12
Q9NRP2,1,0,1,0,1,0
Q9NVA1,19,0,19,10,9,10
Q9NZH8,9,0,9,5,4,5
Q9UHW9,106,17,89,59,60,46
Q9UIF7,43,4,39,21,26,17
Q9UIS9,46,10,36,22,34,12
Q9UKS6,37,11,26,19,27,10
Q9UL51,76,11,65,34,53,23
Q9Y2S2,23,2,21,12,9,14
Q9Y397,23,0,23,13,10,13
Q9Y446,115,37,78,50,98,17
Q9Y4P3,40,7,33,21,24,16
Q9Y5J1,55,11,44,28,38,17
Q9Y5Q0,24,0,24,18,6,18
Q9Y6N8,55,4,51,31,28,27
A0A075B6H8,14,0,14,6,8,6
A0A0A6YYG2,5,0,5,3,2,3
A0A1B0GVK7,2,0,2,0,2,0
A0A1W2PPM0,8,0,8,8,0,8
A0A499FJF3,18,0,18,7,11,7
A0A577,8,0,8,5,3,5
A4D126,30,0,30,13,17,13
A6NCM1,47,0,47,27,20,27
A6NEH8,18,0,18,5,13,5
A6NJ64,27,0,27,10,17,10
A6NK44,7,0,7,5,2,5
A7MCY6,76,21,55,36,61,15
B5MCN3,27,0,27,13,14,13
C9J6K1,12,0,12,4,8,4
G3V0H7,60,0,60,46,14,46
O15516,113,11,102,60,62,51
O43186,39,0,39,11,28,11
O60361,8,1,7,4,5,3
O94887,109,28,81,58,71,38
O95222,21,0,21,16,5,16
O95393,37,0,37,20,17,20
O95498,28,0,28,15,13,15
O95639,24,8,16,14,16,8
O95876,63,1,62,39,25,38
P01037,4,0,4,1,3,1
P09622,24,1,23,12,13,11
P20702,106,0,106,68,38,68
P30291,92,29,63,38,69,23
P31327,134,34,100,71,93,41
P34969,32,0,32,23,9,23
P43403,51,14,37,28,27,24
P47974,94,25,69,46,63,31
P48145,20,0,20,15,5,15
P56937,26,2,24,18,10,16
P60900,16,4,12,10,4,12
P67812,9,3,6,5,7,2
P98196,77,9,68,45,37,40
Q00973,36,0,36,16,20,16
Q02224,201,24,177,101,114,87
Q08117,18,1,17,11,8,10
Q0D2H9,23,0,23,7,16,7
Q0VDG4,20,0,20,14,6,14
Q13972,114,1,113,43,72,42
Q3MIP1,33,4,29,19,18,15
Q49AN0,47,3,44,24,24,23
Q4VX62,15,0,15,10,5,10
Q5T0T0,31,2,29,15,18,13
Q5TDP6,46,0,46,32,14,32
Q5VW38,51,0,51,31,20,31
Q5VWQ0,62,11,51,31,38,24
Q5VYY1,8,0,8,2,6,2
Q6DWJ6,29,0,29,20,9,20
Q6IQ26,98,15,83,61,50,48
Q6NUN0,45,1,44,23,23,22
Q6UWJ1,52,0,52,41,11,41
Q6UX41,43,0,43,20,23,20
Q6ZSS3,31,0,31,22,9,22
Q717R9,11,0,11,4,7,4
Q7RTX1,69,0,69,54,15,54
Q7Z6B0,47,8,39,21,32,15
Q86XI2,89,7,82,50,38,51
Q8IW75,24,1,23,13,10,14
Q8IZ69,33,2,31,19,16,17
Q8N0Y7,15,4,11,7,10,5
Q8N323,29,0,29,22,7,22
Q8N5G2,68,12,56,37,43,25
Q8NBQ5,18,0,18,14,4,14
Q8TD43,86,8,78,47,43,43
Q8WUY3,428,32,396,190,254,174
Q8WV41,66,15,51,38,37,29
Q8WYA6,30,5,25,17,18,12
Q92784,21,1,20,13,9,12
Q96AD5,41,6,35,23,24,17
Q96K37,42,4,38,24,22,20
Q96LB4,5,0,5,3,2,3
Q96MA1,23,2,21,12,11,12
Q96PQ6,49,1,48,30,20,29
Q96RY5,177,19,158,76,116,61
Q99965,64,2,62,37,27,37
Q9BT78,26,3,23,12,15,11
Q9BUJ2,60,12,48,29,43,17
Q9BUP3,17,2,15,10,7,10
Q9BVC3,22,0,22,10,12,10
Q9GZP0,28,0,28,10,18,10
Q9H560,13,1,12,11,3,10
Q9H6J7,29,6,23,17,12,17
Q9H7C9,7,1,6,3,5,2
Q9H910,33,16,17,16,27,6
Q9NQ90,74,3,71,42,31,43
Q9NR90,26,0,26,8,18,8
Q9NRD5,17,0,17,5,12,5
Q9NU02,37,0,37,18,19,18
Q9NX24,5,1,4,3,1,4
Q9NYB9,66,13,53,25,54,12
Q9NZN8,89,30,59,45,72,17
Q9UBI4,30,4,26,16,18,12
Q9UBK7,15,0,15,10,5,10
Q9UF11,14,1,13,6,9,5
Q9Y2D0,21,0,21,15,6,15
Q9Y3B1,18,0,18,8,10,8
A0A6Q8PGL7,7,0,7,4,3,4
A2IDD5,30,1,29,15,16,14
A6NNY8,38,0,38,28,10,28
O43559,38,1,37,18,21,17
O60664,73,28,45,38,35,38
O60831,6,0,6,4,2,4
O60909,24,1,23,12,13,11
O75170,89,13,76,46,46,43
O75419,47,3,44,31,19,28
O75618,17,1,16,8,10,7
O76080,31,7,24,17,21,10
O76100,27,0,27,22,5,22
O94874,73,11,62,35,43,30
O95490,128,7,121,64,69,59
O95672,44,5,39,22,27,17
P01222,5,0,5,4,1,4
P01909,22,0,22,15,7,15
P03897,7,1,6,5,1,6
P14778,40,2,38,24,18,22
P16150,68,10,58,43,23,45
P21549,26,2,24,15,13,13
P22466,11,0,11,5,6,5
P22888,54,0,54,36,18,36
P23142,52,1,51,42,11,41
P26358,137,29,108,64,92,45
P26378,42,8,34,20,24,18
P27338,22,3,19,14,11,11
P35503,33,0,33,25,8,25
P35568,256,77,179,118,191,65
P36537,36,0,36,26,10,26
P41212,64,23,41,33,48,16
P43166,25,0,25,16,9,16
P48039,25,0,25,19,6,19
P48507,28,2,26,17,11,17
P49366,20,1,19,11,10,10
P49447,13,1,12,9,5,8
P51857,19,3,16,9,13,6
P56856,21,3,18,14,8,13
P60602,4,0,4,3,1,3
P63027,7,3,4,4,6,1
Q02556,32,3,29,23,12,20
Q0P641,17,0,17,8,9,8
Q12986,129,28,101,74,81,48
Q14524,180,24,156,100,98,82
Q15319,33,0,33,18,15,18
Q16534,24,0,24,6,18,6
Q16875,42,7,35,21,24,18
Q24JP5,65,3,62,33,35,30
Q32NB8,39,3,36,17,23,16
Q32P28,46,3,43,18,31,15
Q3ZM63,3,0,3,1,2,1
Q496J9,50,0,50,35,15,35
Q52LG2,37,0,37,24,13,24
Q5BJF6,69,13,56,37,35,34
Q5JRS4,27,0,27,20,7,20
Q5T9S5,126,10,116,65,65,61
Q6IF82,25,0,25,19,6,19
Q6UW63,31,1,30,13,17,14
Q7Z5Y6,24,1,23,17,8,16
Q86V48,199,65,134,99,159,40
Q8IVN3,4,0,4,1,3,1
Q8IVP5,11,2,9,7,6,5
Q8IYE1,62,3,59,20,43,19
Q8IYK2,19,2,17,10,7,12
Q8N9W4,25,0,25,12,13,12
Q8NCK7,31,0,31,21,10,21
Q8TCB6,21,0,21,19,2,19
Q8TCI5,9,1,8,1,9,0
Q8TDD5,33,0,33,26,7,26
Q8TDX5,12,0,12,6,6,6
Q8WW18,10,0,10,3,7,3
Q92769,29,6,23,14,21,8
Q96C01,12,2,10,8,2,10
Q96C36,31,7,24,18,20,11
Q96GC5,17,1,16,11,5,12
Q96I25,46,18,28,20,44,2
Q96JQ5,25,0,25,23,2,23
Q96N46,125,25,100,52,96,29
Q96ND8,49,0,49,33,16,33
Q96PE2,314,79,235,142,243,71
Q99952,33,8,25,20,19,14
Q9BPU6,30,4,26,17,17,13
Q9H344,26,0,26,22,4,22
Q9H6Z9,8,0,8,5,3,5
Q9HA82,24,0,24,18,6,18
Q9HC16,20,0,20,14,6,14
Q9HC29,68,2,66,36,32,36
Q9HD42,21,5,16,13,11,10
Q9NQ75,105,15,90,46,74,31
Q9NQS1,36,8,28,14,30,6
Q9NQS5,32,2,30,19,15,17
Q9NUE0,44,9,35,28,25,19
Q9NWL6,59,4,55,40,21,38
Q9NZD2,6,0,6,5,1,5
Q9UBD3,8,0,8,4,4,4
Q9UJ14,63,7,56,33,37,26
Q9UKF2,62,1,61,39,22,40
Q9Y2R5,4,0,4,1,3,1
Q9Y2W1,254,101,153,113,238,16
A0A075B6I1,21,0,21,12,9,12
A0A1B0GW54,1,0,1,1,0,1
A0A1W2PR19,16,0,16,11,5,11
A6NCW0,40,0,40,31,9,31
A6NLP5,6,0,6,3,3,3
A8MT19,44,0,44,20,24,20
B1AK53,80,11,69,43,46,34
H0YM25,15,0,15,8,7,8
O15431,17,1,16,12,6,11
O43897,69,0,69,40,29,40
O75600,30,1,29,16,13,17
O95563,7,1,6,4,4,3
P05120,34,2,32,19,17,17
P06340,12,0,12,7,5,7
P0C7M6,4,0,4,4,0,4
P0C7T5,93,13,80,45,61,32
P0CG42,25,0,25,5,20,5
P0DN77,28,0,28,19,9,19
P13671,86,4,82,47,41,45
P15509,29,1,28,16,14,15
P17038,47,2,45,33,16,31
P19961,32,1,31,19,14,18
P20585,102,8,94,57,51,51
P24386,65,3,62,47,17,48
P25090,25,4,21,15,12,13
P25325,24,7,17,13,18,6
P28067,14,0,14,12,2,12
P29475,101,6,95,52,53,48
P34995,34,0,34,12,22,12
P35367,51,12,39,28,33,18
P35610,40,4,36,28,16,24
P39900,27,0,27,17,10,17
P43362,31,0,31,17,14,17
P48723,32,2,30,20,14,18
P50990,39,11,28,21,21,18
P52757,26,4,22,15,13,13
P52888,38,6,32,19,21,17
P58180,19,0,19,17,2,17
P79483,19,0,19,10,9,10
P83369,45,10,35,15,38,7
P98177,75,10,65,36,45,30
Q08174,98,15,83,50,55,43
Q0VF49,92,0,92,41,51,41
Q13258,28,0,28,22,6,22
Q13480,117,28,89,51,86,31
Q14894,21,0,21,16,5,16
Q17RG1,78,3,75,40,41,37
Q2TAL6,16,0,16,8,8,8
Q2TAZ0,180,19,161,98,99,81
Q2Y0W8,79,6,73,49,36,43
Q3KNW1,20,0,20,12,8,12
Q3SYB3,29,0,29,19,10,19
Q5CZ79,53,1,52,36,18,35
Q5T0N1,70,0,70,40,30,40
Q5VSL9,58,9,49,35,30,28
Q5XKR9,11,0,11,2,9,2
Q68BL8,53,1,52,36,18,35
Q69YW2,7,0,7,3,4,3
Q6MZW2,70,2,68,43,27,43
Q6PI48,42,1,41,20,23,19
Q6UUV9,96,13,83,43,60,36
Q6V0L0,34,0,34,20,14,20
Q70IA6,12,0,12,7,5,7
Q7Z5W3,20,0,20,12,8,12
Q86X67,30,1,29,21,8,22
Q86YE8,31,0,31,22,9,22
Q8IXY8,19,0,19,11,8,11
Q8IZU2,102,4,98,65,37,65
Q8N7X1,173,5,168,41,137,36
Q8NCL8,20,0,20,13,7,13
Q8NE86,21,4,17,13,8,13
Q8TAC2,8,0,8,3,5,3
Q8TB92,30,1,29,21,8,22
Q8WVY7,14,3,11,8,5,9
Q8WXH4,13,0,13,7,6,7
Q8WZA6,22,0,22,19,3,19
Q92624,40,1,39,23,18,22
Q92952,33,1,32,20,14,19
Q96CT2,70,1,69,49,22,48
Q96D53,30,0,30,17,13,17
Q96KC9,42,0,42,27,15,27
Q96P63,35,0,35,19,16,19
Q96PD7,28,1,27,15,12,16
Q99985,59,0,59,36,23,36
Q9BQ66,25,0,25,24,1,24
Q9BRR0,47,4,43,27,20,27
Q9BTL3,8,2,6,5,3,5
Q9BZL3,1,0,1,1,0,1
Q9H321,36,0,36,6,30,6
Q9HAE3,7,0,7,2,5,2
Q9NVM6,19,2,17,8,13,6
Q9P258,49,10,39,26,33,16
Q9UBD6,29,0,29,18,11,18
Q9UG63,32,7,25,15,24,8
Q9UHT4,1,0,1,1,0,1
Q9UI38,28,0,28,17,11,17
Q9ULZ9,40,1,39,21,20,20
Q9UQL6,112,16,96,58,70,42
Q9Y3L5,18,3,15,12,7,11
Q9Y6X4,104,25,79,59,56,48
A0A0C4DH27,13,0,13,7,6,7
A0A0G2JMD5,30,0,30,20,10,20
A0A1B0GW55,23,0,23,10,13,10
A0A1W2PQ27,9,0,9,4,5,4
A4D1T9,14,0,14,12,2,12
A6NMY6,30,5,25,11,22,8
A8MQ27,45,3,42,21,27,18
A8MZ97,6,0,6,2,4,2
O60481,53,5,48,21,35,18
O75807,65,3,62,20,48,17
O75832,12,1,11,9,4,8
O94830,63,6,57,33,36,27
O95166,3,0,3,2,1,2
O95867,6,0,6,5,1,5
P02753,11,0,11,8,3,8
P05543,32,0,32,19,13,19
P08572,65,2,63,26,39,26
P0C646,23,0,23,22,1,22
P17948,128,3,125,61,68,60
P19087,23,2,21,12,13,10
P21802,63,8,55,30,39,24
P25105,18,1,17,9,10,8
P29400,64,2,62,39,27,37
P31645,42,2,40,31,9,33
P35658,441,93,348,241,241,200
P36542,30,5,25,17,18,12
P43004,40,8,32,22,16,24
P43220,38,0,38,27,11,27
P43359,14,0,14,2,12,2
P51668,12,1,11,7,6,6
P54317,36,0,36,24,12,24
P81877,32,3,29,13,22,10
Q00839,52,16,36,27,35,17
Q06787,53,8,45,24,37,16
Q08209,35,5,30,18,22,13
Q08945,101,33,68,45,79,22
Q12841,22,4,18,13,13,9
Q14332,32,0,32,27,5,27
Q14390,17,0,17,6,11,6
Q14687,146,26,120,59,111,35
Q15291,57,13,44,32,34,23
Q16698,25,2,23,15,12,13
Q30KQ6,2,0,2,1,1,1
Q5JRC9,80,8,72,27,55,25
Q5SZL2,95,5,90,45,55,40
Q5TKA1,56,12,44,24,36,20
Q6BAA4,32,0,32,17,15,17
Q6MZM0,65,2,63,34,31,34
Q6NXT1,21,6,15,11,16,5
Q6NY19,72,0,72,17,55,17
Q6P5Q4,47,0,47,14,33,14
Q7Z3J3,233,60,173,128,157,76
Q7Z4H9,24,0,24,17,7,17
Q86VS8,62,15,47,26,47,15
Q86X02,41,12,29,24,27,14
Q86YC2,153,26,127,84,79,74
Q8IUE6,3,0,3,0,3,0
Q8IVT5,90,0,90,43,47,43
Q8IW52,65,3,62,41,27,38
Q8IXB3,18,0,18,4,14,4
Q8IY22,68,6,62,38,36,32
Q8IYB3,266,118,148,124,258,8
Q8N428,41,0,41,25,16,25
Q8N5C7,21,1,20,11,9,12
Q8N5I9,33,7,26,12,28,5
Q8N907,16,0,16,11,5,11
Q8NBH2,43,0,43,27,16,27
Q8TAL6,22,2,20,8,14,8
Q8TCE9,5,0,5,5,0,5
Q8TDC3,98,15,83,40,71,27
Q8TDL5,42,3,39,19,24,18
Q8WV28,61,12,49,23,50,11
Q8WV92,15,0,15,8,7,8
Q96B02,15,0,15,10,5,10
Q96DT7,79,7,72,46,40,39
Q96EY7,59,6,53,35,30,29
Q96F46,66,8,58,42,30,36
Q96JK9,111,0,111,60,51,60
Q96M53,30,0,30,16,14,16
Q96N35,21,0,21,20,1,20
Q96P68,26,0,26,19,7,19
Q96RL6,77,1,76,41,35,42
Q9BVL2,65,1,64,44,20,45
Q9BWW9,36,1,35,15,22,14
Q9BZA5,12,2,10,8,4,8
Q9BZD4,32,5,27,17,20,12
Q9H1J7,24,0,24,14,10,14
Q9H2H8,5,0,5,2,3,2
Q9H633,8,0,8,2,6,2
Q9H8Q6,9,0,9,5,4,5
Q9HB58,77,15,62,35,57,20
Q9NU63,40,0,40,29,11,29
Q9P1Q5,25,0,25,21,4,21
Q9P232,101,0,101,60,41,60
Q9UJ68,14,0,14,7,7,7
Q9ULR5,9,0,9,3,6,3
Q9Y2I6,111,8,103,57,62,49
Q9Y3B3,15,0,15,8,7,8
Q9Y585,25,0,25,21,4,21
Q9Y6C5,75,1,74,49,27,48
A0A1B0GTR3,8,0,8,0,8,0
A0A2R8Y747,17,0,17,12,5,12
A1A5B4,39,0,39,30,9,30
A2A2Y4,54,7,47,29,32,22
A6NKC0,45,2,43,26,21,24
A8K2U0,124,3,121,69,54,70
G9CGD6,91,0,91,40,51,40
O00634,41,0,41,14,27,14
O14972,18,0,18,10,8,10
O15370,16,0,16,4,12,4
O43148,46,7,39,21,28,18
O43623,41,5,36,21,25,16
O43916,25,1,24,11,15,10
O75164,97,14,83,51,58,39
O75380,3,0,3,0,3,0
O75427,104,33,71,53,74,30
O75636,22,0,22,12,10,12
O75679,28,0,28,18,10,18
O75949,35,0,35,18,17,18
O96005,53,3,50,34,22,31
P07316,12,0,12,9,3,9
P0C5K6,1,0,1,1,0,1
P0CAP1,31,0,31,10,21,10
P0CI01,32,0,32,9,23,9
P0DW11,13,0,13,6,7,6
P12724,6,0,6,3,3,3
P17010,58,3,55,38,21,37
P21964,10,2,8,7,3,7
P24298,24,3,21,15,12,12
P24347,19,0,19,8,11,8
P25705,55,17,38,29,35,20
P31040,42,6,36,22,26,16
P46937,83,34,49,42,53,30
P48443,44,0,44,18,26,18
P57679,74,2,72,33,43,31
P59534,34,0,34,29,5,29
P60329,9,0,9,9,0,9
P86452,110,10,100,64,56,54
Q03518,61,3,58,39,23,38
Q07157,285,108,177,139,200,85
Q07654,6,0,6,5,1,5
Q08AF8,23,0,23,5,18,5
Q14697,70,8,62,32,44,26
Q16401,43,4,39,24,21,22
Q16772,17,5,12,10,12,5
Q569K6,61,1,60,27,35,26
Q5TYW2,58,4,54,43,19,39
Q5VV63,125,0,125,91,34,91
Q6IEZ7,27,1,26,21,7,20
Q6NSW5,19,0,19,10,9,10
Q6XCG6,10,0,10,8,2,8
Q86UP0,61,1,60,31,29,32
Q86UU0,187,45,142,97,127,60
Q86W11,47,3,44,28,22,25
Q86YD5,39,0,39,21,18,21
Q8IW50,29,10,19,13,26,3
Q8IWB1,30,0,30,22,8,22
Q8IYN0,37,1,36,25,11,26
Q8N6Y0,62,1,61,15,48,14
Q8N7Z2,16,0,16,10,6,10
Q8NDA8,120,1,119,68,51,69
Q8NGK1,23,0,23,18,5,18
Q8TBQ9,3,0,3,2,1,2
Q8TCY5,17,0,17,8,9,8
Q8TDS5,50,0,50,34,16,34
Q8WZA1,42,1,41,22,21,21
Q92478,11,0,11,4,7,4
Q92564,21,0,21,13,8,13
Q96EE3,51,7,44,33,25,26
Q96F85,10,0,10,7,3,7
Q96FN9,6,0,6,3,3,3
Q96GC6,44,0,44,29,15,29
Q96LA9,27,0,27,24,3,24
Q96LB1,27,0,27,21,6,21
Q96MN9,27,0,27,16,11,16
Q99593,56,2,54,28,30,26
Q9BRT3,6,1,5,4,3,3
Q9H0Y0,15,0,15,10,5,10
Q9H902,21,4,17,8,17,4
Q9NP85,30,0,30,13,17,13
Q9NPE2,33,8,25,14,19,14
Q9NS37,50,12,38,20,40,10
Q9NZ45,2,1,1,1,2,0
Q9P2D6,195,14,181,113,90,105
Q9P2J8,58,2,56,29,29,29
Q9UBC1,24,1,23,10,15,9
Q9UBC7,6,0,6,2,4,2
Q9UBN7,93,10,83,52,51,42
Q9UHX3,75,1,74,50,26,49
Q9UI09,3,0,3,1,2,1
Q9UKA1,67,0,67,46,21,46
Q9Y2B0,20,7,13,10,9,11
Q9Y2D5,140,46,94,69,111,29
Q9Y3D9,9,0,9,2,7,2
Q9Y6M7,134,34,100,65,93,41
Q9Y6X1,4,0,4,4,0,4
S4R3Y5,1,0,1,0,1,0
A0A075B6I4,12,0,12,5,7,5
A0A087WYE8,14,0,14,9,5,9
A0A0U1RR11,17,0,17,9,8,9
A0A1W2PQL4,24,0,24,15,9,15
A0A8Q3SIG1,284,0,284,163,121,163
A1L453,22,0,22,18,4,18
A4D2G3,21,0,21,19,2,19
A6NCI4,111,1,110,73,39,72
A8K7I4,69,2,67,36,33,36
A8MX80,31,0,31,10,21,10
A8MZ25,13,0,13,3,10,3
A8MZF0,27,0,27,4,23,4
D6R9N7,39,0,39,34,5,34
O00178,70,16,54,31,47,23
O00193,35,16,19,18,21,14
O00483,3,1,2,2,2,1
O14893,22,2,20,9,15,7
O43715,2,0,2,1,1,1
O75063,19,0,19,9,10,9
O75364,34,1,33,12,23,11
O75396,25,10,15,13,18,7
O75578,94,3,91,54,43,51
O95478,9,2,7,3,8,1
O95751,9,0,9,4,5,4
P00480,22,1,21,10,13,9
P04899,25,5,20,13,13,12
P09110,37,9,28,21,23,14
P0CE72,7,0,7,5,2,5
P0CG37,15,0,15,9,6,9
P0DUD1,18,0,18,9,9,9
P20226,21,0,21,13,8,13
P23471,291,4,287,159,134,157
P33778,17,6,11,6,17,0
P35504,34,0,34,23,11,23
P36894,41,4,37,25,20,21
P40938,23,3,20,16,6,17
P47887,27,0,27,23,4,23
P48740,50,0,50,29,21,29
P53701,19,1,18,7,13,6
P69892,12,4,8,6,10,2
Q14156,67,9,58,34,40,27
Q14244,105,38,67,51,76,29
Q15165,24,0,24,18,6,18
Q15195,7,0,7,3,4,3
Q15771,15,2,13,9,8,7
Q17RY0,87,10,77,32,63,24
Q4G0Z9,55,2,53,32,21,34
Q5JU00,37,0,37,25,12,25
Q5JVS0,23,5,18,8,20,3
Q5MJ68,25,0,25,19,6,19
Q5PR19,18,0,18,6,12,6
Q5TAT6,24,0,24,10,14,10
Q69YL0,5,0,5,1,4,1
Q6IPX1,35,0,35,27,8,27
Q6ISS4,17,1,16,5,13,4
Q6P4D5,15,0,15,6,9,6
Q6UWY0,44,0,44,31,13,31
Q6X9E4,37,0,37,26,11,26
Q6ZN57,43,1,42,26,16,27
Q6ZUT3,68,0,68,26,42,26
Q75L30,11,0,11,5,6,5
Q86UY8,30,0,30,16,14,16
Q86VU5,9,0,9,7,2,7
Q8IUD2,118,27,91,48,97,21
Q8IY47,52,1,51,29,24,28
Q8IYW2,196,2,194,103,95,101
Q8N9W7,17,0,17,7,10,7
Q8N9W8,42,0,42,24,18,24
Q8NA29,38,0,38,26,12,26
Q8NAQ8,12,0,12,5,7,5
Q8NC38,7,0,7,2,5,2
Q8ND82,99,17,82,54,52,47
Q8NDB6,21,0,21,10,11,10
Q8NGA0,28,0,28,22,6,22
Q8NGG2,30,0,30,23,7,23
Q8NGX0,25,0,25,20,5,20
Q8NH95,12,0,12,9,3,9
Q8TD16,79,23,56,38,62,17
Q8WTU0,29,0,29,17,12,17
Q8WUG5,33,1,32,25,9,24
Q96E39,106,44,62,48,82,24
Q96NX9,46,0,46,19,27,19
Q9BRL7,20,0,20,15,5,15
Q9GZL8,13,0,13,6,7,6
Q9H0M0,77,8,69,41,40,37
Q9H342,24,0,24,20,4,20
Q9H4F1,25,0,25,12,13,12
Q9H607,13,0,13,5,8,5
Q9H6S3,78,23,55,39,62,16
Q9NQL9,63,10,53,27,46,17
Q9NR31,11,2,9,8,5,6
Q9NR55,5,1,4,1,5,0
Q9NS62,86,4,82,35,55,31
Q9NZJ0,142,42,100,77,103,39
Q9UF33,73,0,73,43,30,43
Q9UK12,34,0,34,26,8,26
Q9ULB5,65,1,64,38,26,39
Q9Y2V2,18,8,10,10,16,2
Q9Y5G6,78,0,78,50,28,50
Q9Y639,31,1,30,19,11,20
A0A075B6N3,9,0,9,3,6,3
A0A0A6YYJ7,11,0,11,6,5,6
A6NDN8,4,0,4,1,3,1
A8MTW9,2,0,2,0,2,0
B5ME19,72,16,56,34,52,20
H3BR10,6,0,6,5,1,5
I3L1E1,12,0,12,8,4,8
O14793,21,1,20,10,10,11
O43869,25,0,25,21,4,21
O75084,31,0,31,25,6,25
O75324,5,1,4,2,4,1
O95013,26,0,26,20,6,20
O95236,39,3,36,26,16,23
O95406,2,0,2,1,1,1
P01023,122,1,121,72,51,71
P0DJD1,221,50,171,128,143,78
P0DX01,16,0,16,10,6,10
P17097,61,4,57,39,24,37
P18627,40,0,40,15,25,15
P27694,68,17,51,36,37,31
P29460,36,3,33,23,16,20
P37023,35,3,32,22,12,23
P38435,60,1,59,36,25,35
P39905,12,0,12,7,5,7
P45973,24,10,14,10,22,2
P49789,8,1,7,4,5,3
P59045,85,1,84,53,33,52
P62851,10,3,7,6,7,3
Q02080,31,0,31,8,23,8
Q06455,61,7,54,31,37,24
Q13588,15,0,15,7,8,7
Q13813,209,61,148,101,121,88
Q14161,114,35,79,53,88,26
Q14592,45,4,41,29,18,27
Q14802,4,0,4,3,1,3
Q16612,4,0,4,1,3,1
Q16832,77,10,67,45,36,41
Q30KQ1,1,0,1,1,0,1
Q3SXM5,28,0,28,16,12,16
Q496M5,24,0,24,15,9,15
Q53HI1,8,0,8,5,3,5
Q5MJ08,8,0,8,2,6,2
Q5T5F5,5,0,5,1,4,1
Q5VSD8,7,0,7,4,3,4
Q5VWX1,31,6,25,12,19,12
Q5VZ46,149,11,138,49,109,40
Q6ZQT7,39,0,39,17,22,17
Q6ZRM9,28,0,28,13,15,13
Q6ZS52,15,0,15,5,10,5
Q6ZSV7,16,0,16,10,6,10
Q6ZTC4,15,0,15,11,4,11
Q6ZWC4,24,0,24,11,13,11
Q76LX8,110,0,110,64,46,64
Q7RTV0,8,3,5,5,6,2
Q86VQ6,38,0,38,17,21,17
Q8IYS1,22,0,22,14,8,14
Q8IZM0,15,0,15,6,9,6
Q8N3J3,80,12,68,34,54,26
Q8N4N3,51,5,46,25,25,26
Q8N7P7,44,2,42,6,40,4
Q8N8P6,10,0,10,7,3,7
Q8N8V2,43,1,42,30,12,31
Q8NBA8,28,7,21,13,22,6
Q8NBN3,45,4,41,22,27,18
Q8NEL9,92,10,82,36,64,28
Q8NEZ5,26,1,25,14,13,13
Q8NG06,27,0,27,18,9,18
Q8NG11,17,1,16,13,3,14
Q8TF08,8,0,8,4,4,4
Q8WTR4,49,0,49,25,24,25
Q8WZ94,28,0,28,24,4,24
Q96A32,10,4,6,5,9,1
Q96BW1,29,1,28,10,20,9
Q96J87,26,0,26,12,14,12
Q96K49,48,5,43,33,20,28
Q96MN2,64,1,63,39,26,38
Q96N21,76,5,71,31,48,28
Q99496,39,7,32,22,24,15
Q99729,21,3,18,11,13,8
Q99909,7,0,7,4,3,4
Q9BY10,49,1,48,33,17,32
Q9BYB4,26,1,25,16,9,17
Q9GZP9,7,0,7,4,3,4
Q9HAN9,24,5,19,13,16,8
Q9HBX9,54,1,53,41,14,40
Q9NQ25,28,1,27,18,11,17
Q9NQX5,23,4,19,12,13,10
Q9NS56,188,38,150,72,152,36
Q9NV66,55,5,50,34,18,37
Q9NX20,12,1,11,4,9,3
Q9NX65,64,1,63,38,27,37
Q9NZA1,27,3,24,12,12,15
Q9P298,6,0,6,1,5,1
Q9P2S5,43,3,40,22,20,23
Q9P2W3,2,0,2,2,0,2
Q9UH03,16,1,15,8,9,7
Q9UI26,53,2,51,33,22,31
Q9UJ55,76,2,74,32,46,30
Q9UK73,30,1,29,23,8,22
A0A087WVF3,35,0,35,27,8,27
A0A0G2JNJ9,13,0,13,6,7,6
A0A1B0GUQ0,5,0,5,2,3,2
A0A2R8Y7D0,9,0,9,5,4,5
A6NJB7,37,2,35,13,26,11
A8MYJ7,29,0,29,18,11,18
B2RUZ4,11,4,7,6,7,4
B7Z368,10,0,10,3,7,3
L0R819,9,0,9,4,5,4
O00422,11,3,8,6,8,3
O14907,9,3,6,4,8,1
O14980,65,10,55,45,26,39
O15062,102,12,90,55,59,43
O43264,67,4,63,41,30,37
O60279,60,7,53,31,36,24
O94818,83,4,79,34,53,30
O95006,30,1,29,25,6,24
O95622,88,6,82,54,36,52
P0C866,23,0,23,11,12,11
P12532,29,9,20,12,24,5
P15018,10,0,10,7,3,7
P15170,27,5,22,16,16,11
P19256,25,0,25,11,14,11
P24557,31,0,31,15,16,15
P41221,31,2,29,22,11,20
P46779,17,7,10,8,16,1
P49815,235,57,178,118,152,83
P50222,40,3,37,17,26,14
P54826,23,1,22,12,12,11
P54855,39,0,39,27,12,27
P61565,51,0,51,27,24,27
Q01668,163,6,157,90,79,84
Q05066,18,1,17,8,11,7
Q08J23,65,18,47,34,29,36
Q13228,38,8,30,22,20,18
Q13636,15,4,11,9,6,9
Q13887,36,6,30,22,20,16
Q17RW2,87,0,87,40,47,40
Q1MSJ5,110,15,95,49,72,38
Q1RMZ1,33,1,32,20,14,19
Q2NL98,4,0,4,2,2,2
Q3MJ13,110,1,109,61,50,60
Q3SY77,33,3,30,21,15,18
Q4AC99,40,2,38,28,14,26
Q53FE4,35,0,35,16,19,16
Q5TEA6,34,0,34,17,17,17
Q5UCC4,17,0,17,11,6,11
Q5VY80,16,1,15,8,9,7
Q66K80,25,0,25,13,12,13
Q6DKI1,10,2,8,6,4,6
Q6DKI7,32,3,29,17,18,14
Q6XXX2,18,0,18,12,6,12
Q71UM5,8,3,5,4,5,3
Q7L513,33,0,33,15,18,15
Q7L576,89,10,79,50,49,40
Q7Z2E3,29,4,25,15,16,13
Q7Z444,12,0,12,6,6,6
Q8IU99,16,0,16,14,2,14
Q8IYF3,71,1,70,38,34,37
Q8IZJ6,20,0,20,12,8,12
Q8N0W5,19,0,19,12,7,12
Q8N2E2,136,0,136,89,47,89
Q8N309,46,0,46,27,19,27
Q8N5S3,27,0,27,10,17,10
Q8N884,48,7,41,29,24,24
Q8ND56,61,18,43,33,40,21
Q8NG97,28,0,28,22,6,22
Q8TCW9,22,0,22,15,7,15
Q8TDS7,36,1,35,27,8,28
Q8WVB3,31,0,31,23,8,23
Q92538,200,37,163,105,126,74
Q92615,114,39,75,61,86,28
Q92747,38,2,36,25,15,23
Q96A29,26,0,26,20,6,20
Q96B70,22,3,19,15,10,12
Q96EY9,20,3,17,13,10,10
Q96FE5,42,1,41,31,12,30
Q96FN5,51,2,49,26,27,24
Q96M20,35,0,35,13,22,13
Q96QS3,41,0,41,15,26,15
Q99436,15,0,15,11,4,11
Q99501,96,24,72,50,68,28
Q9BQM9,7,0,7,1,6,1
Q9BU70,36,1,35,16,21,15
Q9BYJ4,37,1,36,31,7,30
Q9H5F2,6,0,6,5,1,5
Q9H7S9,107,17,90,50,72,35
Q9NP78,60,1,59,42,19,41
Q9NQW1,127,2,125,70,57,70
Q9NQW7,39,3,36,27,15,24
Q9NRC9,5,0,5,4,1,4
Q9NWC5,16,3,13,9,8,8
Q9NWV4,13,3,10,7,9,4
Q9P0G3,16,0,16,12,4,12
Q9UKU9,28,1,27,12,17,11
Q9ULD2,182,35,147,84,131,51
Q9Y2D4,48,5,43,25,26,22
Q9Y2W2,53,16,37,25,44,9
Q9Y5H8,93,2,91,55,40,53
Q9Y5W3,24,6,18,11,15,9
A0A087X1G2,35,0,35,27,8,27
A0A1B0GUX0,10,0,10,7,3,7
A6NIX2,38,5,33,14,29,9
H3BV12,40,0,40,21,19,21
O00488,9,1,8,4,6,3
O00626,3,0,3,1,2,1
O14965,46,18,28,26,16,30
O15083,77,6,71,29,54,23
O43157,164,7,157,93,78,86
O43173,30,2,28,20,12,18
O43316,25,0,25,11,14,11
O43491,128,47,81,62,89,39
O43511,55,0,55,39,16,39
O43895,52,0,52,32,20,32
O43933,131,11,120,75,63,68
O60225,8,0,8,2,6,2
O75448,92,8,84,57,41,51
O95425,278,72,206,130,192,86
P01624,15,0,15,10,5,10
P01714,13,0,13,10,3,10
P08246,14,0,14,10,4,10
P0CG20,46,3,43,21,28,18
P0CG22,20,0,20,16,4,16
P15172,35,5,30,14,20,15
P21810,23,0,23,16,7,16
P25791,5,0,5,3,2,3
P26006,67,1,66,41,27,40
P27918,32,0,32,18,14,18
P32456,39,0,39,23,16,23
P35325,2,1,1,1,2,0
P35749,109,18,91,54,73,36
P36507,37,12,25,18,29,8
P43003,23,1,22,14,10,13
P47710,27,11,16,14,20,7
P48307,11,0,11,5,6,5
P51797,70,4,66,37,35,35
P51826,195,19,176,74,136,59
P54727,38,6,32,18,20,18
Q02747,4,0,4,1,3,1
Q05D60,44,5,39,19,30,14
Q11201,20,0,20,12,8,12
Q2MJR0,41,0,41,12,29,12
Q2NKX8,166,52,114,90,120,46
Q32M78,65,2,63,49,18,47
Q3MJ62,23,0,23,11,12,11
Q5SXM2,160,17,143,64,107,53
Q5T4B2,34,0,34,15,19,15
Q5TA76,20,3,17,13,6,14
Q5W0Q7,123,6,117,69,60,63
Q658N2,40,0,40,24,16,24
Q6NX49,74,1,73,53,20,54
Q6P280,40,0,40,27,13,27
Q6ZV73,203,40,163,99,124,79
Q7Z401,261,45,216,129,173,88
Q7Z591,207,53,154,98,156,51
Q7Z7C8,33,5,28,19,15,18
Q86SH2,31,0,31,13,18,13
Q86SQ3,34,0,34,27,7,27
Q86VQ3,56,2,54,14,42,14
Q86X59,26,0,26,8,18,8
Q86YB8,30,0,30,18,12,18
Q86YS7,111,32,79,65,76,35
Q8N135,42,0,42,28,14,28
Q8N201,213,25,188,112,124,89
Q8N3Y7,16,1,15,13,2,14
Q8N5K1,6,1,5,2,3,3
Q8N5V2,61,6,55,35,32,29
Q8N616,6,0,6,4,2,4
Q8NEY3,26,0,26,11,15,11
Q8WWF1,11,1,10,6,4,7
Q92544,48,2,46,35,13,35
Q969E1,6,0,6,2,4,2
Q96BM9,8,0,8,7,1,7
Q96DI7,34,3,31,24,9,25
Q96F86,60,17,43,32,45,15
Q96IY4,38,1,37,23,14,24
Q96KJ4,65,0,65,37,28,37
Q96RA2,31,0,31,25,6,25
Q99457,50,0,50,15,35,15
Q9BQQ7,16,1,15,12,5,11
Q9BV94,32,0,32,20,12,20
Q9BZF1,128,40,88,63,105,23
Q9H6K4,3,0,3,2,1,2
Q9H9P8,35,2,33,16,21,14
Q9HBI6,24,0,24,19,5,19
Q9NNX9,25,1,24,6,20,5
Q9NSP4,14,0,14,10,4,10
Q9NWD9,1,0,1,1,0,1
Q9NY30,20,0,20,10,10,10
Q9NYC9,266,8,258,160,106,160
Q9P273,237,5,232,119,119,118
Q9P283,113,3,110,72,42,71
Q9UDX4,14,0,14,5,9,5
Q9UKT8,39,0,39,23,16,23
Q9UKW4,47,9,38,30,22,25
Q9UN66,72,0,72,51,21,51
Q9Y2H0,158,24,134,65,115,43
Q9Y5Q8,39,5,34,17,27,12
Q9Y6D6,175,30,145,105,94,81
Q9Y6Z2,4,0,4,4,0,4
A0A075B6L6,7,0,7,3,4,3
A0A0B4J2D5,13,0,13,5,8,5
A0A0C4DGP1,4,0,4,2,2,2
A6ND01,19,0,19,10,9,10
A6PVI3,9,0,9,3,6,3
H3BTG2,6,0,6,4,2,4
O00264,14,4,10,6,10,4
O00401,41,9,32,20,26,15
O43908,8,0,8,6,2,6
O75973,14,0,14,5,9,5
O76076,16,0,16,11,5,11
P04637,53,18,35,26,25,28
P04921,8,1,7,7,2,6
P07451,25,8,17,9,24,1
P09496,22,8,14,11,15,7
P11473,46,4,42,26,20,26
P14060,27,0,27,16,11,16
P14207,18,0,18,14,4,14
P19634,82,23,59,49,48,34
P20290,16,7,9,8,9,7
P22392,14,7,7,9,10,4
P22732,31,0,31,24,7,24
P25774,26,1,25,16,9,17
P35410,28,0,28,23,5,23
P35443,55,0,55,30,25,30
P41279,43,8,35,20,23,20
P46094,30,0,30,20,10,20
P46100,401,128,273,184,293,108
P46663,20,1,19,16,5,15
P50542,51,10,41,31,30,21
P50914,5,1,4,3,3,2
P51164,14,0,14,5,9,5
P54760,86,11,75,43,46,40
P55265,132,23,109,62,71,61
P56385,1,0,1,0,1,0
P59510,176,4,172,103,73,103
Q008S8,73,1,72,50,24,49
Q00994,1,0,1,1,0,1
Q10571,149,10,139,72,81,68
Q13043,41,14,27,24,21,20
Q13564,36,3,33,23,12,24
Q16873,7,1,6,5,3,4
Q1W209,26,0,26,10,16,10
Q2M2I3,50,10,40,22,38,12
Q53GL7,71,16,55,40,35,36
Q5JXC2,61,5,56,26,40,21
Q5T5M9,31,0,31,19,12,19
Q5VW00,33,0,33,17,16,17
Q67FW5,24,0,24,13,11,13
Q684P5,99,23,76,39,79,20
Q6B0B8,35,0,35,20,15,20
Q6IC83,24,0,24,16,8,16
Q6P2Q9,125,18,107,66,63,62
Q6PCB7,31,0,31,21,10,21
Q6PCT2,63,6,57,26,41,22
Q6PEX7,10,0,10,6,4,6
Q6PIY5,37,0,37,22,15,22
Q6PKC3,95,1,94,51,43,52
Q6XPS3,34,0,34,17,17,17
Q6YFQ2,6,0,6,3,3,3
Q6ZUT1,43,7,36,18,30,13
Q719I0,14,0,14,7,7,7
Q7Z2K8,171,41,130,70,138,33
Q7Z2Z2,77,5,72,42,34,43
Q7Z309,66,20,46,30,46,20
Q8HWS3,104,3,101,56,49,55
Q8IYT3,54,3,51,23,32,22
Q8N9T2,7,0,7,4,3,4
Q8NBF2,61,4,57,41,22,39
Q8NGX6,22,0,22,21,1,21
Q8NHV1,19,1,18,13,5,14
Q8NHW3,32,5,27,18,15,17
Q8WV48,19,0,19,7,12,7
Q8WW14,12,0,12,5,7,5
Q8WW34,14,0,14,13,1,13
Q8WXW3,51,5,46,21,33,18
Q93083,7,0,7,5,2,5
Q96B86,26,0,26,14,12,14
Q96GX2,4,1,3,3,0,4
Q96NU1,61,9,52,26,44,17
Q96T91,11,0,11,7,4,7
Q9BW92,50,3,47,19,32,18
Q9C0H5,144,43,101,65,120,24
Q9H089,61,13,48,30,36,25
Q9HD47,13,2,11,6,5,8
Q9NPA2,34,0,34,15,19,15
Q9NPI7,23,3,20,9,17,6
Q9NRJ3,7,0,7,4,3,4
Q9NWX6,15,1,14,11,3,12
Q9UDT6,116,24,92,50,90,26
Q9UHI6,113,35,78,58,90,23
Q9UI30,5,0,5,3,2,3
Q9UKN7,245,2,243,100,147,98
Q9ULD0,74,3,71,34,41,33
Q9UMQ3,24,2,22,9,17,7
Q9UPN7,92,15,77,43,64,28
Q9UPX0,127,9,118,59,75,52
Q9Y5Y0,36,2,34,23,15,21
Q9Y679,44,11,33,23,30,14
A0A0B4J1W7,26,0,26,14,12,14
A0A0C4DH34,18,0,18,12,6,12
A0A0U1RQI7,104,0,104,86,18,86
A6NJV1,10,0,10,7,3,7
A6NK97,43,0,43,31,12,31
A6NNA2,105,0,105,7,98,7
C9J202,18,1,17,7,12,6
H3BNL1,12,0,12,8,4,8
O00155,27,3,24,14,16,11
O14950,6,3,3,3,4,2
O15225,4,0,4,0,4,0
O75446,14,2,12,8,8,6
O94827,111,10,101,50,71,40
O95198,39,0,39,20,19,20
O95371,22,0,22,20,2,20
O95619,9,1,8,3,5,4
O95989,12,2,10,7,7,5
P01019,30,0,30,21,9,21
P01567,16,0,16,9,7,9
P01814,12,0,12,11,1,11
P0DPF6,20,0,20,9,11,9
P11717,233,11,222,135,101,132
P13987,6,0,6,6,0,6
P17096,10,5,5,5,6,4
P31152,54,8,46,27,35,19
P32238,40,0,40,22,18,22
P41146,24,2,22,16,10,14
P48169,60,7,53,30,37,23
P54289,72,2,70,38,34,38
P57060,29,4,25,13,18,11
P59998,14,3,11,7,8,6
P80162,6,0,6,5,1,5
Q02388,170,5,165,85,90,80
Q05193,68,15,53,35,40,28
Q05519,102,37,65,42,89,13
Q08211,101,27,74,54,60,41
Q0VDD7,70,7,63,29,48,22
Q13404,8,0,8,3,5,3
Q15620,26,0,26,21,5,21
Q16666,88,22,66,49,51,37
Q17RA5,5,0,5,4,1,4
Q17RC7,49,6,43,19,36,13
Q53FP2,10,1,9,6,5,5
Q5SW96,31,6,25,16,19,12
Q5TAG4,129,0,129,89,40,89
Q5TBC7,10,0,10,9,1,9
Q5VWP2,26,0,26,14,12,14
Q5VXM1,39,0,39,22,17,22
Q5YKI7,7,0,7,4,3,4
Q6AZW8,29,2,27,19,10,19
Q6F5E8,150,25,125,78,89,61
Q6ICL7,26,0,26,21,5,21
Q6P1L8,11,1,10,4,8,3
Q6UXB1,10,0,10,4,6,4
Q6ZMZ3,56,2,54,27,31,25
Q6ZN06,43,2,41,26,15,28
Q6ZST2,6,0,6,1,5,1
Q6ZVX7,23,8,15,12,19,4
Q7Z2Q7,53,0,53,33,20,33
Q7Z398,25,0,25,14,11,14
Q7Z4Y8,5,0,5,3,2,3
Q86UT5,39,0,39,18,21,18
Q8IWI9,346,0,346,142,204,142
Q8IWL3,16,1,15,6,11,5
Q8IYU4,45,0,45,26,19,26
Q8N2I2,49,0,49,33,16,33
Q8N7W2,57,5,52,27,35,22
Q8NEE0,5,0,5,2,3,2
Q8NFL0,13,1,12,7,7,6
Q8NGX5,35,1,34,31,3,32
Q8WUT9,24,2,22,16,8,16
Q8WVX3,3,0,3,1,2,1
Q92541,100,25,75,34,85,15
Q969E8,7,1,6,4,4,3
Q96FA7,29,6,23,10,21,8
Q96HY6,19,7,12,8,14,5
Q96KP6,13,0,13,5,8,5
Q96M86,377,6,371,204,179,198
Q96NZ9,3,0,3,1,2,1
Q9BWT3,87,22,65,41,68,19
Q9BZK8,5,0,5,3,2,3
Q9C0D9,31,0,31,21,10,21
Q9H4Z2,150,14,136,71,93,57
Q9H7T0,96,3,93,55,40,56
Q9HB03,12,0,12,12,0,12
Q9NRC1,42,1,41,22,21,21
Q9NRN9,10,0,10,7,3,7
Q9NW15,34,0,34,24,10,24
Q9NX14,10,1,9,3,6,4
Q9NYV4,290,92,198,132,246,44
Q9NYV8,34,1,33,22,11,23
Q9P2A4,30,5,25,13,22,8
Q9UBC9,4,0,4,2,2,2
Q9UH92,42,11,31,22,29,13
Q9Y271,30,5,25,18,17,13
Q9Y2D9,60,14,46,24,50,10
Q9Y2J2,134,32,102,70,88,46
Q9Y2J8,45,5,40,27,17,28
A0A0K0K1D8,10,0,10,5,5,5
A0A1W2PQC6,9,0,9,4,5,4
A0A8V8TLL3,12,0,12,2,10,2
A5PKW4,112,7,105,40,77,35
A6NCJ1,16,0,16,9,7,9
A6NIJ5,44,0,44,23,21,23
B4DXR9,37,0,37,27,10,27
C9JC47,26,0,26,5,21,5
E5RG02,18,0,18,11,7,11
O00587,20,0,20,11,9,11
O14576,56,6,50,27,35,21
O14672,59,4,55,32,29,30
O43347,31,6,25,18,19,12
O60384,5,0,5,4,1,4
O60488,50,10,40,26,24,26
O60809,31,1,30,21,11,20
O75449,45,7,38,20,30,15
O75477,22,4,18,13,13,9
O75592,521,70,451,279,280,241
O75886,48,4,44,30,16,32
O95407,15,0,15,10,5,10
P08910,27,3,24,12,18,9
P09467,22,3,19,14,11,11
P13640,10,4,6,8,6,4
P18089,31,0,31,20,11,20
P40200,63,0,63,39,24,39
P41002,76,3,73,43,34,42
P41180,103,6,97,65,42,61
P49406,15,2,13,8,9,6
P49792,496,174,322,260,324,172
P50570,80,18,62,41,39,41
P54098,72,0,72,39,33,39
P60608,56,0,56,36,20,36
P62249,4,0,4,2,2,2
P62826,6,2,4,4,0,6
P78344,83,21,62,37,47,36
Q07812,12,3,9,7,4,8
Q16827,116,2,114,76,40,76
Q3LI60,2,0,2,2,0,2
Q5TDH0,36,10,26,21,21,15
Q5TID7,39,0,39,15,24,15
Q5VTM2,76,0,76,33,43,33
Q6PGQ1,26,0,26,14,12,14
Q6UB28,28,2,26,15,15,13
Q6ZSZ5,156,22,134,65,107,49
Q71SY5,47,1,46,26,22,25
Q7L5D6,32,1,31,21,12,20
Q7Z5L3,16,0,16,11,5,11
Q86V86,15,0,15,7,8,7
Q86WS4,81,0,81,32,49,32
Q86XJ0,29,0,29,16,13,16
Q8IUH8,50,1,49,35,16,34
Q8IYP9,31,3,28,20,12,19
Q8IZS5,20,0,20,9,11,9
Q8N6D2,26,0,26,17,9,17
Q8N6T3,86,34,52,45,71,15
Q8N769,13,0,13,8,5,8
Q8NB90,69,11,58,36,40,29
Q8NDZ4,25,1,24,13,13,12
Q8NGN7,22,0,22,15,7,15
Q8NH41,34,2,32,25,9,25
Q8WTS1,22,0,22,11,11,11
Q8WTT2,64,14,50,35,43,21
Q8WU20,66,24,42,28,58,8
Q8WV15,27,0,27,19,8,19
Q8WWC4,25,1,24,16,8,17
Q8WWM1,6,0,6,3,3,3
Q8WZ64,181,14,167,96,97,84
Q92753,34,2,32,19,15,19
Q969S3,37,8,29,20,23,14
Q96CB5,12,0,12,8,4,8
Q96CN5,42,4,38,17,29,13
Q96FC7,35,4,31,22,17,18
Q96IQ9,33,0,33,13,20,13
Q96JQ0,268,10,258,122,148,120
Q96L92,34,6,28,20,18,16
Q96LT4,26,0,26,20,6,20
Q96PJ5,46,1,45,27,18,28
Q9BSK2,24,0,24,14,10,14
Q9H0W8,53,9,44,27,35,18
Q9H2S6,11,0,11,7,4,7
Q9HD89,10,0,10,9,1,9
Q9NP70,31,0,31,11,20,11
Q9NR23,20,0,20,14,6,14
Q9NSA3,7,2,5,4,3,4
Q9NSD4,37,2,35,14,25,12
Q9NZH4,22,4,18,12,14,8
Q9P0S9,8,0,8,6,2,6
Q9P0U4,46,7,39,20,33,13
Q9P1A6,139,9,130,47,101,38
Q9UDX5,11,0,11,8,3,8
Q9UH73,59,1,58,35,25,34
Q9UIG4,5,0,5,0,5,0
Q9UJY5,68,9,59,34,41,27
Q9UKY4,53,1,52,37,17,36
Q9UQB8,83,28,55,39,70,13
Q9UQF0,43,0,43,29,14,29
Q9Y235,10,1,9,7,4,6
Q9Y264,44,4,40,25,21,23
Q9Y275,20,0,20,9,11,9
A0A087WZK3,9,0,9,1,8,1
A0A0B4J245,13,0,13,5,8,5
A1XBS5,20,5,15,9,16,4
A6NC05,14,0,14,6,8,6
A6NDK9,42,1,41,12,31,11
F5H4B4,59,0,59,22,37,22
O00418,85,26,59,43,60,25
O14524,40,5,35,33,12,28
O14647,196,32,164,87,137,59
O15067,90,12,78,45,49,41
O15209,80,9,71,37,52,28
O15530,61,19,42,37,33,28
O43795,81,11,70,47,45,36
O60269,53,0,53,22,31,22
O60493,10,4,6,4,8,2
O75185,73,4,69,45,26,47
O75936,21,1,20,14,8,13
O96000,4,2,2,2,0,4
P03986,9,0,9,6,3,6
P06127,62,9,53,37,28,34
P07858,26,0,26,17,9,17
P12814,51,18,33,28,23,28
P12821,76,1,75,41,34,42
P16220,38,13,25,24,21,17
P17483,23,5,18,10,16,7
P20366,8,0,8,4,4,4
P20916,57,3,54,37,23,34
P20936,73,5,68,39,37,36
P33316,21,6,15,10,13,8
P35573,97,8,89,53,42,55
P42771,5,1,4,3,3,2
P53671,56,9,47,31,34,22
P60002,4,0,4,4,0,4
P61328,28,3,25,9,22,6
P61421,14,1,13,8,7,7
Q01415,34,0,34,21,13,21
Q13278,14,0,14,12,2,12
Q14643,199,19,180,105,105,94
Q14DG7,100,1,99,55,46,54
Q15842,33,3,30,18,16,17
Q2KHM9,103,16,87,51,66,37
Q3BBV0,107,5,102,71,41,66
Q3KPI0,25,0,25,14,11,14
Q3LI81,30,0,30,25,5,25
Q504T8,66,7,59,23,50,16
Q5SZD4,25,1,24,16,8,17
Q5T319,16,0,16,9,7,9
Q5VV16,28,0,28,20,8,20
Q6GTX8,31,4,27,10,21,10
Q6L8Q7,69,16,53,34,43,26
Q6NSI3,62,0,62,21,41,21
Q6PEV8,73,5,68,44,34,39
Q6PJG9,50,6,44,26,28,22
Q6UWU2,37,0,37,21,16,21
Q6UXQ8,12,0,12,5,7,5
Q6V9R5,32,0,32,26,6,26
Q6WN34,28,0,28,19,9,19
Q7L2Z9,27,6,21,12,19,8
Q7LBC6,247,56,191,115,178,69
Q7RTX9,31,0,31,25,6,25
Q7Z4N8,37,0,37,16,21,16
Q7Z5H5,30,0,30,26,4,26
Q86UY6,17,1,16,11,7,10
Q86V81,19,7,12,8,18,1
Q8IWT6,52,7,45,26,33,19
Q8IXS2,30,3,27,15,18,12
Q8N145,41,0,41,26,15,26
Q8N5M1,19,0,19,12,7,12
Q8N715,54,2,52,14,42,12
Q8N8E2,43,6,37,22,27,16
Q8NB78,63,10,53,37,36,27
Q8NBZ7,23,1,22,9,13,10
Q8NFU1,27,0,27,18,9,18
Q8NH48,28,0,28,25,3,25
Q8TB36,19,2,17,12,9,10
Q8WXS4,14,0,14,11,3,11
Q969V5,25,0,25,16,9,16
Q96LZ3,11,0,11,7,4,7
Q96MZ0,23,0,23,7,16,7
Q96TC7,65,21,44,33,49,16
Q99598,27,6,21,12,19,8
Q9H098,3,1,2,2,2,1
Q9H175,59,0,59,29,30,29
Q9H606,15,0,15,6,9,6
Q9H6R7,98,18,80,55,61,37
Q9H7F4,21,2,19,15,8,13
Q9H9B4,20,4,16,12,6,14
Q9HCY8,11,3,8,6,4,7
Q9HDC5,94,27,67,40,79,15
Q9NPH5,42,0,42,27,15,27
Q9NUP9,14,2,12,5,11,3
Q9NVS2,8,0,8,5,3,5
Q9NZ72,22,8,14,12,18,4
Q9NZL9,20,4,16,15,9,11
Q9P281,282,14,268,124,168,114
Q9UIK5,28,0,28,19,9,19
Q9UJQ4,136,24,112,81,67,69
Q9ULA0,31,0,31,14,17,14
Q9Y236,43,0,43,29,14,29
Q9Y613,117,18,99,54,79,38
A0A075B6K4,14,0,14,9,5,9
A0A0C4DH67,16,0,16,10,6,10
A0A0G2JKD1,181,0,181,136,45,136
A0A0K0K1G6,9,0,9,4,5,4
A0A1B0GTK5,6,0,6,3,3,3
A6NEE1,41,3,38,14,30,11
O60315,175,44,131,89,112,63
O60663,34,0,34,15,19,15
O60779,35,1,34,31,5,30
O75487,45,1,44,26,20,25
O94788,27,2,25,9,20,7
O95352,51,3,48,31,21,30
P00338,32,8,24,19,17,15
P09172,40,2,38,25,17,23
P0C869,58,1,57,29,30,28
P0DMP2,35,0,35,19,16,19
P0DPD8,64,0,64,34,30,34
P10809,43,18,25,21,20,23
P12004,27,4,23,20,7,20
P12694,36,8,28,18,24,12
P12757,71,6,65,34,43,28
P27348,29,13,16,15,27,2
P29322,78,1,77,41,38,40
P30532,36,0,36,22,14,22
P30536,7,0,7,5,2,5
P31249,51,3,48,24,30,21
P36383,23,2,21,11,14,9
P47890,32,0,32,28,4,28
P48058,70,2,68,41,31,39
P48378,78,4,74,45,37,41
P49279,35,0,35,22,13,22
P50150,5,1,4,3,3,2
P55268,114,6,108,72,48,66
Q02446,104,16,88,65,43,61
Q04941,9,0,9,9,0,9
Q05BQ5,54,1,53,21,34,20
Q13003,62,3,59,36,27,35
Q13021,12,0,12,11,1,11
Q13046,37,0,37,25,12,25
Q13361,9,0,9,4,5,4
Q15154,321,105,216,164,196,125
Q15269,89,11,78,60,36,53
Q15370,7,1,6,4,2,5
Q2M3T9,42,0,42,27,15,27
Q2TB10,85,23,62,44,58,27
Q53EP0,120,12,108,74,52,68
Q53R12,23,0,23,18,5,18
Q5GFL6,56,0,56,33,23,33
Q5GH73,39,1,38,29,9,30
Q68EA5,39,1,38,26,14,25
Q6NXT4,40,5,35,27,16,24
Q6PJ21,43,0,43,24,19,24
Q6R2W3,129,5,124,61,67,62
Q6U949,14,0,14,1,13,1
Q6UXX9,15,0,15,10,5,10
Q6ZV70,23,0,23,16,7,16
Q7RTY0,37,0,37,27,10,27
Q86UD1,17,0,17,9,8,9
Q8IVU9,13,0,13,8,5,8
Q8IZU8,91,2,89,54,37,54
Q8N162,29,0,29,26,3,26
Q8N1K5,44,2,42,29,17,27
Q8N350,69,11,58,28,52,17
Q8N5Z0,38,3,35,22,17,21
Q8NEP7,21,0,21,10,11,10
Q8NES3,22,0,22,10,12,10
Q8NET1,3,0,3,3,0,3
Q8NF99,63,11,52,34,38,25
Q8NG41,9,1,8,2,8,1
Q8TBE3,17,0,17,13,4,13
Q8TCF1,16,1,15,5,10,6
Q8TE23,63,0,63,47,16,47
Q8TEB9,26,3,23,15,14,12
Q8WWA1,39,5,34,8,32,7
Q96IC2,44,0,44,28,16,28
Q96LB0,27,0,27,21,6,21
Q96M95,12,0,12,4,8,4
Q96Q77,8,1,7,3,6,2
Q9BSC4,62,14,48,33,35,27
Q9BVN2,108,10,98,52,64,44
Q9BY44,46,8,38,26,26,20
Q9BYX7,28,4,24,14,18,10
Q9C0A1,214,2,212,108,108,106
Q9H4D0,70,1,69,37,32,38
Q9H7X2,6,0,6,3,3,3
Q9HAV7,8,1,7,2,7,1
Q9NP64,24,6,18,8,22,2
Q9P0M9,11,3,8,4,10,1
Q9P1W9,15,1,14,8,8,7
Q9P225,276,7,269,171,104,172
Q9UGP4,106,34,72,55,83,23
Q9ULC5,44,6,38,26,22,22
Q9UNI1,25,0,25,14,11,14
Q9UPT9,43,3,40,30,14,29
Q9Y3M9,69,4,65,34,35,34
Q9Y5A9,73,10,63,40,43,30
Q9Y5R8,11,1,10,4,8,3
Q9Y653,75,5,70,46,32,43
A0A0G2JNF4,35,0,35,26,9,26
A0A8I5KW96,12,0,12,5,7,5
A8MWK0,30,0,30,20,10,20
B2RNN3,15,0,15,9,6,9
O00194,11,2,9,7,6,5
O15061,160,13,147,61,106,54
O43808,15,2,13,10,7,8
O43913,28,1,27,19,10,18
O60513,16,0,16,8,8,8
O75943,70,7,63,40,33,37
O94955,48,1,47,26,23,25
O95477,192,13,179,106,93,99
O95789,157,7,150,94,68,89
P05093,32,1,31,17,16,16
P05408,9,0,9,5,4,5
P09234,9,3,6,5,7,2
P0CG21,7,0,7,4,3,4
P10916,5,2,3,2,5,0
P12277,29,9,20,12,16,13
P28907,19,0,19,10,9,10
P30531,41,0,41,32,9,32
P31937,35,5,30,21,19,16
P32881,19,0,19,12,7,12
P36406,31,0,31,21,10,21
P40617,13,0,13,9,4,9
P41250,53,11,42,27,37,16
P61073,36,10,26,24,14,22
Q01629,8,0,8,8,0,8
Q03721,40,2,38,19,21,19
Q08043,45,10,35,26,17,28
Q12913,129,4,125,77,56,73
Q13439,184,31,153,80,127,57
Q14943,41,0,41,28,13,28
Q16670,32,1,31,22,11,21
Q53EQ6,37,1,36,19,19,18
Q5BKZ1,83,31,52,42,62,21
Q5T5X7,104,32,72,51,55,49
Q5VV17,34,4,30,17,21,13
Q5VXI9,24,0,24,15,9,15
Q5XLA6,6,0,6,2,4,2
Q6P1J9,33,7,26,19,15,18
Q6PF18,8,0,8,7,1,7
Q6UXI7,58,0,58,26,32,26
Q6ZVD8,130,10,120,80,54,76
Q7Z6J9,64,13,51,34,41,23
Q7Z6K5,12,0,12,7,5,7
Q86UR5,245,38,207,86,195,50
Q86UU9,5,0,5,3,2,3
Q86VD1,83,2,81,34,51,32
Q86YD1,30,0,30,14,16,14
Q8IWA0,80,11,69,50,39,41
Q8IY26,44,10,34,19,33,11
Q8IYB4,67,9,58,30,44,23
Q8N3R9,46,9,37,25,28,18
Q8N3Z6,61,6,55,27,40,21
Q8N5B7,34,4,30,24,14,20
Q8N6S5,27,8,19,17,18,9
Q8NEM2,60,15,45,34,41,19
Q8NGD3,31,0,31,26,5,26
Q8NGT5,24,0,24,21,3,21
Q8NHQ1,43,5,38,23,21,22
Q8TBB0,15,0,15,8,7,8
Q8TC12,26,5,21,14,9,17
Q92736,362,9,353,212,157,205
Q969J3,18,4,14,7,15,3
Q96A73,39,9,30,13,31,8
Q96CW1,40,9,31,21,24,16
Q96CW9,32,1,31,17,16,16
Q96FG2,27,2,25,14,13,14
Q96FK6,38,5,33,26,11,27
Q96G28,26,6,20,12,16,10
Q96M96,72,15,57,38,41,31
Q96MU8,38,0,38,24,14,24
Q96P56,57,1,56,35,23,34
Q96S06,38,0,38,27,11,27
Q96SL4,11,0,11,3,8,3
Q99490,179,29,150,73,131,48
Q99767,68,10,58,31,45,23
Q99954,7,0,7,2,5,2
Q9BPW8,19,3,16,9,9,10
Q9BTU6,37,9,28,19,27,10
Q9BUJ0,17,0,17,12,5,12
Q9BWJ5,4,0,4,4,0,4
Q9BZM2,10,2,8,7,5,5
Q9H0P0,17,2,15,11,6,11
Q9H4L7,116,29,87,65,80,36
Q9H5H4,88,21,67,50,55,33
Q9HCC0,34,5,29,18,17,17
Q9NVI1,143,15,128,81,75,68
Q9NWB7,24,1,23,11,14,10
Q9NWW0,12,0,12,6,6,6
Q9P266,248,73,175,113,186,62
Q9UI14,12,1,11,8,5,7
Q9UIJ7,11,3,8,6,6,5
Q9ULB1,125,3,122,67,57,68
Q9UNY4,134,22,112,68,88,46
Q9Y2E6,48,1,47,24,23,25
Q9Y333,7,2,5,4,5,2
Q9Y484,33,0,33,24,9,24
Q9Y5Q3,34,4,30,14,20,14
A0A0G2JN53,11,0,11,3,8,3
A0A0U1RRE5,4,0,4,1,3,1
A0A286YEU6,25,0,25,17,8,17
A6NI03,43,0,43,21,22,21
O00339,73,1,72,53,21,52
O15018,457,65,392,173,343,114
O15054,157,5,152,67,95,62
O43246,58,2,56,38,22,36
O75586,17,1,16,10,8,9
O75677,28,0,28,17,11,17
O75821,26,7,19,12,17,9
O75874,25,6,19,13,18,7
O94985,67,0,67,39,28,39
O94989,87,8,79,37,58,29
O95251,100,34,66,44,82,18
O95864,18,0,18,13,5,13
O95976,18,0,18,10,8,10
P04553,5,1,4,1,5,0
P08151,135,10,125,58,87,48
P08238,79,32,47,44,45,34
P0CL81,3,0,3,1,2,1
P0DJR0,15,0,15,11,4,11
P0DV76,44,0,44,27,17,27
P11233,18,6,12,7,17,1
P28161,18,5,13,10,13,5
P29016,26,0,26,18,8,18
P31785,35,2,33,24,11,24
P33527,141,15,126,85,59,82
P35228,78,3,75,45,36,42
P35609,48,13,35,27,20,28
P35626,42,5,37,23,22,20
P49006,38,19,19,19,34,4
P51814,59,1,58,44,16,43
P53621,69,10,59,39,38,31
P61803,9,1,8,6,4,5
P62942,4,0,4,1,3,1
P83731,7,2,5,5,4,3
Q01196,80,26,54,43,53,27
Q01469,5,1,4,4,2,3
Q02338,34,4,30,16,20,14
Q04671,64,0,64,36,28,36
Q13683,89,2,87,48,43,46
Q15696,49,5,44,11,43,6
Q16836,31,7,24,16,22,9
Q2M3X9,42,0,42,29,13,29
Q3LI76,20,0,20,16,4,16
Q495W5,30,0,30,13,17,13
Q53FZ2,47,1,46,28,20,27
Q53SZ7,56,2,54,18,38,18
Q5SQQ9,36,2,34,13,21,15
Q63HN8,400,19,381,238,181,219
Q674X7,75,9,66,31,51,24
Q6NSI4,65,1,64,42,22,43
Q6P5R6,7,1,6,4,4,3
Q6UWW8,43,0,43,26,17,26
Q6V1P9,320,2,318,186,136,184
Q6ZT62,60,5,55,27,38,22
Q6ZV80,11,0,11,6,5,6
Q701N2,44,0,44,41,3,41
Q7L8S5,20,0,20,9,11,9
Q7Z570,116,2,114,64,52,64
Q86TA1,4,0,4,2,2,2
Q86X51,84,3,81,26,61,23
Q8N2M8,141,39,102,41,139,2
Q8N9N7,24,3,21,16,7,17
Q8NCT1,34,0,34,20,14,20
Q8NGW1,29,0,29,27,2,27
Q8NHX9,52,1,51,35,16,36
Q8NHY3,76,6,70,32,50,26
Q8TCG5,70,0,70,48,22,48
Q8WTX9,21,0,21,10,11,10
Q8WWM9,10,0,10,4,6,4
Q8WZ33,9,0,9,6,3,6
Q96BJ3,18,6,12,9,15,3
Q96G75,31,0,31,19,12,19
Q96M02,75,4,71,32,45,30
Q99611,32,5,27,16,21,11
Q99983,26,1,25,16,11,15
Q99996,343,38,305,171,206,137
Q9BRK3,32,3,29,16,19,13
Q9BXB5,111,32,79,58,81,30
Q9H0T7,15,1,14,8,8,7
Q9H0W9,14,1,13,10,5,9
Q9H7X0,21,0,21,16,5,16
Q9HAU5,78,2,76,31,49,29
Q9HBZ2,88,4,84,49,43,45
Q9NPR9,42,0,42,27,15,27
Q9NQM4,15,0,15,9,6,9
Q9NS82,40,0,40,33,7,33
Q9P272,48,2,46,27,23,25
Q9UBG0,131,4,127,80,55,76
Q9UHC3,43,4,39,21,26,17
Q9UHQ1,33,4,29,17,20,13
Q9UI43,16,0,16,6,10,6
Q9UKN5,92,3,89,57,36,56
Q9Y2R4,47,7,40,22,28,19
Q9Y608,112,26,86,45,93,19
Q9Y6Q3,57,3,54,35,23,34
A0A0U1RR37,12,0,12,5,7,5
A6NCI8,139,3,136,71,71,68
A6NLX4,10,0,10,7,3,7
A7KAX9,301,62,239,147,214,87
F8VTS6,23,0,23,11,12,11
O14734,18,0,18,9,9,9
O14827,110,16,94,59,67,43
O60858,31,3,28,22,12,19
O75556,5,0,5,3,2,3
O75879,42,2,40,17,27,15
O95264,38,0,38,26,12,26
P01706,17,0,17,8,9,8
P05164,46,3,43,24,25,21
P06126,27,0,27,19,8,19
P06280,24,1,23,16,9,15
P07477,19,0,19,14,5,14
P09564,22,3,19,15,8,14
P09601,19,4,15,8,11,8
P0CJ70,2,0,2,2,0,2
P10768,23,5,18,11,15,8
P11464,36,0,36,25,11,25
P14314,40,8,32,21,27,13
P14616,88,5,83,49,42,46
P15586,37,1,36,20,18,19
P17066,38,5,33,15,28,10
P24468,35,2,33,22,15,20
P27540,92,8,84,46,54,38
P34913,33,2,31,19,16,17
P35453,42,1,41,23,20,22
P49639,43,1,42,21,23,20
P49917,62,3,59,32,27,35
P57075,63,8,55,36,35,28
P58317,31,3,28,25,9,22
P58417,27,2,25,16,13,14
P58550,4,0,4,4,0,4
Q06710,64,0,64,34,30,34
Q13421,45,3,42,23,25,20
Q13509,46,15,31,24,29,17
Q13546,68,15,53,39,36,32
Q13740,48,1,47,24,25,23
Q14160,180,59,121,92,121,59
Q15181,13,4,9,8,9,4
Q16513,114,37,77,58,69,45
Q16643,64,23,41,31,46,18
Q3KQU3,151,63,88,74,130,21
Q3KRB8,18,0,18,7,11,7
Q4L180,110,26,84,51,79,31
Q53EU6,33,3,30,22,14,19
Q53HC0,33,4,29,11,26,7
Q5JWF2,78,6,72,30,54,24
Q5T011,351,24,327,178,195,156
Q5T8A7,155,10,145,43,120,35
Q66LE6,45,1,44,26,20,25
Q6QAJ8,9,0,9,7,2,7
Q6UB98,296,50,246,137,191,105
Q6ZMR5,27,0,27,19,8,19
Q6ZUJ4,19,0,19,9,10,9
Q7Z4S9,17,0,17,7,10,7
Q86VS3,69,0,69,40,29,40
Q8NEV8,326,36,290,142,216,110
Q8TB03,18,1,17,12,7,11
Q8TBE1,8,0,8,7,1,7
Q8TDH9,13,4,9,6,9,4
Q8TF05,94,12,82,52,40,54
Q8WZB0,9,0,9,1,8,1
Q92628,201,19,182,87,131,70
Q96BM0,9,0,9,8,1,8
Q96EA4,55,10,45,25,38,17
Q96KN3,35,0,35,19,16,19
Q96LK0,10,0,10,3,7,3
Q96NB2,14,1,13,10,5,9
Q96NI6,66,0,66,41,25,41
Q99741,52,12,40,30,34,18
Q99884,41,1,40,30,12,29
Q9BUT1,15,2,13,7,8,7
Q9BV47,12,0,12,5,7,5
Q9GZK7,18,0,18,13,5,13
Q9H330,76,8,68,50,34,42
Q9H5Y7,68,4,64,38,32,36
Q9H6L2,19,0,19,12,7,12
Q9H7B2,18,2,16,12,6,12
Q9HCE9,89,12,77,40,57,32
Q9HCG7,51,2,49,27,26,25
Q9HCQ7,18,0,18,8,10,8
Q9NRH2,90,15,75,40,65,25
Q9NVT9,26,6,20,13,15,11
Q9NXC5,74,5,69,39,36,38
Q9P209,94,17,77,44,67,27
Q9UHF3,18,0,18,10,8,10
Q9UJU6,42,16,26,26,30,12
Q9UKL3,291,38,253,142,183,108
Q9UKR3,17,0,17,9,8,9
Q9UPE1,59,4,55,28,35,24
Q9Y255,15,0,15,11,4,11
Q9Y2L1,62,4,58,38,28,34
Q9Y576,19,0,19,8,11,8
Q9Y6E0,39,9,30,18,30,9
Q9Y6K9,34,9,25,17,26,8
A6NCS4,22,0,22,9,13,9
A6PVY3,13,0,13,6,7,6
C9JA33,29,0,29,15,14,15
O15245,34,1,33,25,10,24
O43314,150,34,116,75,109,41
O43524,145,39,106,68,92,53
O75976,113,6,107,59,58,55
O76021,67,21,46,34,50,17
O95208,91,17,74,49,57,34
O95379,9,0,9,3,6,3
P04001,28,0,28,19,9,19
P04818,20,6,14,11,15,5
P08603,95,2,93,56,41,54
P15036,62,13,49,29,36,26
P15498,43,3,40,25,21,22
P16422,15,0,15,7,8,7
P16885,97,7,90,52,50,47
P19623,26,4,22,15,11,15
P22830,28,1,27,21,8,20
P30838,27,1,26,19,9,18
P35579,128,47,81,70,69,59
P49023,101,41,60,52,62,39
P51677,19,0,19,13,6,13
P52209,30,8,22,16,20,10
P55289,50,1,49,29,22,28
P59910,13,1,12,8,6,7
P78411,55,11,44,28,38,17
Q00765,12,1,11,6,7,5
Q12874,37,10,27,18,27,10
Q13049,52,5,47,33,24,28
Q13609,25,0,25,14,11,14
Q14353,8,0,8,6,2,6
Q14714,14,0,14,9,5,9
Q15853,20,2,18,9,13,7
Q16552,10,0,10,3,7,3
Q2KHR3,285,33,252,139,157,128
Q2TBE0,100,18,82,47,69,31
Q3LI68,4,0,4,3,1,3
Q5SWL7,35,1,34,20,14,21
Q5VWN6,310,43,267,164,175,135
Q66K79,38,0,38,26,12,26
Q69YI7,14,0,14,5,9,5
Q6AW86,54,5,49,27,28,26
Q6ULP2,123,16,107,70,61,62
Q6UX73,33,1,32,22,10,23
Q6ZTY9,12,0,12,5,7,5
Q7LFL8,44,5,39,17,32,12
Q86TG7,44,4,40,21,27,17
Q86UP6,73,0,73,45,28,45
Q86VI4,19,0,19,11,8,11
Q86WV5,6,0,6,6,0,6
Q8IVI9,56,5,51,29,30,26
Q8IW35,115,28,87,66,73,42
Q8IZS7,19,0,19,12,7,12
Q8N3X6,64,1,63,28,37,27
Q8N5I3,19,1,18,12,8,11
Q8N752,16,0,16,9,7,9
Q8N961,106,9,97,53,62,44
Q8N9F8,42,0,42,33,9,33
Q8NE79,31,2,29,11,20,11
Q8NFU0,31,0,31,15,16,15
Q8NGT2,23,0,23,20,3,20
Q8TC44,47,6,41,31,22,25
Q8TE59,94,3,91,46,45,49
Q8WYK0,48,4,44,27,23,25
Q92620,110,15,95,52,71,39
Q92831,62,1,61,34,29,33
Q93079,22,11,11,11,22,0
Q969G5,26,10,16,12,18,8
Q96AY4,299,39,260,153,171,128
Q96H20,9,0,9,7,2,7
Q96JG6,88,17,71,42,61,27
Q96KM6,81,11,70,39,53,28
Q96LC9,13,4,9,8,9,4
Q96PY5,74,10,64,37,47,27
Q99592,66,6,60,38,34,32
Q99808,43,6,37,29,20,23
Q9BQA5,41,1,40,29,11,30
Q9BS16,18,2,16,10,8,10
Q9BU20,12,0,12,5,7,5
Q9BYP8,12,0,12,12,0,12
Q9BZK7,50,5,45,33,20,30
Q9C0D7,110,14,96,44,80,30
Q9H221,56,3,53,35,22,34
Q9H3Z7,24,0,24,14,10,14
Q9H4Y5,10,0,10,7,3,7
Q9H992,163,24,139,55,132,31
Q9H9Z2,14,2,12,5,11,3
Q9HAB3,34,1,33,28,7,27
Q9HCX4,57,2,55,40,17,40
Q9NPC2,31,0,31,16,15,16
Q9NQ33,16,1,15,7,8,8
Q9NR83,39,3,36,18,22,17
Q9P1G2,9,0,9,3,6,3
Q9P2H0,127,1,126,69,59,68
Q9UH99,105,23,82,45,79,26
Q9Y224,4,1,3,2,3,1
Q9Y5P2,7,0,7,1,6,1
Q9Y5V0,1,0,1,1,0,1
Q9Y624,41,9,32,20,28,13
A0A0X1KG70,23,0,23,21,2,21
A0A1B0GX95,12,0,12,2,10,2
A0PJY2,31,0,31,13,18,13
A0PK11,13,0,13,11,2,11
A4QPB2,10,0,10,4,6,4
A5PLN7,91,0,91,33,58,33
A6NFN9,42,0,42,19,23,19
A6NIN4,8,0,8,6,2,6
B8ZZ34,20,0,20,5,15,5
E9PJI5,26,0,26,14,12,14
O00391,50,3,47,27,24,26
O14813,29,4,25,13,20,9
O14979,42,11,31,19,32,10
O43488,29,9,20,15,23,6
O60806,46,0,46,28,18,28
O95199,40,1,39,25,16,24
P04118,10,0,10,6,4,6
P04150,105,22,83,55,56,49
P04732,7,2,5,4,5,2
P07311,4,1,3,3,2,2
P08922,207,1,206,130,78,129
P0C024,7,1,6,3,5,2
P0DPF4,12,0,12,7,5,7
P17021,52,1,51,37,16,36
P24158,14,0,14,9,5,9
P28676,14,0,14,7,7,7
P29279,21,2,19,12,11,10
P46952,18,0,18,7,11,7
P51864,13,0,13,8,5,8
P54829,43,3,40,21,25,18
P57103,57,0,57,34,23,34
P59646,5,0,5,4,1,4
P61160,16,2,14,13,3,13
P62380,8,0,8,4,4,4
P84022,32,6,26,19,17,15
Q04864,74,8,66,34,38,36
Q06547,27,0,27,18,9,18
Q12815,107,29,78,52,78,29
Q13362,28,4,24,16,16,12
Q14011,36,14,22,16,26,10
Q14031,96,0,96,42,54,42
Q14562,94,19,75,44,59,35
Q14C87,103,2,101,40,65,38
Q15067,44,5,39,27,20,24
Q30KR1,3,0,3,1,2,1
Q32NC0,36,9,27,23,20,16
Q3MJ40,58,0,58,29,29,29
Q3SXP7,8,0,8,7,1,7
Q3ZCN5,177,0,177,135,42,135
Q49A88,129,23,106,62,80,49
Q4G0G2,10,0,10,6,4,6
Q4VCS5,108,18,90,54,62,46
Q502W6,110,1,109,69,42,68
Q5T1S8,6,0,6,3,3,3
Q5T2D2,36,2,34,14,22,14
Q6EBC2,12,0,12,3,9,3
Q6GQQ9,95,17,78,43,65,30
Q6KCM7,29,0,29,20,9,20
Q6NXG1,43,3,40,23,23,20
Q6UW49,35,0,35,17,18,17
Q6ZSJ8,2,0,2,0,2,0
Q75MW2,9,0,9,1,8,1
Q86TH1,79,0,79,49,30,49
Q86TN4,16,2,14,8,10,6
Q86Y91,88,20,68,46,52,36
Q86YR7,82,1,81,37,44,38
Q8IWZ3,298,42,256,174,158,140
Q8N1M1,71,3,68,33,41,30
Q8NCV1,43,0,43,28,15,28
Q8NEY1,381,114,267,187,302,79
Q8NFA2,32,4,28,16,16,16
Q8NGG8,29,0,29,24,5,24
Q8NHP8,50,2,48,26,24,26
Q8TCG2,36,5,31,14,25,11
Q8WWM7,171,54,117,87,132,39
Q8WWR9,13,0,13,5,8,5
Q96DE9,3,0,3,2,1,2
Q96EZ8,58,13,45,28,43,15
Q96FJ2,3,1,2,2,0,3
Q96LW7,25,2,23,16,11,14
Q96M61,22,1,21,13,10,12
Q96NS8,11,0,11,7,4,7
Q9BST9,57,17,40,28,46,11
Q9BYG5,38,5,33,19,22,16
Q9BYP9,16,0,16,15,1,15
Q9H106,12,0,12,9,3,9
Q9H2H0,19,0,19,12,7,12
Q9H400,35,12,23,19,26,9
Q9H5J0,63,6,57,34,35,28
Q9HCB6,71,4,67,40,33,38
Q9HCJ5,89,2,87,58,33,56
Q9HD43,95,0,95,63,32,63
Q9NNX6,33,3,30,17,19,14
Q9NS85,31,0,31,14,17,14
Q9NV58,127,17,110,65,79,48
Q9NX31,56,7,49,24,35,21
Q9UBM7,22,2,20,15,9,13
Q9Y5Q6,12,0,12,4,8,4
A0A075B6H5,13,0,13,9,4,9
A0A0B4J2B6,14,0,14,10,4,10
A0PK00,17,0,17,14,3,14
A5D8T8,28,0,28,25,3,25
A6NIE9,24,0,24,12,12,12
A8K5M9,19,0,19,7,12,7
O15091,46,3,43,27,22,24
O60248,27,3,24,17,13,14
O75096,146,3,143,83,66,80
O75426,36,0,36,21,15,21
O94760,18,2,16,6,14,4
O95302,37,3,34,23,15,22
O95807,8,0,8,6,2,6
P02675,40,8,32,24,20,20
P02689,8,1,7,3,6,2
P04808,14,0,14,4,10,4
P08034,25,4,21,16,13,12
P09758,16,2,14,7,9,7
P0C7N5,25,0,25,20,5,20
P10163,20,0,20,8,12,8
P14621,12,3,9,3,12,0
P16157,155,26,129,73,96,59
P19022,56,4,52,27,31,25
P20700,79,30,49,40,69,10
P30968,24,0,24,19,5,19
P32971,14,0,14,9,5,9
P35218,22,0,22,16,6,16
P36382,27,4,23,19,12,15
P42261,74,6,68,41,33,41
P49721,11,3,8,6,8,3
P56381,4,0,4,2,2,2
P62714,14,2,12,8,8,6
P78380,24,0,24,13,11,13
P84101,6,2,4,2,6,0
Q00604,19,0,19,14,5,14
Q02779,88,11,77,40,59,29
Q14554,27,1,26,14,14,13
Q14764,44,6,38,20,28,16
Q14916,41,0,41,30,11,30
Q2M218,48,0,48,30,18,30
Q3LHN0,19,0,19,12,7,12
Q53EL6,64,22,42,31,45,19
Q5JSL3,189,29,160,104,90,99
Q5MJ10,29,0,29,7,22,7
Q6IEY1,26,0,26,20,6,20
Q6P1R4,19,1,18,10,10,9
Q6P2C0,45,1,44,29,15,30
Q6PI97,21,0,21,6,15,6
Q86SZ2,9,1,8,8,2,7
Q8IZ13,41,1,40,33,7,34
Q8N2G6,24,4,20,9,19,5
Q8N5N4,11,0,11,5,6,5
Q8N5R6,84,2,82,34,52,32
Q8NAP1,21,0,21,13,8,13
Q8NBV8,20,2,18,9,11,9
Q8NGI8,35,0,35,29,6,29
Q8TAI1,7,0,7,2,5,2
Q8TCW7,43,0,43,29,14,29
Q8WUD4,3,1,2,1,3,0
Q8WWY8,33,2,31,23,12,21
Q8WY98,8,0,8,7,1,7
Q8WZA8,3,0,3,3,0,3
Q96CV9,62,18,44,27,53,9
Q96HG1,6,0,6,5,1,5
Q96LW4,48,3,45,25,26,22
Q96MB7,32,0,32,20,12,20
Q96R09,30,0,30,28,2,28
Q96RK1,8,0,8,6,2,6
Q96RT8,91,10,81,51,48,43
Q99418,14,2,12,8,8,6
Q99584,11,5,6,6,8,3
Q99715,247,8,239,136,113,134
Q99972,42,2,40,16,26,16
Q9BR09,14,0,14,10,4,10
Q9BVQ7,55,4,51,30,29,26
Q9BXJ3,25,2,23,12,15,10
Q9BXL6,105,20,85,62,63,42
Q9C091,210,0,210,108,102,108
Q9GZZ0,27,0,27,17,10,17
Q9H255,20,0,20,18,2,18
Q9H7M6,59,1,58,34,24,35
Q9H7T3,28,1,27,13,16,12
Q9H8M2,70,15,55,36,49,21
Q9HCJ2,42,0,42,31,11,31
Q9NS84,23,1,22,8,16,7
Q9NX18,14,2,12,7,7,7
Q9NX45,43,1,42,22,22,21
Q9P0V9,33,5,28,18,16,17
Q9UGM1,34,2,32,21,15,19
Q9UGQ2,10,0,10,7,3,7
Q9UIL4,34,0,34,17,17,17
Q9UIX4,34,1,33,20,13,21
Q9UPZ6,127,3,124,85,41,86
Q9Y2A9,19,1,18,10,8,11
Q9Y2H6,127,13,114,76,60,67
Q9Y3S2,36,11,25,21,24,12
Q9Y4G8,197,40,157,108,127,70
Q9Y577,34,2,32,21,15,19
Q9Y5K6,73,26,47,38,59,14
Q9Y6K1,70,13,57,40,43,27
A0A1B0GUV1,5,0,5,1,4,1
A0A286YEX9,1,0,1,1,0,1
A2RRP1,195,16,179,112,87,108
A4FU28,72,4,68,29,47,25
A6NGU7,3,0,3,1,2,1
A6NNM8,56,1,55,31,26,30
O15409,78,4,74,36,46,32
O43819,12,1,11,5,8,4
O60331,71,8,63,34,45,26
O60759,54,7,47,25,36,18
O75015,25,0,25,20,5,20
O75052,50,10,40,24,30,20
O76075,29,0,29,17,12,17
O94766,13,0,13,8,5,8
O94972,107,9,98,58,56,51
O95201,47,3,44,32,18,29
O95822,34,1,33,19,16,18
O95833,16,2,14,7,11,5
P01848,19,0,19,11,8,11
P02144,7,2,5,3,6,1
P04156,14,0,14,7,7,7
P04271,3,0,3,3,0,3
P04632,20,5,15,10,15,5
P08582,56,2,54,35,23,33
P0CW21,3,0,3,1,2,1
P21917,24,2,22,16,10,14
P26038,35,16,19,17,20,15
P29376,72,1,71,39,34,38
P37275,159,42,117,76,109,50
P40199,31,1,30,19,13,18
P41218,31,1,30,17,15,16
P45974,71,12,59,35,40,31
P47736,76,13,63,31,56,20
P57088,20,1,19,14,5,15
P58876,22,11,11,11,22,0
P59796,10,0,10,9,1,9
P61247,15,5,10,7,7,8
P62841,8,3,5,3,8,0
Q07617,66,11,55,30,43,23
Q08554,59,1,58,29,31,28
Q0P6H9,51,0,51,34,17,34
Q13882,32,4,28,23,7,25
Q14694,102,28,74,48,72,30
Q15287,84,20,64,22,80,4
Q2M2H8,215,0,215,161,54,161
Q494W8,27,0,27,21,6,21
Q5CZC0,807,23,784,409,399,408
Q5T197,43,0,43,26,17,26
Q5T6X5,71,2,69,49,20,51
Q6EMB2,144,8,136,64,86,58
Q6NT89,17,1,16,6,12,5
Q6NTF9,44,3,41,33,14,30
Q6NUQ1,60,0,60,41,19,41
Q6NX45,44,0,44,28,16,28
Q70EL4,148,22,126,69,91,57
Q75QN2,74,4,70,50,22,52
Q7Z6L1,128,15,113,80,55,73
Q86YJ6,33,0,33,21,12,21
Q8IXF9,18,0,18,15,3,15
Q8IYJ1,40,1,39,26,13,27
Q8NFP9,282,23,259,167,112,170
Q8TEA8,23,6,17,12,17,6
Q8WW36,9,1,8,6,4,5
Q92772,32,1,31,16,15,17
Q92917,37,11,26,18,30,7
Q969T7,14,0,14,8,6,8
Q96A33,27,1,26,15,13,14
Q96BH3,21,0,21,19,2,19
Q96BP3,41,2,39,24,19,22
Q96DR8,3,0,3,2,1,2
Q96I51,36,2,34,23,13,23
Q96RK0,250,67,183,120,193,57
Q96RQ9,36,0,36,13,23,13
Q96T23,218,73,145,97,188,30
Q99572,39,2,37,29,10,29
Q99708,113,27,86,53,81,32
Q9BPX7,34,3,31,16,21,13
Q9BSJ5,64,4,60,30,36,28
Q9BY12,113,12,101,62,59,54
Q9H1V8,58,5,53,36,25,33
Q9H3Q1,73,28,45,36,55,18
Q9H4I8,29,0,29,18,11,18
Q9H4S2,28,0,28,13,15,13
Q9H693,14,0,14,10,4,10
Q9H6Q3,33,2,31,8,27,6
Q9H875,16,7,9,9,8,8
Q9HB66,4,0,4,0,4,0
Q9NQ69,30,1,29,19,12,18
Q9P2X7,3,0,3,0,3,0
Q9UHD8,73,27,46,36,62,11
Q9UIG0,145,41,104,70,112,33
Q9UKT4,57,10,47,25,34,23
Q9Y4C2,53,0,53,38,15,38
Q9Y4D2,105,14,91,49,66,39
Q9Y5G7,82,0,82,52,30,52
Q9Y5I3,85,1,84,48,38,47
Q9Y693,12,0,12,7,5,7
Q9Y6I7,36,3,33,20,19,17
A0A075B6K0,13,0,13,9,4,9
A0A1B0GTE1,47,0,47,25,22,25
A0A6Q8PHS2,4,0,4,1,3,1
A0PK05,21,0,21,16,5,16
A6NML5,11,0,11,10,1,10
B6SEH9,50,0,50,30,20,30
B7Z8K6,12,0,12,6,6,6
O00303,29,3,26,18,12,17
O15350,64,4,60,37,25,39
O15382,17,0,17,11,6,11
O15492,17,0,17,7,10,7
O60284,107,4,103,40,71,36
O60841,107,37,70,52,78,29
O75368,7,2,5,3,6,1
O75437,49,4,45,28,23,26
O94761,93,11,82,41,61,32
O94880,122,36,86,59,73,49
O96013,70,22,48,33,47,23
O96020,31,6,25,16,19,12
P01189,23,3,20,7,19,4
P02655,10,2,8,5,7,3
P02814,1,0,1,1,0,1
P06312,16,0,16,12,4,12
P07510,28,0,28,19,9,19
P0CH98,22,0,22,22,0,22
P0DTE0,26,0,26,22,4,22
P13646,45,8,37,22,29,16
P15169,23,1,22,13,11,12
P21796,34,16,18,18,20,14
P22087,18,3,15,12,9,9
P24530,32,5,27,19,18,14
P33176,78,16,62,40,42,36
P40259,14,0,14,10,4,10
P42575,26,3,23,13,16,10
P48651,35,8,27,22,19,16
P50583,2,0,2,0,2,0
P51575,17,2,15,11,8,9
P51843,32,2,30,23,11,21
P58753,28,0,28,14,14,14
P62263,15,6,9,8,11,4
P84074,15,2,13,10,7,8
P98172,30,5,25,11,22,8
Q04446,51,2,49,35,18,33
Q13202,64,1,63,31,34,30
Q13322,64,11,53,36,39,25
Q13360,47,2,45,34,13,34
Q15049,42,4,38,30,16,26
Q16695,9,3,6,4,8,1
Q16821,139,10,129,75,70,69
Q59EK9,54,5,49,29,26,28
Q5H9M0,76,3,73,39,40,36
Q5MJ09,16,0,16,3,13,3
Q5T4F7,15,0,15,12,3,12
Q5T750,24,0,24,18,6,18
Q5VTQ0,64,3,61,37,30,34
Q5VY43,93,6,87,67,32,61
Q641Q3,18,2,16,10,8,10
Q6N022,230,8,222,120,114,116
Q6NT46,4,1,3,2,3,1
Q6PD74,31,4,27,20,13,18
Q6ZN03,46,5,41,22,29,17
Q6ZW61,69,0,69,54,15,54
Q7Z494,99,0,99,53,46,53
Q7Z4H7,132,36,96,69,93,39
Q86SE9,13,0,13,10,3,10
Q86WT6,28,0,28,15,13,15
Q8IUY3,38,1,37,20,19,19
Q8IWF2,45,0,45,17,28,17
Q8IXJ9,185,6,179,82,109,76
Q8IY92,260,54,206,114,194,66
Q8N1C3,31,0,31,24,7,24
Q8N1T3,56,4,52,29,23,33
Q8N257,22,11,11,11,22,0
Q8N344,55,7,48,29,31,24
Q8N3S3,81,5,76,45,35,46
Q8NAP3,137,16,121,76,77,60
Q8TF30,59,10,49,26,41,18
Q8WVM7,103,18,85,55,60,43
Q92786,91,14,77,39,64,27
Q92988,25,1,24,13,13,12
Q96RU7,20,3,17,9,12,8
Q99759,96,28,68,44,78,18
Q9BQD1,4,0,4,2,2,2
Q9BTC8,66,12,54,39,35,31
Q9BYB0,155,0,155,44,111,44
Q9GZZ8,12,0,12,4,8,4
Q9H040,58,5,53,31,32,26
Q9H252,89,1,88,43,47,42
Q9H841,27,0,27,20,7,20
Q9HB19,50,12,38,23,33,17
Q9HCK5,47,2,45,22,27,20
Q9NR00,7,0,7,3,4,3
Q9NYG8,25,0,25,12,13,12
Q9UIG5,12,0,12,9,3,9
Q9ULS5,46,6,40,21,29,17
Q9UNA1,88,5,83,44,47,41
Q9Y239,65,1,64,38,28,37
Q9Y312,27,3,24,16,12,15
Q9Y5J9,4,0,4,2,2,2
A0A1B0GVT2,6,0,6,4,2,4
A2A3N6,72,0,72,36,36,36
A6NFT4,6,0,6,3,3,3
A6NGA9,27,0,27,15,12,15
A8MYA2,50,0,50,16,34,16
C9JR72,19,0,19,9,10,9
O00526,18,0,18,9,9,9
O00750,132,10,122,58,78,54
O14613,23,4,19,11,16,7
O95258,19,0,19,12,7,12
O95397,30,0,30,16,14,16
P02549,142,14,128,68,86,56
P04179,8,0,8,6,2,6
P07711,21,0,21,15,6,15
P08172,47,12,35,25,32,15
P0DPD6,61,0,61,30,31,30
P18621,13,4,9,7,8,5
P29466,37,4,33,20,21,16
P35250,17,2,15,12,7,10
P49715,23,4,19,14,11,12
P50452,23,2,21,14,9,14
P51530,84,0,84,47,37,47
P55899,30,1,29,16,15,15
P61088,5,0,5,3,2,3
P62987,8,4,4,4,8,0
P78562,48,0,48,24,24,24
Q12952,30,0,30,11,19,11
Q13286,50,3,47,36,17,33
Q13425,66,21,45,33,44,22
Q13610,55,7,48,34,28,27
Q15058,193,31,162,106,100,93
Q15760,42,1,41,32,11,31
Q2KJY2,357,50,307,139,264,93
Q3MIW9,52,0,52,26,26,26
Q3YEC7,80,22,58,33,65,15
Q401N2,32,0,32,23,9,23
Q4AE62,34,0,34,22,12,22
Q4G0X4,24,1,23,20,5,19
Q5T9G4,28,3,25,17,10,18
Q5TH74,43,4,39,19,24,19
Q5VZ03,4,0,4,4,0,4
Q6ICG6,53,15,38,22,44,9
Q6P444,56,13,43,31,32,24
Q6UWB4,26,0,26,13,13,13
Q6UWF5,9,0,9,6,3,6
Q6UWQ5,7,0,7,6,1,6
Q6UX04,44,11,33,21,26,18
Q6UXB3,8,0,8,7,1,7
Q6ZS30,252,21,231,149,118,134
Q6ZSK4,13,0,13,8,5,8
Q86WK7,39,4,35,21,22,17
Q86WQ0,10,0,10,7,3,7
Q8IU80,61,0,61,45,16,45
Q8IY81,78,28,50,40,64,14
Q8IYX4,21,0,21,8,13,8
Q8N5C1,28,0,28,17,11,17
Q8NG98,33,0,33,30,3,30
Q8NHW5,21,3,18,12,12,9
Q8TCT0,46,3,43,31,16,30
Q8WU03,18,1,17,12,5,13
Q8WU49,15,0,15,6,9,6
Q8WYB5,257,20,237,133,144,113
Q96CS3,31,7,24,14,24,7
Q96HJ5,23,0,23,18,5,18
Q96HP0,189,28,161,95,120,69
Q96IU2,12,2,10,5,9,3
Q96JA3,42,4,38,23,19,23
Q96LD8,19,1,18,13,7,12
Q96MZ4,18,1,17,6,11,7
Q99665,81,1,80,52,30,51
Q99958,51,11,40,26,34,17
Q99959,125,42,83,71,82,43
Q9BRQ4,24,0,24,14,10,14
Q9BVC5,36,13,23,19,30,6
Q9BW62,33,2,31,15,20,13
Q9BXS5,41,7,34,22,26,15
Q9BY76,31,1,30,14,18,13
Q9BZW5,15,0,15,13,2,13
Q9H0U6,14,1,13,9,4,10
Q9H1A3,23,0,23,14,9,14
Q9H6S1,54,18,36,26,30,24
Q9HCN3,72,0,72,46,26,46
Q9HD20,93,11,82,57,45,48
Q9NP86,2,0,2,1,1,1
Q9NR48,381,46,335,158,263,118
Q9NR77,6,0,6,4,2,4
Q9NVX0,10,0,10,9,1,9
Q9P0X4,182,4,178,82,102,80
Q9P2H5,89,7,82,52,44,45
Q9UGQ3,39,3,36,20,18,21
Q9UHG2,7,0,7,1,6,1
Q9UHX1,41,8,33,24,23,18
Q9UN42,21,0,21,10,11,10
Q9UPW5,98,2,96,56,44,54
Q9Y2P5,31,2,29,17,16,15
Q9Y2T4,43,2,41,21,24,19
Q9Y2X8,10,1,9,6,5,5
Q9Y3B6,5,0,5,4,1,4
X6R8R1,37,0,37,18,19,18
A0A075B6I3,19,0,19,6,13,6
A0A2R8YEV3,24,0,24,21,3,21
A6NGK3,3,0,3,1,2,1
A8K554,5,0,5,3,2,3
A8MUU1,4,0,4,3,1,3
B6SEH8,45,0,45,28,17,28
O00468,156,8,148,93,67,89
O00629,34,4,30,25,11,23
O15247,12,2,10,6,8,4
O43502,23,1,22,15,9,14
O60304,34,3,31,17,18,16
O60895,5,0,5,5,0,5
O75077,66,2,64,44,24,42
O75570,21,1,20,9,13,8
O75909,35,5,30,21,19,16
O95219,31,5,26,18,16,15
O95696,98,26,72,50,62,36
O95947,30,0,30,21,9,21
P00414,18,0,18,15,3,15
P05423,21,5,16,11,13,8
P06241,39,9,30,26,20,19
P06727,19,1,18,8,12,7
P07900,75,34,41,39,44,31
P0C091,154,3,151,81,76,78
P0DPF3,95,0,95,71,24,71
P0DX02,16,0,16,10,6,10
P10243,63,5,58,33,35,28
P13612,84,2,82,40,44,40
P16219,23,1,22,15,9,14
P18615,68,30,38,33,55,13
P27037,25,2,23,18,9,16
P41238,17,2,15,11,6,11
P48449,38,1,37,28,11,27
P50897,19,0,19,12,7,12
P52823,22,0,22,12,10,12
P52895,21,4,17,14,11,10
P56181,15,6,9,8,13,2
P56589,35,5,30,18,22,13
P57796,15,0,15,4,11,4
P60008,18,0,18,4,14,4
P62081,15,5,10,7,5,10
P78356,33,6,27,18,15,18
Q00722,92,12,80,46,54,38
Q06187,69,17,52,33,37,32
Q13002,72,5,67,45,28,44
Q13952,31,0,31,16,15,16
Q14202,144,27,117,68,91,53
Q14571,178,11,167,96,91,87
Q147U7,9,0,9,3,6,3
Q15847,6,3,3,3,6,0
Q502X0,2,0,2,1,1,1
Q53LP3,58,13,45,21,46,12
Q56UN5,142,2,140,71,71,71
Q5EBL8,5,0,5,4,1,4
Q5T2R2,32,1,31,14,17,15
Q6P9B9,86,3,83,57,32,54
Q6ZR62,20,0,20,13,7,13
Q6ZRC1,19,0,19,11,8,11
Q6ZTI6,22,0,22,10,12,10
Q7Z5M5,106,3,103,48,61,45
Q7Z6G8,136,15,121,64,85,51
Q86XN6,59,0,59,45,14,45
Q86XX4,335,2,333,197,136,199
Q8IVJ8,7,0,7,5,2,5
Q8IZ21,108,38,70,54,88,20
Q8IZN7,1,0,1,0,1,0
Q8N3J5,28,1,27,9,18,10
Q8N697,44,4,40,32,14,30
Q8NDV2,25,0,25,20,5,20
Q8NGK4,14,0,14,12,2,12
Q8WVD5,23,1,22,16,6,17
Q96E17,17,1,16,13,5,12
Q96I23,6,0,6,2,4,2
Q96K58,57,7,50,27,33,24
Q96MF2,13,1,12,6,8,5
Q96MS0,150,3,147,68,83,67
Q96NG8,35,0,35,25,10,25
Q96NI8,38,0,38,32,6,32
Q96QG7,38,0,38,29,9,29
Q9BVG4,16,3,13,9,10,6
Q9BZX2,16,1,15,8,9,7
Q9GZM6,30,0,30,28,2,28
Q9GZT4,20,0,20,10,10,10
Q9H0A8,22,1,21,15,8,14
Q9H3E2,58,4,54,30,30,28
Q9H6S0,145,27,118,76,96,49
Q9H6U8,44,2,42,32,14,30
Q9NPC4,20,2,18,13,5,15
Q9NQ36,63,0,63,41,22,41
Q9NX52,17,0,17,9,8,9
Q9NZC2,17,0,17,15,2,15
Q9P1P4,32,0,32,24,8,24
Q9UBR2,19,1,18,13,7,12
Q9UBS0,39,9,30,16,30,9
Q9UEU0,24,9,15,12,17,7
Q9UGJ1,50,2,48,35,17,33
Q9UGY1,22,7,15,8,19,3
Q9UL16,21,1,20,5,17,4
Q9UPV9,106,12,94,53,65,41
Q9Y2H5,171,58,113,80,147,24
A0A075B6S5,15,0,15,11,4,11
A0A087WSX0,20,0,20,10,10,10
A0A0A0MS04,7,0,7,5,2,5
A0A0B4J275,12,0,12,6,6,6
A0A0G2JN01,33,0,33,20,13,20
A0A2R8YD15,3,0,3,2,1,2
A0A2Z4LIS9,29,0,29,12,17,12
A2RUS2,90,8,82,57,41,49
A6NDN3,41,0,41,11,30,11
A6NHJ4,44,0,44,27,17,27
E9PAV3,278,19,259,99,198,80
O43396,19,4,15,12,7,12
O60669,47,4,43,32,19,28
O75165,147,5,142,83,65,82
O75956,14,0,14,6,8,6
O95484,10,1,9,6,5,5
P08519,167,0,167,119,48,119
P0DMU2,33,0,33,28,5,28
P14174,13,4,9,7,10,3
P20396,10,0,10,6,4,6
P21452,24,1,23,16,9,15
P23415,32,0,32,17,15,17
P23677,37,5,32,16,24,13
P27105,24,6,18,12,18,6
P28072,21,5,16,11,15,6
P30048,28,5,23,18,15,13
P36404,13,2,11,8,7,6
P43304,52,5,47,29,28,24
P43626,35,0,35,24,11,24
P46977,54,0,54,32,22,32
P48595,36,2,34,21,17,19
P49908,33,1,32,21,13,20
P53539,44,3,41,22,25,19
P54725,46,16,30,25,31,15
P57740,77,16,61,39,46,31
P62699,9,1,8,4,6,3
Q03692,25,0,25,9,16,9
Q03924,30,0,30,22,8,22
Q0VDE8,6,0,6,5,1,5
Q12770,118,14,104,71,57,61
Q13217,29,1,28,15,15,14
Q13489,57,4,53,31,30,27
Q13936,162,6,156,91,75,87
Q14CW9,57,11,46,21,45,12
Q16820,67,1,66,42,26,41
Q53TQ3,115,6,109,56,65,50
Q5HY64,102,3,99,44,59,43
Q5MNZ9,53,1,52,29,25,28
Q5T160,41,0,41,21,20,21
Q5VWP3,184,7,177,81,110,74
Q6FHJ7,23,1,22,10,14,9
Q6ICC9,23,3,20,9,17,6
Q6WRI0,258,4,254,143,117,141
Q6ZNK6,13,0,13,6,7,6
Q6ZW76,73,13,60,33,51,22
Q70CQ1,49,0,49,23,26,23
Q75WM6,19,0,19,5,14,5
Q7Z2H8,36,0,36,25,11,25
Q86SI9,7,0,7,4,3,4
Q86TB9,69,13,56,40,36,33
Q86XK7,32,0,32,22,10,22
Q86XQ3,27,0,27,17,10,17
Q86YA3,222,0,222,114,108,114
Q8IVV7,25,1,24,13,13,12
Q8N556,107,37,70,56,74,33
Q8N584,38,0,38,21,17,21
Q8NCA5,38,1,37,13,26,12
Q8NFF5,41,4,37,23,20,21
Q8NGR8,28,0,28,23,5,23
Q8NH18,30,0,30,22,8,22
Q8TAD2,11,0,11,3,8,3
Q8TCJ2,65,8,57,47,26,39
Q8TD19,105,33,72,55,83,22
Q8WU79,49,15,34,27,35,14
Q8WW32,11,0,11,4,7,4
Q8WWW8,93,9,84,48,52,41
Q96C28,20,0,20,14,6,14
Q96LT7,34,0,34,26,8,26
Q99504,82,12,70,40,54,28
Q99871,34,4,30,17,19,15
Q9BQG1,42,0,42,22,20,22
Q9BV57,3,1,2,1,1,2
Q9BXY0,30,11,19,15,26,4
Q9BYR9,8,0,8,8,0,8
Q9H3R5,18,3,15,7,12,6
Q9H936,16,0,16,5,11,5
Q9H9B1,141,28,113,73,96,45
Q9NQ94,24,2,22,11,13,11
Q9NRP7,129,7,122,80,56,73
Q9NRW4,11,0,11,5,6,5
Q9NS18,13,1,12,6,8,5
Q9NYR8,22,0,22,16,6,16
Q9UBQ7,18,3,15,14,7,11
Q9UHG3,37,1,36,25,11,26
Q9UI12,34,2,32,18,18,16
Q9UN37,35,5,30,13,27,8
Q9UQ03,26,0,26,17,9,17
Q9Y2M5,41,2,39,21,20,21
Q9Y5G2,79,3,76,45,33,46
A0A1B0GTQ1,19,0,19,9,10,9
A0A1B0GUZ9,2,0,2,2,0,2
A0A1W2PQF6,22,0,22,18,4,18
A8MXZ1,42,0,42,23,19,23
A9Z1Z3,89,0,89,49,40,49
O00311,56,6,50,29,33,23
O15041,47,0,47,23,24,23
O15090,148,4,144,64,86,62
O15444,13,0,13,4,9,4
O60220,5,2,3,3,0,5
O60306,74,4,70,49,29,45
O60347,66,6,60,31,39,27
O75791,30,6,24,12,22,8
O75952,70,17,53,32,51,19
O94805,28,1,27,14,15,13
O94952,37,3,34,25,15,22
O95319,40,2,38,22,20,20
O95336,17,3,14,10,10,7
O95665,35,0,35,20,15,20
O95803,64,0,64,42,22,42
O96008,30,4,26,18,16,14
P0C0L5,149,3,146,68,82,67
P0C5Y9,9,0,9,4,5,4
P0C7M4,17,0,17,11,6,11
P0DMW4,5,0,5,4,1,4
P10746,25,2,23,16,11,14
P13645,100,19,81,34,83,17
P14384,26,0,26,18,8,18
P17707,34,3,31,22,11,23
P20933,21,0,21,11,10,11
P24539,11,2,9,6,7,4
P40238,63,1,62,35,27,36
P42898,50,7,43,27,30,20
P46093,26,0,26,17,9,17
P47898,32,0,32,21,11,21
P55774,4,0,4,3,1,3
P80192,121,14,107,48,83,38
Q01523,8,0,8,3,5,3
Q02548,47,2,45,30,19,28
Q03989,55,9,46,21,39,16
Q04756,54,0,54,31,23,31
Q05901,39,0,39,27,12,27
Q12947,72,2,70,45,29,43
Q13797,75,1,74,39,37,38
Q14135,50,15,35,23,38,12
Q14236,8,0,8,6,2,6
Q14773,24,0,24,10,14,10
Q15005,24,3,21,10,15,9
Q15828,8,0,8,6,2,6
Q5JPB2,187,8,179,70,123,64
Q5XKP0,9,0,9,5,4,5
Q6AI12,26,2,24,15,11,15
Q6IMI6,15,0,15,6,9,6
Q6IMN6,144,11,133,56,93,51
Q6P1K1,13,0,13,10,3,10
Q6PIF6,139,5,134,85,59,80
Q6RI45,197,18,179,83,130,67
Q76NI1,161,6,155,73,92,69
Q7Z6P3,75,0,75,25,50,25
Q86U06,49,7,42,19,37,12
Q86V25,41,12,29,20,33,8
Q86Y78,11,0,11,9,2,9
Q8IWX7,46,4,42,27,19,27
Q8N123,23,0,23,8,15,8
Q8N2U9,17,1,16,12,6,11
Q8N412,48,3,45,24,25,23
Q8N9A8,6,0,6,5,1,5
Q8NEM1,31,0,31,22,9,22
Q8NFY4,121,15,106,56,80,41
Q8NG75,26,0,26,17,9,17
Q8NHS9,32,0,32,17,15,17
Q8WXA3,41,6,35,19,28,13
Q969X2,29,0,29,15,14,15
Q96A08,22,8,14,9,19,3
Q96FM1,22,0,22,19,3,19
Q96JC1,45,2,43,30,17,28
Q96RG2,151,25,126,93,81,70
Q99466,131,4,127,95,38,93
Q99538,25,0,25,12,13,12
Q9BQI0,10,2,8,5,7,3
Q9BRV3,13,0,13,9,4,9
Q9BUX1,10,0,10,4,6,4
Q9BVK2,41,4,37,33,4,37
Q9H0X6,21,3,18,12,12,9
Q9H3T2,77,1,76,43,35,42
Q9H5P4,113,2,111,37,78,35
Q9H869,69,9,60,31,45,24
Q9NPB8,57,6,51,36,21,36
Q9NQV8,71,1,70,27,45,26
Q9NRA8,177,62,115,81,152,25
Q9NRG1,11,0,11,2,9,2
Q9NWB6,31,10,21,11,30,1
Q9NZ38,16,1,15,7,10,6
Q9P0T7,10,2,8,8,4,6
Q9P289,38,9,29,23,22,16
Q9P2K3,37,5,32,17,25,12
Q9UJV3,65,2,63,42,25,40
Q9UP65,32,1,31,17,16,16
Q9UQ49,38,6,32,25,17,21
Q9Y676,23,5,18,8,16,7
A0A0B4J234,12,0,12,7,5,7
A0A286YF58,40,0,40,21,19,21
A0A3B3IRV3,7,0,7,6,1,6
A0A3B3IT45,31,0,31,23,8,23
A0A8V8TPP0,6,0,6,0,6,0
A6NJ78,28,3,25,11,20,8
A6NJL1,45,3,42,19,29,16
A8MQ11,8,0,8,6,2,6
D6REC4,34,0,34,15,19,15
O00487,20,4,16,14,10,10
O14530,12,2,10,7,7,5
O43657,13,1,12,8,6,7
O43680,15,0,15,3,12,3
O60239,59,10,49,22,45,14
O75116,97,15,82,41,65,32
O75146,93,13,80,45,57,36
O76090,38,1,37,17,22,16
O95206,79,3,76,34,48,31
P05060,85,29,56,41,63,22
P05154,40,2,38,27,13,27
P08581,135,18,117,83,56,79
P15822,438,75,363,225,268,170
P17020,75,6,69,44,35,40
P17482,23,1,22,12,12,11
P20930,1004,30,974,249,783,221
P22492,29,4,25,10,21,8
P25024,17,0,17,12,5,12
P28289,19,1,18,12,8,11
P29377,4,1,3,1,4,0
P33261,28,2,26,19,11,17
P41970,73,15,58,36,48,25
P48066,37,2,35,28,11,26
P48735,25,5,20,16,14,11
P57059,76,12,64,38,46,30
P58012,26,7,19,15,18,8
P61457,3,0,3,3,0,3
P83105,31,0,31,18,13,18
Q12959,113,31,82,60,78,35
Q12999,13,0,13,11,2,11
Q14671,147,31,116,85,87,60
Q15012,14,0,14,11,3,11
Q15569,55,10,45,20,41,14
Q53G59,42,0,42,24,18,24
Q5R372,86,11,75,47,44,42
Q5T0N5,41,5,36,17,29,12
Q5T4T6,83,1,82,39,43,40
Q6PFW1,144,13,131,82,71,73
Q6PIZ9,16,0,16,9,7,9
Q6UB35,57,3,54,23,37,20
Q6UWN8,5,0,5,2,3,2
Q6UX07,24,0,24,13,11,13
Q6ZQQ2,210,5,205,109,100,110
Q6ZWB6,51,0,51,24,27,24
Q71RC2,102,28,74,56,58,44
Q75VX8,89,0,89,35,54,35
Q8IV77,31,0,31,22,9,22
Q8IVF5,204,9,195,98,111,93
Q8IYM0,77,4,73,31,48,29
Q8N0W4,42,0,42,26,16,26
Q8N2A0,26,0,26,17,9,17
Q8N4T0,32,0,32,19,13,19
Q8NDM7,122,2,120,74,48,74
Q8NFJ9,36,2,34,18,16,20
Q8NGC5,33,0,33,24,9,24
Q8NGQ2,22,0,22,19,3,19
Q8TBR7,16,0,16,13,3,13
Q8TDN4,74,20,54,36,58,16
Q8WUA8,36,0,36,23,13,23
Q8WVD3,24,4,20,14,14,10
Q96AP7,51,9,42,28,20,31
Q96L93,103,21,82,50,70,33
Q96N06,19,3,16,9,13,6
Q96PX8,51,1,50,30,22,29
Q96QD8,60,11,49,43,18,42
Q99567,77,21,56,43,47,30
Q9BXX2,103,7,96,50,60,43
Q9BZW2,40,0,40,31,9,31
Q9GZQ4,35,0,35,29,6,29
Q9H0A9,35,1,34,9,27,8
Q9H3G5,27,0,27,12,15,12
Q9H6U6,129,27,102,71,83,46
Q9HB20,46,9,37,19,36,10
Q9HB31,22,0,22,11,11,11
Q9NPH9,14,0,14,8,6,8
Q9NSI6,305,44,261,134,213,92
Q9NTW7,61,3,58,42,22,39
Q9NVE7,58,5,53,32,31,27
Q9NVV0,30,5,25,22,11,19
Q9NVX7,39,0,39,28,11,28
Q9NWQ9,12,0,12,8,4,8
Q9NY93,34,4,30,14,24,10
Q9P2G9,45,0,45,27,18,27
Q9P2T0,37,3,34,18,22,15
Q9UFC0,62,12,50,37,37,25
Q9UJT1,45,0,45,28,17,28
Q9UKK6,13,1,12,6,8,5
Q9ULG1,174,20,154,85,109,65
Q9Y5H5,86,1,85,47,40,46
Q9Y5M1,10,0,10,5,5,5
A0A2R8Y556,1,0,1,1,0,1
A6NIR3,86,0,86,40,46,40
A6NJW4,16,1,15,12,5,11
B9A064,28,5,23,14,15,13
O00459,47,8,39,20,29,18
O14579,25,7,18,10,22,3
O14628,51,3,48,36,18,33
O15169,86,11,75,30,67,19
O15428,8,0,8,1,7,1
O43639,46,12,34,25,33,13
O60224,9,0,9,3,6,3
O75037,156,17,139,77,92,64
O75521,40,10,30,18,30,10
P06028,11,0,11,10,1,10
P17568,3,1,2,1,1,2
P28324,67,9,58,38,38,29
P31483,34,5,29,16,21,13
P48380,75,6,69,46,35,40
P52429,26,0,26,14,12,14
P52569,63,9,54,41,31,32
P55160,95,5,90,67,33,62
P55209,17,5,12,9,11,6
P55808,11,0,11,5,6,5
P56134,9,1,8,6,4,5
Q05086,59,6,53,31,32,27
Q06210,46,7,39,27,22,24
Q08830,19,0,19,12,7,12
Q08AN1,62,4,58,42,22,40
Q12772,133,16,117,70,77,56
Q12906,124,45,79,61,82,42
Q14BN4,72,10,62,33,47,25
Q14CZ8,51,8,43,20,39,12
Q15040,11,2,9,6,7,4
Q15735,133,13,120,62,84,49
Q16584,98,31,67,42,77,21
Q16585,27,0,27,12,15,12
Q16864,4,1,3,2,1,3
Q3MHD2,19,2,17,10,7,12
Q3SXZ7,21,1,20,10,12,9
Q53FD0,49,0,49,19,30,19
Q5JX69,14,2,12,7,9,5
Q5JY77,145,0,145,72,73,72
Q5NE16,17,0,17,6,11,6
Q5TBB1,26,4,22,14,16,10
Q5TZK3,10,0,10,3,7,3
Q5VXU1,10,0,10,8,2,8
Q5W0B1,142,34,108,72,88,54
Q6P0N0,145,54,91,69,90,55
Q6P9G4,12,0,12,6,6,6
Q6UXP7,20,0,20,16,4,16
Q6ZMB0,19,0,19,10,9,10
Q6ZTQ3,29,0,29,13,16,13
Q8IUI8,33,1,32,18,14,19
Q8IUK8,21,0,21,9,12,9
Q8N144,12,0,12,8,4,8
Q8N157,113,14,99,55,72,41
Q8N1A0,15,0,15,8,7,8
Q8N841,89,2,87,41,50,39
Q8NG35,4,0,4,2,2,2
Q8TAT6,43,4,39,26,17,26
Q8WW12,32,11,21,14,29,3
Q92597,49,18,31,25,42,7
Q92925,28,5,23,14,17,11
Q92934,38,15,23,17,36,2
Q969L4,4,0,4,2,2,2
Q96GD3,65,3,62,26,42,23
Q96HJ9,6,1,5,3,4,2
Q96HN2,58,17,41,29,46,12
Q96IF1,66,21,45,33,50,16
Q96N96,70,28,42,46,50,20
Q96PE6,33,0,33,22,11,22
Q96SZ6,54,2,52,27,29,25
Q96T37,187,70,117,83,170,17
Q9BQ65,18,1,17,6,13,5
Q9BQC6,3,0,3,0,3,0
Q9BVS5,43,0,43,22,21,22
Q9BXK5,76,21,55,44,47,29
Q9BY89,311,106,205,143,264,47
Q9BYN8,3,0,3,1,2,1
Q9GZK3,29,0,29,25,4,25
Q9H0K4,44,0,44,25,19,25
Q9H3L0,21,0,21,14,7,14
Q9H6X5,95,6,89,42,59,36
Q9H972,55,10,45,25,38,17
Q9HAH7,35,7,28,16,26,9
Q9HAT8,31,4,27,13,18,13
Q9HCE5,24,2,22,12,14,10
Q9NPG3,173,29,144,81,117,56
Q9NR30,84,27,57,40,67,17
Q9NSC5,30,7,23,15,22,8
Q9NWB1,23,0,23,14,9,14
Q9NXR5,39,0,39,24,15,24
Q9NZ09,61,8,53,34,27,34
Q9UIY3,13,0,13,8,5,8
Q9UN67,61,0,61,44,17,44
Q9UNA4,79,4,75,37,46,33
Q9UPP2,106,4,102,47,63,43
Q9Y5J5,3,0,3,1,2,1
Q9Y6Y1,215,3,212,118,100,115
A0A1B0GVY4,5,0,5,2,3,2
A6NC62,6,0,6,3,3,3
A8MYZ5,4,0,4,3,1,3
H3BQJ8,11,0,11,7,4,7
O14756,18,0,18,14,4,14
O15318,7,1,6,2,6,1
O15539,15,2,13,8,9,6
O60232,16,4,12,9,7,9
O60755,18,0,18,12,6,12
O60763,94,16,78,50,44,50
O60828,26,5,21,12,15,11
P00746,14,0,14,7,7,7
P04746,32,1,31,19,14,18
P0CG39,80,3,77,50,33,47
P10242,58,5,53,34,29,29
P13674,30,2,28,16,14,16
P15954,6,1,5,3,4,2
P21757,37,4,33,19,16,21
P22307,41,8,33,26,15,26
P28062,32,5,27,12,25,7
P31323,23,5,18,10,16,7
P31943,52,18,34,25,43,9
P34931,37,9,28,17,19,18
P47972,23,2,21,10,15,8
P48304,25,0,25,15,10,15
P48552,173,14,159,77,108,65
P49221,54,3,51,28,29,25
P50876,10,0,10,7,3,7
P61981,29,11,18,13,23,6
P62166,6,0,6,4,2,4
Q00266,21,1,20,12,8,13
Q01814,90,16,74,50,44,46
Q03591,31,0,31,16,15,16
Q07343,90,14,76,52,48,42
Q07699,14,0,14,7,7,7
Q12864,56,2,54,34,22,34
Q13155,27,4,23,18,11,16
Q13467,37,0,37,23,14,23
Q14164,54,5,49,32,27,27
Q14749,19,2,17,12,9,10
Q15011,32,2,30,16,18,14
Q29980,27,1,26,21,7,20
Q3KP31,44,1,43,37,8,36
Q53GI3,54,5,49,28,29,25
Q5M7Z0,50,5,45,29,24,26
Q5R3I4,31,1,30,22,10,21
Q5SY80,70,1,69,47,24,46
Q5TCX8,131,26,105,60,89,42
Q641Q2,229,88,141,108,205,24
Q6AI08,150,24,126,89,73,77
Q6IQ23,159,50,109,75,118,41
Q6IS14,10,2,8,6,4,6
Q6NXT2,8,2,6,4,6,2
Q71F78,15,0,15,2,13,2
Q7L945,36,0,36,28,8,28
Q7RTS5,32,2,30,21,13,19
Q7Z412,21,0,21,12,9,12
Q86U28,19,5,14,9,13,6
Q86UG4,53,0,53,33,20,33
Q8IX18,48,2,46,28,22,26
Q8IY17,125,17,108,67,73,52
Q8IYI8,49,3,46,27,23,26
Q8N614,25,0,25,15,10,15
Q8N6M9,4,0,4,3,1,3
Q8NEM0,118,19,99,55,78,40
Q8NHA6,18,0,18,15,3,15
Q8TDQ7,10,0,10,5,5,5
Q8TDY2,162,36,126,79,111,51
Q8TE69,3,0,3,2,1,2
Q8WUJ1,17,0,17,9,8,9
Q8WVE7,11,1,10,6,4,7
Q8WYK1,130,1,129,86,43,87
Q93038,23,0,23,15,8,15
Q96DM3,55,6,49,32,29,26
Q96DR7,113,19,94,47,77,36
Q96JN2,103,4,99,46,59,44
Q96LB8,26,1,25,14,11,15
Q96N11,32,0,32,18,14,18
Q96QZ7,152,25,127,72,99,53
Q9BRL6,95,29,66,30,94,1
Q9BX97,29,1,28,17,13,16
Q9BXJ0,17,0,17,11,6,11
Q9C0H6,45,1,44,25,21,24
Q9H0J4,126,1,125,47,80,46
Q9H0S4,26,3,23,15,12,14
Q9H4G4,15,3,12,4,12,3
Q9H707,47,6,41,32,15,32
Q9H8T0,22,2,20,10,12,10
Q9HD90,36,0,36,19,17,19
Q9NPD3,13,3,10,8,4,9
Q9NS28,22,3,19,12,13,9
Q9NVH0,51,5,46,27,27,24
Q9NXH8,26,5,21,18,13,13
Q9NZ94,53,2,51,31,24,29
Q9P0M6,42,5,37,18,27,15
Q9UBB5,39,5,34,16,26,13
Q9ULK4,92,2,90,62,30,62
Q9Y2Q3,16,4,12,6,14,2
Q9Y3Q0,52,0,52,26,26,26
Q9Y535,13,0,13,6,7,6
A0A126GWI2,20,0,20,18,2,18
A0A1B0GTU1,85,0,85,32,53,32
H0YKK7,27,0,27,10,17,10
O15480,27,0,27,8,19,8
O43602,52,10,42,21,39,13
O43617,10,0,10,5,5,5
O60290,85,3,82,54,34,51
O75995,68,30,38,35,55,13
O95613,338,78,260,165,201,137
P00709,8,0,8,6,2,6
P01857,46,4,42,35,13,33
P02771,44,8,36,29,21,23
P04183,15,5,10,7,7,8
P05019,15,0,15,8,7,8
P07197,121,35,86,51,99,22
P08590,4,1,3,2,3,1
P0DJD0,220,52,168,130,142,78
P0DP75,10,0,10,1,9,1
P11172,36,5,31,20,19,17
P11684,8,0,8,6,2,6
P12544,16,0,16,9,7,9
P19438,37,3,34,21,19,18
P27930,27,1,26,18,10,17
P28908,65,8,57,34,37,28
P30203,75,2,73,43,30,45
P31273,24,0,24,11,13,11
P34820,24,1,23,19,6,18
P41240,25,3,22,16,8,17
P47900,32,2,30,19,15,17
P48668,67,14,53,25,56,11
P60413,43,0,43,39,4,39
P61218,2,0,2,1,1,1
P78537,8,3,5,4,7,1
P82933,23,3,20,13,7,16
Q01813,46,5,41,26,21,25
Q12766,123,2,121,68,57,66
Q12840,86,6,80,47,45,41
Q13394,26,1,25,17,10,16
Q14126,118,30,88,62,78,40
Q14593,35,1,34,20,16,19
Q15223,34,5,29,21,18,16
Q15382,16,3,13,9,10,6
Q2NKJ3,116,2,114,66,50,66
Q30201,20,0,20,13,7,13
Q32MQ0,84,8,76,40,50,34
Q658P3,48,8,40,33,17,31
Q6NXR0,32,0,32,12,20,12
Q6PIV7,11,0,11,9,2,9
Q6UX52,25,0,25,17,8,17
Q6ZN17,34,9,25,15,28,6
Q6ZVK8,17,0,17,10,7,10
Q7Z340,77,2,75,40,39,38
Q7Z4V0,81,3,78,40,44,37
Q7Z5L7,40,0,40,20,20,20
Q8IUC8,32,0,32,20,12,20
Q8IV03,43,0,43,19,24,19
Q8IV53,94,11,83,46,55,39
Q8IX95,8,0,8,6,2,6
Q8N0X4,21,0,21,9,12,9
Q8N1E2,18,0,18,14,4,14
Q8N6L1,11,0,11,10,1,10
Q8NBP5,45,1,44,28,18,27
Q8NGN6,22,0,22,20,2,20
Q8NH05,20,0,20,19,1,19
Q8TAU0,33,0,33,18,15,18
Q8TAX9,32,1,31,10,21,11
Q8WWB5,19,0,19,9,10,9
Q93100,75,9,66,41,43,32
Q96B49,3,1,2,1,3,0
Q96EQ0,27,2,25,14,15,12
Q96H72,25,0,25,15,10,15
Q96IK1,11,1,10,5,7,4
Q96LM5,17,0,17,6,11,6
Q96LQ0,18,1,17,10,9,9
Q96LR9,22,0,22,12,10,12
Q96N58,49,0,49,33,16,33
Q96PX9,139,8,131,79,66,73
Q9BX10,37,3,34,23,15,22
Q9BXC0,27,0,27,18,9,18
Q9BZ76,117,1,116,75,43,74
Q9H0E2,9,0,9,4,5,4
Q9H293,16,0,16,10,6,10
Q9HAW4,190,54,136,84,156,34
Q9NQU5,84,18,66,40,60,24
Q9NR28,21,3,18,11,13,8
Q9NR56,20,2,18,14,4,16
Q9NRR1,7,0,7,3,4,3
Q9NTK1,20,0,20,5,15,5
Q9NUJ7,21,0,21,17,4,17
Q9NVL1,21,2,19,12,11,10
Q9NWV8,39,10,29,24,25,14
Q9NWZ5,42,8,34,22,28,14
Q9P1Z2,58,6,52,24,40,18
Q9UGM3,289,0,289,207,82,207
Q9UGN5,43,9,34,23,25,18
Q9UJA5,40,7,33,19,28,12
Q9UN73,91,7,84,54,38,53
Q9UQ07,35,4,31,19,20,15
Q9Y2I8,61,10,51,36,31,30
Q9Y3D3,5,1,4,4,2,3
A0A087X179,35,0,35,27,8,27
A0A096LPI5,14,0,14,8,6,8
A0A8V8TPW5,1,0,1,1,0,1
B2RUY7,9,0,9,7,2,7
B4DS77,23,0,23,10,13,10
E5RHQ5,109,0,109,34,75,34
O00358,19,0,19,7,12,7
O14561,10,3,7,4,9,1
O15212,6,0,6,1,5,1
O15357,136,26,110,71,73,63
O43242,38,9,29,20,27,11
O43299,77,4,73,49,32,45
O43462,59,2,57,26,35,24
O60563,100,10,90,59,51,49
O60741,76,1,75,30,47,29
O76001,24,0,24,22,2,22
O95452,14,0,14,10,4,10
O95870,43,3,40,27,17,26
O96011,23,2,21,11,14,9
P00742,27,0,27,13,14,13
P04424,35,1,34,24,12,23
P0C7V0,32,0,32,7,25,7
P10523,28,3,25,15,16,12
P22314,93,27,66,54,48,45
P23276,58,0,58,40,18,40
P49418,64,17,47,32,43,21
P49441,28,2,26,18,10,18
P53634,30,0,30,19,11,19
P53677,30,1,29,19,10,20
P57768,52,15,37,22,33,19
P60014,44,0,44,43,1,43
P62273,4,1,3,3,2,2
P79522,16,5,11,10,11,5
P82930,8,0,8,2,6,2
Q12796,26,0,26,7,19,7
Q12904,25,8,17,14,19,6
Q13438,41,4,37,18,27,14
Q13635,102,1,101,64,39,63
Q14147,95,7,88,49,51,44
Q14669,270,56,214,138,174,96
Q15329,33,2,31,21,14,19
Q495X7,33,0,33,21,12,21
Q53RD9,36,0,36,22,14,22
Q5SRR4,17,0,17,10,7,10
Q5VT03,59,0,59,30,29,30
Q5VVQ6,21,3,18,11,11,10
Q68CJ6,52,1,51,28,25,27
Q6NSJ5,48,2,46,27,21,27
Q6NT16,42,2,40,31,13,29
Q6NZY4,86,23,63,41,54,32
Q6P0Q8,327,90,237,145,250,77
Q6QHC5,11,0,11,11,0,11
Q6UXB4,20,0,20,14,6,14
Q6UXP9,16,0,16,9,7,9
Q6UXU0,11,0,11,3,8,3
Q6ZUL3,24,0,24,14,10,14
Q7Z5A8,9,0,9,7,2,7
Q7Z5S9,25,0,25,21,4,21
Q86T90,91,28,63,45,62,29
Q86UF4,27,0,27,17,10,17
Q86UQ4,465,14,451,323,136,329
Q86X29,95,38,57,50,83,12
Q8IYG6,49,3,46,16,34,15
Q8IZP0,69,24,45,33,60,9
Q8N0V1,18,0,18,10,8,10
Q8N0W7,24,0,24,16,8,16
Q8N2Y8,209,22,187,93,138,71
Q8N2Z9,11,2,9,4,9,2
Q8N394,65,0,65,41,24,41
Q8N4C9,24,0,24,9,15,9
Q8NEG2,36,5,31,12,29,7
Q8NGJ2,18,0,18,15,3,15
Q8TAL5,38,2,36,18,22,16
Q8TAP4,2,0,2,2,0,2
Q96BY9,38,5,33,22,13,25
Q96DA0,10,0,10,7,3,7
Q96MG2,27,4,23,9,22,5
Q96PU4,66,6,60,35,37,29
Q96QP1,131,9,122,75,59,72
Q96S82,55,5,50,32,28,27
Q99801,26,5,21,10,19,7
Q9BW71,111,44,67,48,105,6
Q9BY78,30,0,30,20,10,20
Q9H790,24,1,23,10,13,11
Q9HBM1,16,2,14,7,7,9
Q9HD15,29,8,21,16,19,10
Q9NPA8,2,1,1,1,0,2
Q9NQC8,30,2,28,15,15,15
Q9NSE4,83,6,77,49,38,45
Q9NUA8,114,15,99,60,69,45
Q9NXC2,19,0,19,8,11,8
Q9NYA1,23,1,22,13,11,12
Q9NYF3,78,17,61,34,61,17
Q9P2K5,54,5,49,16,43,11
Q9UJX2,39,7,32,26,20,19
Q9Y3E5,15,4,11,9,8,7
Q9Y493,243,0,243,157,86,157
Q9Y6F7,42,2,40,22,22,20
Q9Y6R9,62,5,57,20,45,17
A0A075B6R0,13,0,13,3,10,3
A0A804HJP8,2,0,2,0,2,0
A6NEC2,27,0,27,19,8,19
A6NHT5,34,5,29,13,26,8
O00231,41,11,30,21,27,14
O14771,42,5,37,23,24,18
O14802,83,6,77,42,45,38
O43653,6,0,6,6,0,6
O75629,16,0,16,8,8,8
O75718,19,0,19,8,11,8
O95528,51,4,47,37,18,33
P02810,10,3,7,5,4,6
P04217,35,0,35,23,12,23
P08514,75,0,75,46,29,46
P0DN26,9,0,9,2,7,2
P13693,11,4,7,7,4,7
P17643,36,0,36,17,19,17
P18847,13,1,12,9,5,8
P19338,65,29,36,31,47,18
P22352,12,0,12,8,4,8
P23510,13,0,13,10,3,10
P30533,33,10,23,15,28,5
P40763,56,7,49,29,26,30
P41161,40,5,35,16,27,13
P43308,17,1,16,10,6,11
P51674,11,2,9,7,4,7
P56746,21,3,18,17,7,14
P63096,20,3,17,8,15,5
Q06418,66,6,60,41,31,35
Q0P6D2,28,0,28,18,10,18
Q13442,11,5,6,5,11,0
Q13868,28,8,20,17,13,15
Q14435,38,0,38,16,22,16
Q14683,79,18,61,40,43,36
Q14774,69,3,66,30,42,27
Q15004,16,5,11,7,12,4
Q15270,29,0,29,5,24,5
Q15465,31,0,31,16,15,16
Q16851,48,13,35,28,33,15
Q569K4,67,4,63,35,36,31
Q5FWF7,16,0,16,11,5,11
Q5H9S7,40,0,40,24,16,24
Q5JW98,27,0,27,17,10,17
Q5M8T2,36,0,36,25,11,25
Q5TZA2,174,27,147,69,132,42
Q5VV42,48,9,39,29,20,28
Q5XG99,21,1,20,8,14,7
Q6P2I7,34,1,33,21,12,22
Q6PJ69,28,0,28,20,8,20
Q6ZNF0,24,0,24,19,5,19
Q6ZUM4,89,14,75,35,64,25
Q6ZYL4,1,0,1,1,0,1
Q7L523,24,0,24,13,11,13
Q7LBR1,12,0,12,9,3,9
Q86TI0,144,33,111,70,93,51
Q86U42,26,7,19,9,20,6
Q8IVM8,31,0,31,21,10,21
Q8IX12,94,18,76,43,69,25
Q8IYT8,133,13,120,56,90,43
Q8NCG7,69,12,57,45,34,35
Q8NET5,24,1,23,12,13,11
Q8NFU3,9,2,7,5,6,3
Q8NGI1,28,0,28,24,4,24
Q8NGP3,23,0,23,15,8,15
Q8NGR5,31,1,30,23,9,22
Q8NH02,26,0,26,20,6,20
Q8TAM6,25,2,23,6,19,6
Q8TDM6,255,65,190,125,185,70
Q8WTS6,26,3,23,15,10,16
Q8WUI4,104,17,87,48,69,35
Q96G42,50,3,47,19,34,16
Q96GA3,56,20,36,26,48,8
Q96I45,5,0,5,3,2,3
Q96IT6,1,0,1,0,1,0
Q96J42,27,0,27,13,14,13
Q96LL3,8,0,8,4,4,4
Q96N76,38,0,38,19,19,19
Q96P16,33,7,26,15,19,14
Q96PE3,82,6,76,51,37,45
Q99426,28,8,20,16,16,12
Q9BQ08,14,0,14,6,8,6
Q9BZG2,20,0,20,9,11,9
Q9GZX5,41,2,39,26,15,26
Q9H0C2,23,3,20,14,8,15
Q9H379,4,0,4,4,0,4
Q9H672,17,0,17,10,7,10
Q9H6H4,29,8,21,11,24,5
Q9NRF9,16,6,10,8,14,2
Q9NVF7,38,10,28,20,26,12
Q9NXX6,37,10,27,20,27,10
Q9NZB8,51,1,50,24,26,25
Q9NZI6,40,3,37,22,19,21
Q9P2E7,90,2,88,45,47,43
Q9UBF9,55,4,51,36,23,32
Q9UGT4,68,0,68,48,20,48
Q9UHL4,22,0,22,10,12,10
Q9UJ96,34,0,34,21,13,21
Q9Y5M8,28,5,23,14,19,9
Q9Y6N7,175,20,155,86,109,66
A0A075B7B8,14,0,14,13,1,13
A0A087WUV0,48,0,48,28,20,28
A0A0B4J2F2,64,0,64,28,36,28
A0A1B0GU29,10,0,10,5,5,5
A0A1B0GW15,2,0,2,1,1,1
A6NDY2,44,2,42,27,19,25
A6NJW9,16,0,16,9,7,9
A8MUU9,89,7,82,8,88,1
A8MVJ9,14,0,14,6,8,6
O14638,54,0,54,36,18,36
O14926,32,0,32,17,15,17
O75844,36,4,32,27,9,27
O94762,86,6,80,38,54,32
O95239,127,38,89,78,65,62
P01880,42,0,42,22,20,22
P07902,22,1,21,17,6,16
P0C6S8,27,0,27,19,8,19
P0C879,15,0,15,4,11,4
P0DKL9,6,0,6,3,3,3
P0DMU3,18,0,18,6,12,6
P10092,14,0,14,6,8,6
P11498,61,6,55,32,35,26
P12314,33,2,31,17,18,15
P12956,63,21,42,38,34,29
P15248,11,0,11,8,3,8
P16144,204,55,149,116,89,115
P19484,66,21,45,37,38,28
P42356,183,11,172,113,79,104
P48448,25,0,25,15,10,15
P49662,31,5,26,16,18,13
P51148,14,5,9,8,9,5
P51168,44,1,43,33,12,32
P60323,12,0,12,3,9,3
P60410,51,2,49,42,7,44
P60981,12,4,8,6,10,2
P62277,15,7,8,7,11,4
P78509,319,1,318,224,96,223
P98173,17,0,17,9,8,9
Q13477,32,0,32,13,19,13
Q14242,24,2,22,12,14,10
Q15003,86,30,56,44,56,30
Q15048,33,0,33,16,17,16
Q15843,3,1,2,2,2,1
Q16777,3,0,3,0,3,0
Q4G0P3,367,8,359,214,153,214
Q5GJ75,20,0,20,7,13,7
Q5JSS6,3,0,3,3,0,3
Q5PRF9,99,28,71,53,60,39
Q6H9L7,36,0,36,17,19,17
Q6NWY9,72,9,63,31,46,26
Q6UWL6,57,0,57,23,34,23
Q6ZRP5,18,0,18,12,6,12
Q6ZSN1,15,0,15,2,13,2
Q6ZUG5,35,0,35,19,16,19
Q7L0L9,18,1,17,7,12,6
Q7L2R6,41,0,41,30,11,30
Q86WI0,18,0,18,11,7,11
Q8N0Z8,24,4,20,12,16,8
Q8N114,16,0,16,10,6,10
Q8N163,80,19,61,43,52,28
Q8N442,39,0,39,21,18,21
Q8N4K4,7,0,7,5,2,5
Q8NBZ9,15,0,15,4,11,4
Q8NFK1,22,0,22,13,9,13
Q8NH61,36,2,34,30,6,30
Q8NHZ8,7,3,4,4,6,1
Q8TAB3,127,10,117,73,62,65
Q92565,44,1,43,19,26,18
Q93077,3,0,3,0,3,0
Q969Z3,15,0,15,10,5,10
Q96A25,27,1,26,17,9,18
Q96CE8,19,0,19,18,1,18
Q96GG9,15,2,13,8,5,10
Q96I99,15,1,14,7,7,8
Q96JM7,66,14,52,36,42,24
Q96LX8,43,3,40,24,18,25
Q96M85,14,0,14,4,10,4
Q96NJ1,20,1,19,10,11,9
Q99707,60,1,59,31,30,30
Q9BRS2,47,11,36,18,40,7
Q9BZB8,74,4,70,37,41,33
Q9H3N8,47,0,47,30,17,30
Q9H4A3,373,48,325,210,205,168
Q9H583,185,20,165,117,88,97
Q9H7F0,91,8,83,60,39,52
Q9H9V4,9,0,9,8,1,8
Q9HCS5,87,20,67,30,77,10
Q9N2K0,66,0,66,40,26,40
Q9NRB3,28,0,28,13,15,13
Q9P127,41,1,40,9,33,8
Q9P2K2,47,0,47,31,16,31
Q9UBB4,33,5,28,23,11,22
Q9UIM3,19,1,18,7,13,6
Q9UNN5,62,8,54,36,34,28
Q9Y2B4,25,0,25,11,14,11
Q9Y4F9,130,18,112,61,87,43
Q9Y4P1,30,4,26,18,14,16
Q9Y5E8,70,0,70,49,21,49
Q9Y603,13,0,13,6,7,6
A0A075B759,9,0,9,2,7,2
A0A0A6YYK4,9,0,9,4,5,4
A0A0J9YXQ4,25,0,25,12,13,12
A6NKX1,10,0,10,6,4,6
B4DX44,30,2,28,22,10,20
C9JXX5,8,0,8,5,3,5
O00574,25,0,25,19,6,19
O14894,10,0,10,9,1,9
O15213,38,4,34,19,23,15
O15504,83,12,71,42,47,36
O43543,35,2,33,15,22,13
O60318,230,20,210,138,108,122
O60565,15,4,11,8,11,4
O75157,101,10,91,52,59,42
O75173,62,4,58,35,31,31
O75475,58,25,33,31,50,8
O94813,106,2,104,68,40,66
O94906,51,7,44,27,25,26
P01008,36,2,34,18,20,16
P01215,8,0,8,7,1,7
P14920,13,0,13,8,5,8
P18146,100,6,94,55,47,53
P21728,46,0,46,32,14,32
P24311,4,0,4,1,3,1
P29558,47,6,41,27,26,21
P30876,74,9,65,41,38,36
P54315,30,0,30,18,12,18
P55199,82,20,62,35,53,29
P56159,44,0,44,32,12,32
P60953,9,0,9,5,4,5
P61158,26,6,20,18,8,18
P78413,45,3,42,25,23,22
P80108,77,0,77,41,36,41
P86496,8,0,8,4,4,4
Q05823,45,3,42,22,26,19
Q11203,25,1,24,14,12,13
Q13523,184,68,116,75,157,27
Q14654,22,0,22,12,10,12
Q15528,17,0,17,9,8,9
Q15819,12,3,9,8,7,5
Q3LI63,1,0,1,1,0,1
Q3ZCW2,13,3,10,8,6,7
Q4VC05,36,8,28,15,25,11
Q4VXA5,20,0,20,11,9,11
Q5SQH8,25,2,23,15,12,13
Q5T4D3,49,1,48,34,14,35
Q6ZRP7,60,7,53,39,24,36
Q6ZUF6,26,0,26,15,11,15
Q7L311,45,4,41,24,23,22
Q7Z2D5,92,0,92,33,59,33
Q86UE8,86,26,60,38,72,14
Q86XF7,20,0,20,14,6,14
Q8IUC2,4,0,4,3,1,3
Q8IY50,29,1,28,19,11,18
Q8IYS4,54,2,52,22,34,20
Q8IZR5,26,6,20,16,14,12
Q8N0U2,23,0,23,13,10,13
Q8N8M0,22,0,22,8,14,8
Q8NB14,111,2,109,67,44,67
Q8NBS9,22,3,19,12,11,11
Q8NC44,66,15,51,32,47,19
Q8NF64,93,7,86,47,51,42
Q8TAK6,26,1,25,11,16,10
Q8TF74,56,14,42,21,47,9
Q8WVZ1,21,0,21,14,7,14
Q8WVZ7,21,0,21,13,8,13
Q969Y2,34,0,34,17,17,17
Q96EH8,8,0,8,7,1,7
Q96EQ8,16,0,16,10,6,10
Q96F44,26,3,23,15,12,14
Q96JJ3,52,5,47,27,30,22
Q96K31,34,1,33,19,16,18
Q96KA5,33,1,32,18,16,17
Q96KJ9,6,0,6,2,4,2
Q96KR7,59,3,56,14,46,13
Q96RD6,32,2,30,14,20,12
Q9BVX2,20,0,20,17,3,17
Q9BW11,15,0,15,2,13,2
Q9BXI2,19,0,19,13,6,13
Q9BYC9,4,1,3,3,2,2
Q9GZS3,30,0,30,20,10,20
Q9H0C5,31,2,29,20,11,20
Q9H2F3,10,0,10,5,5,5
Q9HA92,19,0,19,7,12,7
Q9HC07,13,1,12,8,4,9
Q9NP94,23,0,23,12,11,12
Q9NRJ1,7,0,7,5,2,5
Q9NXG0,129,11,118,53,79,50
Q9NZL6,84,2,82,47,39,45
Q9P121,28,0,28,20,8,20
Q9P1U0,8,0,8,5,3,5
Q9UBT3,11,0,11,3,8,3
Q9UBX2,23,0,23,10,13,10
Q9UGU5,98,17,81,37,72,26
Q9UIU6,112,7,105,71,48,64
Q9ULX7,27,2,25,14,13,14
Q9Y3D0,9,0,9,5,4,5
Q9Y3D2,16,1,15,10,5,11
Q9Y4P8,42,5,37,23,22,20
A0A0J9YXX1,16,0,16,10,6,10
A0A590UK24,13,0,13,2,11,2
A0ZSE6,6,0,6,3,3,3
A1A4G5,25,2,23,10,17,8
A4UGR9,331,14,317,139,206,125
A8K8P3,64,3,61,41,26,38
C9J302,21,0,21,10,11,10
O00182,29,2,27,21,10,19
O14625,3,0,3,3,0,3
O15550,146,11,135,73,84,62
O60285,89,15,74,33,65,24
O75467,58,7,51,31,34,24
O75828,17,5,12,9,13,4
O94808,47,4,43,27,22,25
O95866,21,3,18,12,10,11
P11055,120,15,105,65,68,52
P14649,9,2,7,4,7,2
P16403,25,11,14,13,13,12
P20160,20,0,20,11,9,11
P31629,399,64,335,185,254,145
P38570,98,3,95,54,45,53
P41219,58,17,41,22,43,15
P42704,101,22,79,63,44,57
P43356,25,0,25,18,7,18
P48052,35,0,35,19,16,19
P49771,17,0,17,14,3,14
P52701,147,33,114,75,95,52
P53609,35,2,33,25,12,23
P55735,40,8,32,28,20,20
P58658,39,0,39,28,11,28
P59090,3,0,3,2,1,2
P78412,41,2,39,21,22,19
P78539,27,0,27,16,11,16
Q04743,24,0,24,6,18,6
Q06546,28,3,25,18,11,17
Q08170,153,40,113,41,144,9
Q10570,105,8,97,58,55,50
Q12794,23,0,23,14,9,14
Q13332,128,5,123,53,78,50
Q13427,161,45,116,54,144,17
Q14149,90,17,73,49,50,40
Q14568,30,10,20,16,22,8
Q14789,331,60,271,158,199,132
Q15648,378,101,277,171,272,106
Q5JUK2,42,0,42,20,22,20
Q5T752,20,0,20,12,8,12
Q5VYV7,59,10,49,22,45,14
Q658L1,29,0,29,19,10,19
Q6UXT9,34,0,34,19,15,19
Q6W2J9,226,45,181,112,147,79
Q7LC44,20,0,20,8,12,8
Q7Z5B4,24,0,24,11,13,11
Q7Z5J8,102,2,100,62,38,64
Q7Z628,73,18,55,35,54,19
Q86VG3,15,0,15,7,8,7
Q86WW8,4,0,4,3,1,3
Q86WX3,6,0,6,1,5,1
Q86Y27,3,0,3,1,2,1
Q8N109,43,0,43,20,23,20
Q8N5U6,105,9,96,40,72,33
Q8N8C0,19,0,19,12,7,12
Q8NFW9,111,16,95,42,85,26
Q8NG27,95,17,78,32,78,17
Q8NGF1,23,0,23,21,2,21
Q8NGZ0,32,0,32,24,8,24
Q8NHJ6,49,4,45,24,29,20
Q8TC94,28,0,28,12,16,12
Q8WVF2,10,0,10,5,5,5
Q8WVV5,39,2,37,22,19,20
Q8WY64,41,2,39,29,12,29
Q92499,46,9,37,30,23,23
Q92841,61,17,44,32,42,19
Q92968,43,2,41,16,29,14
Q93034,43,3,40,24,22,21
Q96BR9,61,6,55,28,35,26
Q96NY7,44,3,41,10,37,7
Q96S95,4,0,4,4,0,4
Q99687,29,0,29,24,5,24
Q9BT76,17,0,17,9,8,9
Q9BV19,11,2,9,5,8,3
Q9BZQ2,42,1,41,18,25,17
Q9C0F0,312,6,306,155,163,149
Q9H967,72,1,71,35,36,36
Q9H9S5,14,0,14,7,7,7
Q9HC24,18,0,18,12,6,12
Q9NPD5,74,3,71,53,24,50
Q9NT99,51,2,49,28,25,26
Q9P0B6,10,2,8,3,9,1
Q9P0J7,60,17,43,29,38,22
Q9P0N8,19,0,19,14,5,14
Q9UIA0,24,2,22,8,18,6
Q9UJZ1,38,10,28,15,33,5
Q9ULE6,60,5,55,33,30,30
Q9UPY5,37,3,34,22,18,19
Q9Y267,45,0,45,28,17,28
Q9Y287,7,0,7,4,3,4
Q9Y5B9,91,23,68,45,69,22
Q9Y6X8,85,11,74,43,47,38
A0A075B6T6,15,0,15,8,7,8
A0A3B3IS91,6,0,6,3,3,3
A1A5D9,56,12,44,18,50,6
A6NNA5,21,0,21,7,14,7
H7BZ55,102,0,102,35,67,35
O00398,24,0,24,18,6,18
O15164,130,26,104,69,79,51
O43295,135,33,102,56,106,29
O60313,76,10,66,41,45,31
O75385,164,42,122,78,120,44
O75436,15,3,12,8,10,5
O75864,64,12,52,28,48,16
O76064,35,2,33,19,18,17
O94768,35,1,34,25,11,24
O95071,362,74,288,185,217,145
P09105,14,2,12,9,7,7
P0C7X3,30,0,30,13,17,13
P0DSO2,7,0,7,6,1,6
P0DTL4,16,0,16,14,2,14
P10266,51,0,51,27,24,27
P12829,4,0,4,2,2,2
P13762,17,0,17,7,10,7
P25713,6,1,5,4,3,3
P26885,7,0,7,6,1,6
P26951,23,1,22,13,11,12
P29590,113,33,80,61,73,40
P32248,34,6,28,21,19,15
P41162,64,11,53,34,41,23
P48553,135,15,120,78,66,69
P49910,49,5,44,26,26,23
P54756,85,4,81,51,38,47
P56279,5,0,5,2,3,2
P57739,28,3,25,20,11,17
P61236,7,0,7,3,4,3
P78317,20,5,15,9,14,6
Q08E93,2,0,2,0,2,0
Q13501,86,39,47,42,55,31
Q13554,69,23,46,29,61,8
Q13867,19,0,19,18,1,18
Q15390,35,8,27,17,22,13
Q15404,17,1,16,12,6,11
Q15691,13,3,10,8,4,9
Q16637,37,11,26,18,24,13
Q16799,86,10,76,40,56,30
Q495N2,39,0,39,31,8,31
Q4G176,35,0,35,19,16,19
Q5TB80,136,19,117,57,86,50
Q5U3C3,16,2,14,11,7,9
Q693B1,11,0,11,3,8,3
Q6NTE8,43,6,37,22,27,16
Q6UVK1,164,1,163,87,78,86
Q6ZN84,47,7,40,21,27,20
Q6ZRI6,115,21,94,50,84,31
Q6ZUX3,90,3,87,36,57,33
Q7Z3J2,84,7,77,52,33,51
Q7Z3Z3,49,0,49,23,26,23
Q7Z6M4,25,0,25,5,20,5
Q7Z7J5,18,0,18,9,9,9
Q8IXH6,22,2,20,9,15,7
Q8IZQ1,340,31,309,195,172,168
Q8N4G2,9,1,8,6,2,7
Q8N6C5,114,1,113,71,44,70
Q8N7M2,61,1,60,48,12,49
Q8N8D7,11,0,11,9,2,9
Q8N8H1,14,0,14,7,7,7
Q8NAA6,25,3,22,10,16,9
Q8NBI6,20,1,19,14,5,15
Q8NEV4,114,2,112,51,63,51
Q8NGN8,25,0,25,17,8,17
Q8NHU2,83,0,83,52,31,52
Q8NI77,84,13,71,50,45,39
Q8TBF4,23,5,18,11,17,6
Q8WUM4,66,12,54,37,39,27
Q8WWX9,2,0,2,2,0,2
Q92896,72,2,70,38,36,36
Q92989,30,4,26,18,14,16
Q96KN2,32,0,32,16,16,16
Q96LU7,83,0,83,48,35,48
Q99497,11,3,8,7,7,4
Q9BT67,21,6,15,13,14,7
Q9BYK8,163,8,155,88,83,80
Q9BYR3,16,0,16,15,1,15
Q9H0H9,6,0,6,4,2,4
Q9H2G4,56,8,48,24,40,16
Q9H7D0,166,29,137,95,96,70
Q9H7P6,35,8,27,19,22,13
Q9HCH5,135,23,112,68,90,45
Q9NRW7,47,7,40,24,24,23
Q9NW81,11,0,11,8,3,8
Q9NWH2,15,0,15,4,11,4
Q9P2D8,244,0,244,126,118,126
Q9UBF2,77,10,67,47,34,43
Q9UHN1,38,3,35,16,21,17
Q9UNL4,26,6,20,11,21,5
Q9Y2G5,28,0,28,16,12,16
Q9Y5S1,51,4,47,27,28,23
Q9Y5S9,10,4,6,6,8,2
Q9Y672,41,0,41,33,8,33
Q9Y6K0,32,4,28,20,12,20
Q9Y6Z4,13,0,13,6,7,6
A0A0A0MS06,7,0,7,4,3,4
A0A1W2PRG0,14,0,14,9,5,9
A8MQT2,50,2,48,20,32,18
B1APH4,31,0,31,17,14,17
B3SHH9,17,0,17,13,4,13
O14795,136,17,119,69,80,56
O60391,62,1,61,34,29,33
O75023,53,2,51,28,27,26
O75064,144,14,130,73,83,61
O75352,15,0,15,13,2,13
O95171,81,21,60,38,64,17
O95238,34,1,33,17,18,16
P05090,6,0,6,2,4,2
P07225,53,0,53,34,19,34
P0CG04,13,0,13,6,7,6
P0CG24,28,0,28,24,4,24
P0DP09,17,0,17,10,7,10
P0DP71,6,0,6,3,3,3
P0DPA3,17,0,17,7,10,7
P10415,18,3,15,13,6,12
P11168,46,3,43,34,15,31
P18065,12,1,11,8,5,7
P18545,2,0,2,1,1,1
P19793,53,8,45,25,26,27
P25101,35,7,28,21,17,18
P28332,26,2,24,16,12,14
P30281,26,6,20,12,18,8
P35225,11,0,11,6,5,6
P36543,5,0,5,3,2,3
P40198,16,0,16,7,9,7
P40337,18,7,11,9,16,2
P48728,27,4,23,20,11,16
P49005,42,7,35,21,28,14
P49257,28,1,27,14,15,13
P51841,87,3,84,48,40,47
P55201,129,23,106,53,95,34
P62308,4,1,3,2,3,1
P63000,8,1,7,4,5,3
P82987,130,7,123,76,59,71
Q02763,65,1,64,50,16,49
Q06643,10,0,10,3,7,3
Q07001,38,0,38,21,17,21
Q0P651,42,1,41,27,16,26
Q0VG99,44,1,43,19,26,18
Q13127,111,19,92,52,78,33
Q14680,57,19,38,29,27,30
Q14696,21,3,18,9,15,6
Q15831,28,5,23,14,17,11
Q16548,8,0,8,4,4,4
Q5T8I9,27,1,26,13,15,12
Q6EIG7,23,0,23,19,4,19
Q6NVV0,2,0,2,0,2,0
Q6P9A2,42,1,41,24,17,25
Q6XE24,38,0,38,18,20,18
Q6ZVT0,43,0,43,16,27,16
Q712K3,16,1,15,6,11,5
Q7L4P6,31,4,27,16,19,12
Q7Z2G1,17,0,17,11,6,11
Q7Z3Q1,42,0,42,30,12,30
Q86YV9,42,0,42,21,21,21
Q8IYQ7,61,0,61,43,18,43
Q8N8Q9,29,1,28,23,7,22
Q8N9X5,15,0,15,12,3,12
Q8NCN2,69,3,66,28,44,25
Q8NDF8,70,8,62,28,50,20
Q8NGU9,20,0,20,8,12,8
Q8NHB8,20,0,20,16,4,16
Q8TC36,24,0,24,10,14,10
Q8TDG2,27,0,27,23,4,23
Q92560,97,29,68,51,71,26
Q92765,24,0,24,10,14,10
Q92930,18,5,13,11,12,6
Q93088,18,1,17,5,14,4
Q96EU7,18,1,17,11,6,12
Q96GE9,6,0,6,4,2,4
Q96PY0,42,0,42,10,32,10
Q96QH2,68,13,55,25,54,14
Q96T25,52,4,48,27,29,23
Q99944,17,0,17,12,5,12
Q9BQE6,26,1,25,13,14,12
Q9BRR3,29,1,28,14,16,13
Q9BWD1,28,1,27,18,9,19
Q9BX59,43,1,42,21,21,22
Q9BXJ9,40,7,33,19,28,12
Q9BXM7,34,2,32,21,15,19
Q9BYC8,10,0,10,6,4,6
Q9GZY6,42,16,26,20,36,6
Q9H0W5,38,9,29,17,28,10
Q9H6R4,82,10,72,51,41,41
Q9HAD4,33,0,33,21,12,21
Q9HC56,112,4,108,55,61,51
Q9NQC7,95,23,72,51,59,36
Q9P2X0,4,0,4,4,0,4
Q9UBL0,119,17,102,54,80,39
Q9UJ42,21,0,21,18,3,18
Q9ULD5,84,11,73,44,51,33
Q9UPU3,102,3,99,57,44,58
Q9Y2D2,27,0,27,17,10,17
Q9Y2Q9,20,6,14,7,17,3
Q9Y5T5,65,11,54,36,36,29
A0MZ66,71,22,49,33,58,13
A2A2V5,21,0,21,13,8,13
A4D1S0,52,17,35,28,37,15
A6NGY5,30,0,30,25,5,25
A6NKH3,8,0,8,3,5,3
B1ANS9,85,4,81,51,36,49
B4E2M5,6,1,5,4,3,3
G3V211,11,0,11,8,3,8
I0J062,19,0,19,8,11,8
O00463,34,1,33,24,11,23
O15084,75,5,70,48,26,49
O60291,76,16,60,30,62,14
O75161,134,13,121,60,87,47
O75351,38,8,30,15,31,7
O75569,36,11,25,20,19,17
O75582,82,23,59,39,48,34
O76013,40,1,39,23,18,22
O95164,8,1,7,4,5,3
O95475,19,6,13,9,16,3
P01040,1,0,1,1,0,1
P08123,53,2,51,29,26,27
P08218,29,0,29,24,5,24
P09913,23,2,21,9,16,7
P0C7V8,54,0,54,25,29,25
P0DQW0,85,0,85,34,51,34
P10072,65,4,61,40,29,36
P10144,15,0,15,9,6,9
P11216,38,7,31,21,20,18
P14373,35,4,31,23,12,23
P21439,86,1,85,46,41,45
P23193,35,12,23,15,28,7
P26439,27,0,27,16,11,16
P29803,27,6,21,10,21,6
P37231,40,2,38,28,14,26
P43146,150,4,146,78,76,74
P43355,30,5,25,18,17,13
P48643,28,7,21,14,21,7
P55075,11,0,11,6,5,6
P61266,18,1,17,9,10,8
P61601,16,2,14,9,9,7
P62805,2,1,1,1,2,0
P84103,33,15,18,16,30,3
Q00978,35,0,35,14,21,14
Q01546,96,4,92,35,65,31
Q06413,84,17,67,48,53,31
Q12860,75,2,73,38,39,36
Q14587,82,2,80,52,32,50
Q15393,81,7,74,53,33,48
Q15744,20,4,16,8,16,4
Q2TBF2,29,0,29,17,12,17
Q2WEN9,33,0,33,20,13,20
Q496A3,32,0,32,9,23,9
Q53H82,9,0,9,6,3,6
Q56P03,37,14,23,18,29,8
Q5SY13,3,0,3,1,2,1
Q64LD2,55,2,53,34,23,32
Q6P3V2,61,1,60,45,17,44
Q6P587,18,4,14,9,7,11
Q6UXT8,8,0,8,2,6,2
Q6ZWK4,18,0,18,8,10,8
Q7Z449,36,1,35,21,16,20
Q86V42,66,1,65,29,36,30
Q8IYA7,36,4,32,10,30,6
Q8IYW5,77,15,62,30,58,19
Q8N2Q7,49,2,47,28,23,26
Q8N4L2,19,5,14,12,10,9
Q8N661,12,0,12,9,3,9
Q8NCN5,62,3,59,32,31,31
Q8ND71,48,2,46,33,15,33
Q8NH54,21,0,21,12,9,12
Q8TAV0,26,3,23,12,15,11
Q8TDT2,37,0,37,25,12,25
Q8WWZ8,39,0,39,26,13,26
Q92496,64,0,64,48,16,48
Q92519,42,3,39,22,19,23
Q99543,38,5,33,20,23,15
Q9BSY4,5,0,5,4,1,4
Q9BU76,35,11,24,14,32,3
Q9BY21,33,0,33,17,16,17
Q9BYD6,20,0,20,12,8,12
Q9BYR7,5,0,5,5,0,5
Q9BZM1,9,0,9,7,2,7
Q9GZR2,37,9,28,15,31,6
Q9GZX3,31,2,29,16,15,16
Q9H0J9,71,8,63,41,38,33
Q9H160,25,2,23,9,18,7
Q9H295,37,1,36,26,12,25
Q9H579,40,0,40,21,19,21
Q9HAT1,38,0,38,10,28,10
Q9HBA9,39,0,39,17,22,17
Q9NRA2,39,2,37,28,11,28
Q9NRI5,93,5,88,45,53,40
Q9NS61,19,1,18,8,10,9
Q9NZJ9,10,2,8,7,3,7
Q9P1C3,1,0,1,0,1,0
Q9UKC9,31,0,31,23,8,23
Q9ULC6,49,4,45,25,24,25
Q9UNW8,28,3,25,18,9,19
Q9Y2C3,19,0,19,15,4,15
A0A0C4DH31,12,0,12,10,2,10
A0A1B0GTW7,76,0,76,45,31,45
A0A5A6,5,0,5,1,4,1
A0M8Q6,13,0,13,6,7,6
A2NJV5,18,0,18,16,2,16
A2VDF0,6,0,6,3,3,3
A6NH21,45,1,44,37,9,36
A6NN73,43,0,43,12,31,12
A6NNF4,46,0,46,31,15,31
C9J1S8,27,0,27,18,9,18
O43474,64,10,54,30,34,30
O60449,150,2,148,94,54,96
O75604,66,6,60,27,45,21
P09565,3,0,3,1,2,1
P0C7M7,37,1,36,24,14,23
P15941,158,7,151,86,73,85
P17677,25,11,14,12,24,1
P24394,91,4,87,53,42,49
P46783,7,2,5,3,6,1
P47928,5,0,5,3,2,3
P48730,44,12,32,20,34,10
P51654,37,1,36,18,20,17
P57771,14,0,14,6,8,6
P61006,14,4,10,7,11,3
P61764,51,7,44,24,32,19
P67936,9,3,6,5,5,4
Q05639,33,6,27,18,13,20
Q14566,78,19,59,43,42,36
Q14934,115,20,95,50,81,34
Q14980,243,81,162,117,157,86
Q15109,27,1,26,10,18,9
Q16829,49,3,46,20,32,17
Q2NKX9,12,0,12,5,7,5
Q58A45,84,4,80,45,43,41
Q5BKX6,75,10,65,38,43,32
Q5H8C1,161,3,158,87,73,88
Q5JT25,17,0,17,8,9,8
Q5SWH9,27,0,27,16,11,16
Q5T440,19,1,18,11,9,10
Q5T953,29,0,29,18,11,18
Q5TAP6,70,13,57,24,53,17
Q5VWM4,34,0,34,30,4,30
Q6DCA0,29,3,26,14,16,13
Q6P1X6,12,0,12,7,5,7
Q6PGN9,67,20,47,22,61,6
Q6PK04,18,4,14,6,16,2
Q6SA08,23,1,22,19,3,20
Q6UWE3,6,0,6,6,0,6
Q6UWV2,22,0,22,12,10,12
Q6ZMS4,51,0,51,35,16,35
Q70Z35,131,5,126,67,67,64
Q7Z3B0,2,0,2,2,0,2
Q8IV31,18,3,15,10,11,7
Q8IYS2,37,0,37,24,13,24
Q8IZS8,72,1,71,42,31,41
Q8N9C0,66,2,64,33,35,31
Q8NGD2,28,0,28,23,5,23
Q8NGP6,24,1,23,19,6,18
Q8WYN0,25,2,23,17,6,19
Q92546,38,0,38,23,15,23
Q92913,25,3,22,14,12,13
Q969V1,21,0,21,17,4,17
Q96BA8,52,3,49,26,27,25
Q96CP2,15,6,9,6,9,6
Q96F45,101,13,88,44,60,41
Q96GP6,78,17,61,47,46,32
Q96GR2,44,5,39,20,23,21
Q96KX1,7,0,7,6,1,6
Q96P69,27,2,25,18,9,18
Q96PY6,132,26,106,55,103,29
Q96QK1,53,8,45,30,23,30
Q96RM1,3,0,3,0,3,0
Q96S15,69,7,62,43,29,40
Q96S53,57,9,48,26,40,17
Q99576,15,2,13,7,10,5
Q99674,11,0,11,5,6,5
Q99828,20,2,18,10,12,8
Q99969,5,0,5,1,4,1
Q9BT09,25,5,20,10,20,5
Q9BTE3,58,12,46,30,38,20
Q9BVL4,40,1,39,20,21,19
Q9BW30,13,2,11,6,9,4
Q9BXY5,37,0,37,23,14,23
Q9BYT9,66,1,65,45,22,44
Q9GZL7,51,4,47,30,19,32
Q9H061,10,0,10,5,5,5
Q9H3U7,33,0,33,16,17,16
Q9H4I0,49,1,48,27,23,26
Q9H6D7,19,0,19,14,5,14
Q9HB90,43,9,34,25,19,24
Q9NVV9,8,0,8,6,2,6
Q9P2E2,85,3,82,31,57,28
Q9P2G3,43,0,43,24,19,24
Q9P2J3,36,1,35,23,14,22
Q9UGL1,117,12,105,57,72,45
Q9UKA8,20,3,17,14,9,11
Q9UKU0,36,2,34,18,18,18
Q9Y2T5,34,0,34,25,9,25
A0A024RCN7,8,0,8,6,2,6
A0A6Q8PFC9,5,0,5,1,4,1
A0A994J3T1,6,0,6,3,3,3
A6NMS3,19,0,19,17,2,17
A6NN92,8,0,8,8,0,8
A6NNZ2,27,0,27,15,12,15
A7E2V4,203,20,183,98,121,82
B2RU33,44,0,44,28,16,28
O43196,62,0,62,30,32,30
O43747,64,5,59,42,27,37
O60575,4,0,4,3,1,3
O75394,3,0,3,1,2,1
O75815,98,29,69,52,61,37
O76082,42,0,42,31,11,31
O95837,21,0,21,11,10,11
P02774,43,1,42,28,16,27
P05156,34,0,34,19,15,19
P08493,8,3,5,3,2,6
P0DP58,5,0,5,5,0,5
P24928,270,47,223,88,225,45
P26998,21,2,19,7,14,7
P30520,14,0,14,8,6,8
P30622,166,44,122,74,110,56
P31358,9,0,9,5,4,5
P35398,47,0,47,25,22,25
P35575,29,0,29,25,4,25
P35659,68,29,39,33,52,16
P38398,297,75,222,143,179,118
P47712,79,18,61,42,43,36
P57105,9,2,7,4,7,2
P59538,23,0,23,18,5,18
P60520,8,1,7,7,2,6
P61619,35,1,34,22,14,21
P61970,9,1,8,6,4,5
Q01524,8,0,8,5,3,5
Q07092,80,5,75,36,49,31
Q07960,33,8,25,19,16,17
Q10981,15,0,15,12,3,12
Q13478,39,0,39,27,12,27
Q14246,85,1,84,61,25,60
Q15072,25,2,23,15,12,13
Q15722,35,5,30,21,17,18
Q15835,32,2,30,12,22,10
Q2M389,76,4,72,52,28,48
Q32M88,58,3,55,30,31,27
Q5BKU9,7,0,7,2,5,2
Q5FWE3,102,18,84,46,66,36
Q5GAN3,12,0,12,7,5,7
Q5JWF8,15,0,15,13,2,13
Q5T442,22,1,21,11,12,10
Q5W0A0,41,0,41,18,23,18
Q5XX13,87,1,86,39,49,38
Q687X5,30,1,29,23,8,22
Q68G74,34,0,34,14,20,14
Q6B0K9,5,0,5,4,1,4
Q6IC98,44,6,38,25,23,21
Q6N043,141,14,127,64,83,58
Q6PIJ6,116,19,97,56,71,45
Q6XQN6,37,4,33,24,15,22
Q6ZMV9,68,0,68,27,41,27
Q7KYR7,37,0,37,15,22,15
Q7L273,28,2,26,13,17,11
Q7Z6Z6,29,0,29,16,13,16
Q86SH4,8,0,8,4,4,4
Q86U90,27,6,21,17,14,13
Q86WA8,46,3,43,25,18,28
Q8N0Z2,29,3,26,10,18,11
Q8N292,11,1,10,8,4,7
Q8N8J6,46,3,43,21,26,20
Q8N8R7,14,1,13,8,7,7
Q8NAV2,32,1,31,6,25,7
Q8NEG0,16,0,16,11,5,11
Q8TAF3,51,8,43,24,31,20
Q8WU39,11,0,11,4,7,4
Q8WUA7,55,15,40,27,39,16
Q8WVM0,17,1,16,9,9,8
Q8WW38,128,12,116,63,75,53
Q8WXC6,1,0,1,1,0,1
Q92618,117,10,107,47,80,37
Q969W0,3,0,3,3,0,3
Q9BSJ1,30,0,30,17,13,17
Q9BWT7,87,10,77,46,49,38
Q9BXY4,22,4,18,13,13,9
Q9H3M7,41,8,33,17,32,9
Q9H8G2,59,15,44,31,41,18
Q9H9L7,17,2,15,11,8,9
Q9HBJ0,23,0,23,14,9,14
Q9HBT7,54,0,54,34,20,34
Q9NP81,26,1,25,15,12,14
Q9NSB2,55,2,53,28,27,28
Q9NXB9,20,0,20,18,2,18
Q9NY35,21,1,20,14,6,15
Q9NYP7,21,3,18,17,7,14
Q9NZI7,57,6,51,31,30,27
Q9UBX5,26,0,26,17,9,17
Q9UNL2,22,4,18,16,8,14
Q9Y2K9,128,9,119,65,70,58
Q9Y6C7,5,0,5,4,1,4
Q9Y6Q5,40,3,37,22,19,21
A0A1B0GUS0,16,0,16,8,8,8
A0A1W2PR95,23,0,23,12,11,12
A6NEY8,4,0,4,2,2,2
A8MTY7,19,0,19,18,1,18
A8MX76,45,0,45,24,21,24
A8MZH6,5,0,5,3,2,3
O00268,84,14,70,44,50,34
O60829,3,0,3,1,2,1
O75106,56,0,56,27,29,27
O75360,21,0,21,13,8,13
O75461,20,1,19,10,11,9
O75628,35,6,29,13,28,7
O75888,22,2,20,9,15,7
O95007,22,0,22,20,2,20
O95243,71,14,57,29,50,21
O95461,49,0,49,27,22,27
P01767,14,0,14,10,4,10
P03951,53,2,51,33,20,33
P12111,229,13,216,120,120,109
P12270,265,67,198,127,169,96
P15259,14,5,9,8,11,3
P19113,59,2,57,30,29,30
P22415,27,3,24,15,15,12
P23297,3,0,3,2,1,2
P30679,26,2,24,13,15,11
P31431,17,1,16,6,10,7
P41567,1,0,1,1,0,1
P47813,5,2,3,2,5,0
P48051,32,1,31,16,17,15
P48960,74,3,71,48,25,49
P51617,79,11,68,37,49,30
P51671,5,0,5,3,2,3
P57058,62,2,60,26,38,24
P62899,5,2,3,2,3,2
P62906,9,0,9,4,5,4
P84098,12,5,7,7,4,8
Q04900,21,0,21,16,5,16
Q13619,50,8,42,24,30,20
Q15427,22,1,21,11,10,12
Q2Q1W2,69,2,67,35,36,33
Q5MAI5,19,0,19,14,5,14
Q5SY85,7,0,7,4,3,4
Q5T2S8,72,0,72,32,40,32
Q6P3S6,95,15,80,44,64,31
Q6UXD7,45,0,45,28,17,28
Q6UXI9,30,0,30,22,8,22
Q6ZMD2,39,0,39,27,12,27
Q7RTU1,18,0,18,5,13,5
Q7Z4W2,7,0,7,6,1,6
Q8IX05,17,1,16,14,2,15
Q8IZT8,14,0,14,7,7,7
Q8N196,51,0,51,24,27,24
Q8N568,101,18,83,38,75,26
Q8N6Q1,15,1,14,6,10,5
Q8N8Q3,20,2,18,11,11,9
Q8NA66,36,1,35,23,14,22
Q8NH56,21,0,21,15,6,15
Q8NI17,60,0,60,40,20,40
Q8TC20,66,1,65,32,35,31
Q8WVK7,9,1,8,6,4,5
Q8WWX8,54,0,54,44,10,44
Q96AH8,13,0,13,6,7,6
Q96AX1,31,0,31,18,13,18
Q96EY1,39,2,37,16,25,14
Q96RJ3,10,0,10,1,9,1
Q99728,105,19,86,47,77,28
Q9BPX6,27,0,27,17,10,17
Q9BRP1,25,2,23,13,14,11
Q9BSM1,18,3,15,10,7,11
Q9BT56,8,0,8,2,6,2
Q9BTP6,7,0,7,3,4,3
Q9BU23,48,5,43,30,23,25
Q9BZ67,49,12,37,25,34,15
Q9BZA7,117,2,115,66,53,64
Q9C026,54,3,51,30,27,27
Q9C0J8,79,14,65,39,52,27
Q9H1N7,31,1,30,21,11,20
Q9H4B7,33,2,31,19,16,17
Q9H598,33,1,32,23,11,22
Q9HAR2,128,4,124,63,65,63
Q9NQV7,67,2,65,39,30,37
Q9NRL3,78,13,65,45,46,32
Q9NVG8,28,7,21,13,14,14
Q9NZP2,23,0,23,18,5,18
Q9P0S2,7,1,6,4,4,3
Q9P2K8,144,16,128,77,81,63
Q9P2N6,130,21,109,69,78,52
Q9UBH0,11,0,11,7,4,7
Q9UBY0,71,8,63,33,40,31
Q9UJP4,36,0,36,20,16,20
Q9ULC3,20,5,15,6,15,5
Q9UN88,57,0,57,32,25,32
Q9UQQ1,63,0,63,31,32,31
Q9Y2Y1,3,0,3,0,3,0
Q9Y5G5,78,0,78,39,39,39
Q9Y5J3,41,6,35,15,30,11
Q9Y689,10,0,10,5,5,5
Q9Y6V7,19,1,18,10,10,9
A0A0A0MRZ7,17,0,17,15,2,15
A0A0B4J263,9,0,9,7,2,7
A2RRL7,11,0,11,8,3,8
A6NHA9,14,0,14,10,4,10
C0HLZ6,4,0,4,2,2,2
H0Y354,10,0,10,8,2,8
O00214,22,0,22,11,11,11
O14896,40,10,30,24,22,18
O43298,50,4,46,25,27,23
O95157,21,1,20,13,7,14
O95295,7,3,4,4,6,1
O95568,38,6,32,21,19,19
O95832,11,0,11,7,4,7
P02654,7,0,7,2,5,2
P02760,19,1,18,16,4,15
P04440,12,0,12,5,7,5
P08651,86,31,55,49,60,26
P09919,16,0,16,12,4,12
P0CL80,3,0,3,1,2,1
P0DKV0,141,1,140,112,30,111
P11597,47,2,45,34,15,32
P12109,58,5,53,29,34,24
P22362,7,0,7,4,3,4
P25874,20,1,19,10,11,9
P26447,10,3,7,7,4,6
P27539,19,1,18,10,10,9
P29374,166,40,126,79,115,51
P32243,40,1,39,23,18,22
P43115,35,0,35,26,9,26
P54646,65,18,47,34,37,28
P55795,50,13,37,25,38,12
P60903,2,0,2,1,1,1
Q02742,30,0,30,19,11,19
Q08495,85,36,49,42,61,24
Q14210,15,0,15,12,3,12
Q14CN2,78,0,78,44,34,44
Q15629,26,4,22,16,10,16
Q16518,27,1,26,20,6,21
Q2M3D2,25,1,24,7,19,6
Q4LEZ3,7,0,7,1,6,1
Q587J8,14,0,14,3,11,3
Q5JQC4,13,0,13,8,5,8
Q5JTB6,5,0,5,2,3,2
Q5SQN1,49,3,46,24,24,25
Q5U4N7,42,4,38,18,24,18
Q5VT97,139,20,119,60,89,50
Q5VT98,25,0,25,19,6,19
Q68D42,23,0,23,10,13,10
Q6IF99,30,0,30,28,2,28
Q6VAB6,83,7,76,36,54,29
Q7L0Q8,16,0,16,10,6,10
Q7Z2W9,17,1,16,7,9,8
Q7Z3H4,34,0,34,16,18,16
Q7Z553,67,0,67,37,30,37
Q86TB3,253,6,247,118,137,116
Q86XS5,30,0,30,21,9,21
Q8IV35,55,0,55,32,23,32
Q8IWT0,7,0,7,4,3,4
Q8IXK0,104,9,95,49,64,40
Q8N1N4,57,3,54,32,26,31
Q8N6F1,17,0,17,12,5,12
Q8N7F7,9,0,9,3,6,3
Q8NA47,32,2,30,18,12,20
Q8NDZ0,96,0,96,51,45,51
Q8NHV4,124,37,87,69,82,42
Q8WUZ0,21,8,13,10,19,2
Q8WVK2,29,10,19,10,29,0
Q8WXA2,5,0,5,3,2,3
Q8WYR1,105,11,94,56,56,49
Q92616,225,22,203,123,120,105
Q969Z0,51,3,48,32,22,29
Q96BV0,34,1,33,20,15,19
Q96DM1,47,2,45,23,24,23
Q96DZ5,39,6,33,19,26,13
Q96JA1,110,6,104,61,51,59
Q96K76,156,28,128,84,96,60
Q96S97,32,7,25,23,16,16
Q99726,31,0,31,22,9,22
Q9BQ95,18,0,18,10,8,10
Q9BX46,5,0,5,3,2,3
Q9BYU5,8,0,8,8,0,8
Q9H1P3,37,6,31,25,18,19
Q9H237,35,2,33,28,5,30
Q9H2A2,46,3,43,25,20,26
Q9H2B2,36,2,34,15,23,13
Q9H4G1,11,2,9,7,4,7
Q9H649,29,3,26,18,12,17
Q9H6Y2,34,5,29,19,18,16
Q9H832,30,5,25,17,18,12
Q9HCR9,83,5,78,43,45,38
Q9NPH0,28,4,24,16,12,16
Q9NUG4,55,4,51,28,31,24
Q9NV12,9,0,9,8,1,8
Q9NYQ6,234,14,220,123,125,109
Q9NYU2,118,8,110,69,57,61
Q9UIF3,19,1,18,9,9,10
Q9UJK0,26,8,18,11,23,3
Q9UNE0,46,6,40,23,29,17
Q9Y3M8,123,21,102,66,70,53
Q9Y573,41,1,40,21,21,20
A0A075B7E8,14,0,14,6,8,6
A0A087WZ39,7,0,7,4,3,4
A0A0B4J262,13,0,13,8,5,8
A0A0C4DH43,12,0,12,11,1,11
A0A0C4DH59,9,0,9,4,5,4
A8MTJ3,23,2,21,15,10,13
A8MXJ8,42,1,41,23,20,22
F2Z333,8,0,8,4,4,4
H0YL14,5,0,5,2,3,2
O00571,114,41,73,53,86,28
O00635,33,1,32,23,11,22
O14746,80,6,74,43,41,39
O14770,42,0,42,21,21,21
O14843,26,0,26,21,5,21
O95671,46,11,35,22,29,17
P01611,18,0,18,13,5,13
P0DMW3,5,0,5,3,2,3
P0DTA3,18,0,18,9,9,9
P11413,27,4,23,15,10,17
P17017,65,9,56,47,25,40
P17861,22,3,19,12,13,9
P27352,40,0,40,26,14,26
P45378,10,3,7,5,8,2
P45452,29,0,29,18,11,18
P47870,33,1,32,19,15,18
P48050,26,0,26,14,12,14
P49916,95,18,77,46,63,32
P55107,27,1,26,12,16,11
P55786,66,12,54,42,32,34
P60153,5,0,5,5,0,5
P78310,50,12,38,23,29,21
P78318,26,3,23,9,20,6
P80404,30,0,30,13,17,13
Q12882,79,7,72,50,34,45
Q13530,56,3,53,45,10,46
Q14832,66,0,66,48,18,48
Q15038,7,0,7,5,2,5
Q16099,71,3,68,46,28,43
Q2HXU8,30,0,30,21,9,21
Q2M2Z5,102,19,83,44,73,29
Q2TAA8,33,0,33,17,16,17
Q3B7T3,29,0,29,12,17,12
Q5JU85,175,20,155,57,138,37
Q5T0J3,15,0,15,9,6,9
Q5T0Z8,150,40,110,62,114,36
Q5VUY2,23,0,23,10,13,10
Q5VYM1,138,4,134,61,81,57
Q6AZZ1,29,0,29,18,11,18
Q6IN84,29,0,29,17,12,17
Q6L9W6,67,2,65,34,33,34
Q6N069,47,1,46,28,20,27
Q6UXE8,35,0,35,25,10,25
Q6ZRS4,114,0,114,63,51,63
Q7Z3Z0,34,1,33,17,16,18
Q86U10,29,0,29,16,13,16
Q8N3Z3,17,1,16,10,8,9
Q8N5J2,32,3,29,17,16,16
Q8NBW4,49,7,42,31,17,32
Q8NET8,46,1,45,25,22,24
Q8NGE8,24,0,24,22,2,22
Q8NGJ9,23,0,23,16,7,16
Q8NGL3,25,0,25,23,2,23
Q8NI51,52,6,46,26,30,22
Q8TAF5,11,0,11,6,5,6
Q8TD22,23,0,23,14,9,14
Q8TD57,266,3,263,165,100,166
Q8TE04,40,4,36,25,19,21
Q92563,34,1,33,23,12,22
Q96A58,9,0,9,3,6,3
Q96BK5,29,6,23,16,17,12
Q96DA2,12,1,11,6,7,5
Q96EM0,17,0,17,8,9,8
Q96G25,24,2,22,10,16,8
Q96J77,11,0,11,6,5,6
Q96LT6,22,0,22,13,9,13
Q96P15,36,2,34,23,15,21
Q96PP4,29,4,25,13,18,11
Q99614,35,11,24,20,22,13
Q9BSN7,14,1,13,7,8,6
Q9BUN8,11,2,9,6,7,4
Q9BXA6,14,0,14,5,9,5
Q9BZV1,27,5,22,11,21,6
Q9C093,104,2,102,49,57,47
Q9H819,18,1,17,11,6,12
Q9H845,44,6,38,25,17,27
Q9HAU8,56,0,56,36,20,36
Q9NP92,17,0,17,11,6,11
Q9NS15,95,4,91,61,34,61
Q9UBX8,18,0,18,14,4,14
Q9UIL8,20,2,18,11,11,9
Q9UIW0,33,0,33,6,27,6
Q9UJ98,110,4,106,63,51,59
Q9UK45,5,1,4,2,2,3
Q9UK80,58,7,51,24,41,17
Q9UKF7,25,0,25,12,13,12
Q9ULW8,35,0,35,21,14,21
Q9Y3C7,1,0,1,0,1,0
Q9Y4K1,250,55,195,120,183,67
Q9Y6D5,172,36,136,96,106,66
A0A1B0GX68,9,0,9,8,1,8
A0A8I5KY20,13,0,13,6,7,6
A1A4Y4,14,0,14,9,5,9
A6NNT2,76,0,76,35,41,35
A8MW95,23,0,23,9,14,9
A8MXT2,33,0,33,13,20,13
O14944,11,0,11,9,2,9
O14974,180,62,118,96,122,58
O15111,65,4,61,33,32,33
O43603,27,1,26,16,12,15
O60733,47,0,47,30,17,30
O75110,73,1,72,41,33,40
O75674,42,5,37,25,20,22
O75808,97,9,88,47,59,38
O75845,19,1,18,14,6,13
O95196,48,3,45,24,27,21
O95466,83,12,71,35,58,25
P05538,14,0,14,5,9,5
P05546,29,1,28,18,10,19
P07307,26,2,24,19,7,19
P0C626,20,0,20,15,5,15
P0CF51,8,0,8,4,4,4
P11230,39,0,39,26,13,26
P19827,64,2,62,34,30,34
P21397,24,2,22,18,8,16
P31269,19,2,17,8,13,6
P33981,120,34,86,59,65,55
P46379,108,18,90,53,59,49
P49411,15,3,12,10,8,7
P51157,11,0,11,7,4,7
P61578,9,0,9,6,3,6
P82279,123,0,123,97,26,97
Q04726,121,34,87,65,72,49
Q12891,30,0,30,19,11,19
Q13207,73,16,57,34,55,18
Q13884,64,18,46,34,42,22
Q14376,16,1,15,11,6,10
Q14691,10,0,10,5,5,5
Q15124,47,7,40,20,34,13
Q15391,33,1,32,26,8,25
Q15651,10,4,6,5,9,1
Q16881,28,1,27,14,13,15
Q17R98,154,12,142,79,83,71
Q1AE95,28,3,25,18,13,15
Q49AM1,26,1,25,16,11,15
Q5SWL8,36,0,36,17,19,17
Q5VZV1,17,0,17,8,9,8
Q6DHV5,119,0,119,70,49,70
Q6MZM9,7,0,7,3,4,3
Q6NUS8,37,0,37,25,12,25
Q6NVV3,40,0,40,33,7,33
Q6P2H3,98,16,82,42,64,34
Q6TCH7,24,0,24,22,2,22
Q6VVX0,28,0,28,16,12,16
Q6ZT12,161,9,152,96,70,91
Q7RTR0,69,2,67,45,22,47
Q7Z3B4,33,5,28,21,11,22
Q86UR1,28,6,22,16,16,12
Q8IY57,35,10,25,15,30,5
Q8IZU3,13,0,13,4,9,4
Q8N6V4,1,0,1,1,0,1
Q8N766,89,2,87,45,46,43
Q8NCJ5,31,3,28,17,15,16
Q8NFQ8,65,16,49,34,47,18
Q8NFX7,16,1,15,9,6,10
Q8TCD5,7,2,5,4,5,2
Q8TEJ3,105,11,94,54,62,43
Q8WTP9,5,0,5,3,2,3
Q8WUD1,22,5,17,10,15,7
Q8WUK0,9,0,9,4,5,4
Q969G9,47,4,43,21,26,21
Q96AA8,40,1,39,18,23,17
Q96DE5,11,1,10,6,6,5
Q96GM8,42,4,38,26,20,22
Q96KC8,39,8,31,17,28,11
Q96M11,27,4,23,13,14,13
Q96NC0,6,1,5,4,3,3
Q96PH1,55,1,54,27,29,26
Q96Q40,35,0,35,19,16,19
Q96R45,17,0,17,14,3,14
Q99706,38,0,38,25,13,25
Q9BPY8,3,0,3,1,2,1
Q9BXT4,89,0,89,53,36,53
Q9H0U3,21,1,20,15,7,14
Q9H2A9,29,0,29,13,16,13
Q9H7R0,48,0,48,35,13,35
Q9H8G1,36,1,35,27,10,26
Q9HAW8,36,1,35,30,5,31
Q9HC62,56,5,51,25,36,20
Q9NPC3,31,4,27,16,19,12
Q9NRG7,14,0,14,7,7,7
Q9NT62,6,0,6,3,3,3
Q9NWU1,37,3,34,19,17,20
Q9NX01,12,2,10,9,5,7
Q9NYR9,18,2,16,10,10,8
Q9NZI8,40,5,35,22,23,17
Q9P2D1,279,43,236,138,178,101
Q9Y3A5,11,2,9,7,6,5
A0A0B4J279,14,0,14,9,5,9
A0A0K0K1A3,9,0,9,3,6,3
A0A140TA67,19,0,19,19,0,19
A0A1W2PRN6,11,0,11,6,5,6
A6NHR9,138,14,124,86,64,74
A6NIZ1,8,0,8,5,3,5
B7Z3J9,7,0,7,4,3,4
H3BQL2,43,0,43,22,21,22
O00116,47,6,41,29,18,29
O00159,85,19,66,49,43,42
O14578,170,13,157,79,102,68
O60662,39,0,39,19,20,19
O60930,18,3,15,7,14,4
O75346,28,0,28,22,6,22
O75398,44,5,39,25,24,20
O75746,41,2,39,27,16,25
O75884,8,1,7,5,4,4
O95167,5,1,4,2,4,1
O95861,18,3,15,9,12,6
O95931,19,4,15,10,11,8
P00390,32,1,31,18,13,19
P04035,78,8,70,48,38,40
P04629,52,0,52,39,13,39
P06702,4,1,3,2,1,3
P10155,30,3,27,17,12,18
P11465,32,0,32,19,13,19
P12271,14,0,14,7,7,7
P17405,43,3,40,29,17,26
P22695,43,5,38,23,23,20
P25092,70,1,69,41,30,40
P31213,12,0,12,9,3,9
P46013,443,165,278,208,324,119
P49368,47,15,32,25,29,18
P49450,15,6,9,8,11,4
P50991,57,17,40,29,41,16
P51178,64,7,57,38,31,33
P52758,11,4,7,6,7,4
P52849,60,2,58,39,21,39
P54108,18,1,17,16,3,15
P57081,41,1,40,21,21,20
P61978,52,22,30,28,46,6
P78316,70,11,59,28,49,21
Q12894,47,3,44,29,21,26
Q13163,40,8,32,26,20,20
Q13233,214,34,180,98,142,72
Q13496,58,9,49,29,30,28
Q14997,123,7,116,69,57,66
Q15649,11,4,7,6,9,2
Q16659,75,15,60,41,45,30
Q3LHN1,4,0,4,4,0,4
Q5HYW3,29,0,29,13,16,13
Q5JSZ5,360,89,271,161,266,94
Q5TAB7,7,0,7,1,6,1
Q6NYC1,45,5,40,18,30,15
Q6PJP8,121,11,110,62,64,57
Q6T423,33,0,33,26,7,26
Q6UY14,102,0,102,56,46,56
Q6ZUS6,38,0,38,14,24,14
Q7L5Y1,19,1,18,11,7,12
Q7Z7H8,13,0,13,7,6,7
Q7Z7K6,35,12,23,18,29,6
Q86XR8,58,11,47,24,43,15
Q86Y30,8,0,8,4,4,4
Q8IYA8,64,1,63,29,36,28
Q8IZT6,311,79,232,158,226,85
Q8N122,130,21,109,77,72,58
Q8NET4,222,4,218,107,119,103
Q8TBJ5,28,0,28,14,14,14
Q8TEQ0,103,22,81,54,67,36
Q8WU43,6,0,6,2,4,2
Q92731,59,5,54,29,33,26
Q92915,18,0,18,6,12,6
Q93091,9,0,9,6,3,6
Q96BU1,58,5,53,24,37,21
Q96LL9,20,3,17,6,17,3
Q96PB7,36,1,35,22,15,21
Q99447,25,9,16,13,13,12
Q9BSG0,10,0,10,6,4,6
Q9BSJ2,65,2,63,40,27,38
Q9BUR4,74,15,59,40,47,27
Q9BXT5,337,5,332,180,154,183
Q9BZ95,161,26,135,88,93,68
Q9H2J4,13,3,10,6,10,3
Q9H6E4,13,1,12,8,4,9
Q9HBW0,28,2,26,20,6,22
Q9NVC3,30,3,27,19,10,20
Q9NXA8,18,1,17,10,9,9
Q9NY56,4,0,4,2,2,2
Q9NZH7,13,0,13,7,6,7
Q9NZP6,147,0,147,82,65,82
Q9P2N4,157,0,157,91,66,91
Q9UF56,54,1,53,35,20,34
Q9UJ71,28,0,28,15,13,15
Q9UJS0,37,3,34,20,16,21
Q9UL52,30,0,30,16,14,16
Q9Y3D7,14,4,10,7,9,5
Q9Y4I5,40,3,37,25,16,24
Q9Y561,83,6,77,43,44,39
Q9Y5F1,74,1,73,56,19,55
Q9Y618,350,108,242,160,296,54
A0A075B6I7,18,0,18,8,10,8
A0A075B6V5,13,0,13,9,4,9
A0A5B0,6,0,6,3,3,3
A6NCQ9,25,0,25,9,16,9
A6NDS4,36,0,36,24,12,24
A6NIJ9,27,0,27,25,2,25
A8MYZ0,39,0,39,23,16,23
B1AL46,74,0,74,34,40,34
E7ETH6,41,0,41,22,19,22
O00481,38,1,37,26,13,25
O00570,26,0,26,14,12,14
O60784,51,15,36,22,40,11
O75840,31,0,31,16,15,16
O94910,123,15,108,63,75,48
P02649,15,3,12,7,11,4
P08047,112,20,92,63,55,57
P09382,7,3,4,4,6,1
P09430,7,2,5,2,7,0
P0CAP2,47,8,39,17,38,9
P11169,36,3,33,26,13,23
P11226,16,1,15,7,10,6
P14222,37,0,37,20,17,20
P15374,18,5,13,9,12,6
P15502,15,0,15,4,11,4
P18577,32,0,32,23,9,23
P22083,38,0,38,15,23,15
P23468,134,3,131,69,68,66
P28328,16,0,16,8,8,8
P30046,11,2,9,6,7,4
P40429,4,1,3,2,3,1
P46020,113,17,96,58,64,49
P46782,15,5,10,9,9,6
P47211,29,0,29,20,9,20
P52272,56,24,32,30,50,6
P52744,17,0,17,7,10,7
P52951,33,0,33,11,22,11
P56378,1,0,1,1,0,1
Q13162,15,2,13,8,9,6
Q13951,7,0,7,2,5,2
Q14576,29,2,27,13,18,11
Q15056,32,13,19,13,28,4
Q17RQ9,36,2,34,23,15,21
Q17RR3,31,0,31,19,12,19
Q5JTC6,133,14,119,64,81,52
Q5MY95,37,0,37,26,11,26
Q6AWC2,157,14,143,71,98,59
Q6MZZ7,55,5,50,26,30,25
Q6NUJ1,37,1,36,20,18,19
Q6PF15,33,0,33,19,14,19
Q6PIU1,45,0,45,31,14,31
Q6ZRF7,11,0,11,9,2,9
Q6ZVL6,238,16,222,115,131,107
Q7L5A3,53,0,53,20,33,20
Q7Z3H0,34,0,34,16,18,16
Q7Z3K6,53,8,45,31,26,27
Q7Z4H4,12,0,12,3,9,3
Q86UP3,384,16,368,199,199,185
Q86US8,138,26,112,64,100,38
Q86UW1,20,0,20,14,6,14
Q86WS5,21,0,21,14,7,14
Q8N6M6,60,0,60,32,28,32
Q8N888,12,0,12,3,9,3
Q8NAE3,11,0,11,8,3,8
Q8NGY3,26,0,26,23,3,23
Q8NH04,25,0,25,18,7,18
Q8TEQ8,74,1,73,56,19,55
Q8WUY9,34,6,28,16,20,14
Q93045,17,7,10,9,13,4
Q969J2,46,5,41,27,24,22
Q96D03,21,1,20,14,6,15
Q96IZ5,33,2,31,15,20,13
Q96K21,42,12,30,20,30,12
Q96KK4,21,0,21,14,7,14
Q96KK5,2,0,2,1,1,1
Q96L14,27,0,27,8,19,8
Q96L21,11,2,9,6,7,4
Q96NE9,78,19,59,43,52,26
Q9BS40,8,1,7,4,5,3
Q9BY11,29,9,20,13,21,8
Q9BZL1,1,0,1,1,0,1
Q9C010,8,1,7,4,5,3
Q9C0K3,9,0,9,8,1,8
Q9H0C1,22,0,22,15,7,15
Q9H208,23,0,23,13,10,13
Q9H3Q3,21,1,20,8,14,7
Q9NP66,31,3,28,16,18,13
Q9NQZ3,50,0,50,17,33,17
Q9NR61,52,0,52,36,16,36
Q9NUB4,10,0,10,6,4,6
Q9NWT6,14,0,14,9,5,9
Q9UBY5,33,4,29,20,17,16
Q9UER7,125,40,85,52,105,20
Q9UKT6,45,0,45,30,15,30
Q9ULF5,56,7,49,34,29,27
Q9UM00,15,1,14,11,5,10
Q9UN36,43,14,29,26,31,12
Q9Y458,67,0,67,24,43,24
Q9Y4L5,28,0,28,11,17,11
Q9Y5P1,20,0,20,17,3,17
A0A075B6N2,12,0,12,7,5,7
A0A087WT03,7,0,7,4,3,4
A0A1B0GU71,4,0,4,2,2,2
A0A1W2PRP0,17,0,17,6,11,6
A0A2R8Y7Y5,45,0,45,29,16,29
A6NET4,16,0,16,15,1,15
A6NLX3,19,0,19,6,13,6
A8MWE9,12,0,12,7,5,7
O00584,11,0,11,7,4,7
O43929,31,1,30,16,16,15
O75143,58,5,53,27,34,24
O75781,38,13,25,17,32,6
O94973,77,5,72,45,35,42
O95711,14,0,14,13,1,13
P00439,29,3,26,20,8,21
P04083,29,11,18,15,21,8
P05162,12,0,12,7,5,7
P06576,36,12,24,20,28,8
P09683,11,0,11,8,3,8
P09917,38,7,31,25,12,26
P09923,34,3,31,16,21,13
P10114,16,2,14,8,10,6
P13489,45,4,41,33,14,31
P15090,10,2,8,6,2,8
P17028,37,11,26,23,13,24
P19835,43,0,43,16,27,16
P20807,57,5,52,30,32,25
P22455,80,10,70,52,36,44
P28069,21,0,21,11,10,11
P31321,31,9,22,18,22,9
P31639,48,0,48,36,12,36
P40939,58,11,47,30,35,23
P46778,6,2,4,4,4,2
P50453,29,2,27,19,12,17
P51532,137,28,109,68,87,50
P52824,71,4,67,43,32,39
P54793,43,1,42,26,18,25
P55344,13,0,13,11,2,11
P58181,21,0,21,17,4,17
P61313,13,4,9,5,12,1
P78363,163,7,156,100,68,95
P82251,36,1,35,23,14,22
Q04759,37,7,30,23,17,20
Q05C16,39,0,39,20,19,20
Q13401,9,0,9,6,3,6
Q13410,39,1,38,16,24,15
Q14588,53,1,52,43,11,42
Q14626,36,1,35,17,18,18
Q14781,72,6,66,20,58,14
Q15311,58,20,38,25,43,15
Q1HG43,26,0,26,16,10,16
Q5QJE6,148,54,94,69,105,43
Q6A555,8,0,8,4,4,4
Q6PK57,6,0,6,4,2,4
Q7RTN6,48,6,42,26,28,20
Q7Z5U6,32,0,32,20,12,20
Q7Z7C7,37,1,36,15,21,16
Q86TD4,32,4,28,17,15,17
Q86WA9,41,1,40,30,12,29
Q86Y01,34,0,34,21,13,21
Q86Y38,63,2,61,29,36,27
Q86YV0,96,28,68,48,74,22
Q8IV16,12,0,12,9,3,9
Q8IV42,17,0,17,14,3,14
Q8N0X2,47,2,45,27,22,25
Q8NA19,39,1,38,23,17,22
Q8NB49,78,9,69,43,44,34
Q8NB59,66,0,66,38,28,38
Q8NCU1,8,0,8,3,5,3
Q8ND24,94,28,66,48,74,20
Q8NEK5,43,1,42,31,11,32
Q8NGR6,21,0,21,14,7,14
Q8NH06,28,0,28,21,7,21
Q8TDR4,16,0,16,1,15,1
Q92823,105,6,99,53,58,47
Q92932,104,12,92,50,66,38
Q96BZ9,19,1,18,12,8,11
Q96EU6,13,1,12,7,7,6
Q96GS6,25,0,25,14,11,14
Q96IW2,24,1,23,11,14,10
Q96LD4,50,6,44,26,30,20
Q96RD0,29,0,29,24,5,24
Q99218,9,0,9,7,2,7
Q99622,7,1,6,4,2,5
Q9BW27,61,7,54,37,27,34
Q9H1E1,12,0,12,7,5,7
Q9H6Q4,32,1,31,19,14,18
Q9HAP6,13,1,12,7,7,6
Q9NP84,9,0,9,6,3,6
Q9NR19,45,7,38,26,26,19
Q9NS26,10,3,7,3,6,4
Q9NXF1,81,2,79,53,30,51
Q9P0S3,9,0,9,8,1,8
Q9P212,241,10,231,112,135,106
Q9UIH9,45,0,45,18,27,18
Q9UK22,15,0,15,9,6,9
Q9Y5U4,17,0,17,13,4,13
Q9Y663,27,1,26,16,12,15
A0A087X1C1,9,0,9,6,3,6
A4D0S4,130,2,128,80,50,80
A4D161,26,4,22,14,16,10
A6NE52,124,0,124,78,46,78
H3BU10,22,0,22,16,6,16
O14646,242,44,198,86,188,54
O15143,46,11,35,24,25,21
O15540,6,0,6,1,5,1
O15544,15,0,15,8,7,8
O60256,35,6,29,17,22,13
O75439,33,1,32,20,14,19
O75608,17,2,15,12,7,10
O94992,37,13,24,17,29,8
O95231,29,0,29,15,14,15
P04439,28,6,22,17,15,13
P05937,8,1,7,6,3,5
P0DUX1,17,0,17,8,9,8
P16442,14,0,14,6,8,6
P26651,88,34,54,44,58,30
P43007,39,4,35,22,21,18
P43080,11,0,11,7,4,7
P47881,22,0,22,15,7,15
P51817,17,0,17,6,11,6
P52435,4,0,4,2,2,2
P54707,70,2,68,40,32,38
P55081,42,18,24,20,36,6
P57721,36,5,31,15,26,10
Q01581,45,7,38,31,13,32
Q03052,22,0,22,6,16,6
Q12805,37,2,35,25,14,23
Q12866,96,7,89,58,41,55
Q13084,8,1,7,6,3,5
Q13349,106,2,104,58,50,56
Q13416,85,26,59,49,52,33
Q14093,34,4,30,11,27,7
Q149M9,118,2,116,81,39,79
Q15052,102,31,71,49,52,50
Q15583,58,11,47,30,39,19
Q16798,27,3,24,13,17,10
Q3KP66,79,9,70,30,58,21
Q5DJT8,15,0,15,11,4,11
Q5H9L2,16,4,12,8,12,4
Q5JUR7,15,0,15,14,1,14
Q5K4L6,38,5,33,28,13,25
Q5QGZ9,21,0,21,17,4,17
Q5VT25,176,32,144,127,71,105
Q5VTE0,22,0,22,17,5,17
Q5VVS0,7,0,7,5,2,5
Q674R7,82,0,82,62,20,62
Q6NUN7,104,6,98,75,33,71
Q6PI25,6,0,6,6,0,6
Q6UY11,14,0,14,13,1,13
Q6UY18,44,0,44,38,6,38
Q6ZMU5,32,6,26,23,11,21
Q6ZUV0,17,0,17,15,2,15
Q76N89,186,12,174,139,55,131
Q7RTR8,29,0,29,27,2,27
Q7Z6Z7,554,118,436,386,268,286
Q7Z7G1,38,3,35,30,9,29
Q86XR2,48,1,47,41,6,42
Q86Z02,160,14,146,125,49,111
Q8N543,46,2,44,37,11,35
Q8N7Q3,58,0,58,50,8,50
Q8TDR0,67,9,58,46,30,37
Q8TF45,74,2,72,61,15,59
Q8WWG1,10,0,10,9,1,9
Q8WZ75,130,13,117,89,50,80
Q92997,130,37,93,81,80,50
Q969K3,41,6,35,32,13,28
Q969M3,21,1,20,19,3,18
Q96BW9,40,0,40,31,9,31
Q96D98,11,0,11,8,3,8
Q96ER9,32,2,30,24,8,24
Q96JC4,42,0,42,33,9,33
Q96JG9,410,22,388,265,163,247
Q96N38,37,0,37,27,10,27
Q96P26,66,3,63,42,27,39
Q9BSW2,50,4,46,30,24,26
Q9BWP8,17,0,17,15,2,15
Q9BXB7,36,1,35,30,7,29
Q9BYR8,5,0,5,5,0,5
Q9BZG8,32,4,28,26,8,24
Q9H1J1,34,9,25,23,20,14
Q9H665,31,1,30,23,9,22
Q9H7B4,24,1,23,20,5,19
Q9H8L6,61,0,61,48,13,48
Q9H9A6,60,8,52,50,16,44
Q9HA47,17,4,13,13,6,11
Q9HAH1,46,1,45,38,9,37
Q9HCM1,225,16,209,182,59,166
Q9NVM9,64,5,59,55,14,50
Q9NX40,38,11,27,25,24,14
Q9NXL2,69,0,69,54,15,54
Q9P1Z0,101,6,95,52,53,48
Q9UBE0,23,3,20,12,14,9
Q9UI40,59,3,56,52,10,49
Q9UKF5,57,0,57,53,4,53
Q9UKX3,120,10,110,78,50,70
Q9ULY5,19,0,19,19,0,19
Q9Y5L2,7,1,6,4,4,3
A0A0A6YYK7,12,0,12,11,1,11
A0A1W2PPK0,36,0,36,31,5,31
A6NDZ8,12,0,12,8,4,8
A6NG13,28,0,28,25,3,25
E9PB15,7,0,7,6,1,6
O00716,52,7,45,38,19,33
O14924,200,34,166,132,92,108
O15195,64,2,62,48,18,46
O60508,59,14,45,42,23,36
O60645,45,2,43,38,9,36
O75112,87,8,79,57,36,51
O75771,22,0,22,18,4,18
O75800,27,0,27,25,2,25
O75911,13,0,13,12,1,12
P01893,22,1,21,11,12,10
P06315,9,1,8,7,3,6
P07686,40,1,39,34,7,33
P12882,128,38,90,80,84,44
P13164,10,1,9,9,2,8
P13796,46,16,30,28,18,28
P14735,54,3,51,46,11,43
P15621,57,3,54,48,12,45
P16035,13,0,13,12,1,12
P17900,18,0,18,14,4,14
P25103,29,1,28,25,3,26
P26583,29,12,17,16,17,12
P31415,19,4,15,11,12,7
P33240,46,14,32,27,27,19
P35326,1,0,1,0,1,0
P49641,84,1,83,69,16,68
P51571,16,0,16,15,1,15
P53004,33,8,25,23,12,21
P53816,11,1,10,7,5,6
P60369,37,0,37,36,1,36
P62253,5,0,5,4,1,4
Q06330,43,4,39,35,10,33
Q13017,119,20,99,87,46,73
Q13563,100,20,80,63,55,45
Q13571,28,2,26,25,3,25
Q13671,88,18,70,59,45,43
Q14151,115,37,78,66,64,51
Q15326,48,10,38,36,16,32
Q5HYI8,20,3,17,15,4,16
Q5T200,300,109,191,153,248,52
Q5T700,15,0,15,15,0,15
Q5TZJ5,157,0,157,130,27,130
Q68D51,89,7,82,70,20,69
Q6A162,40,0,40,36,4,36
Q6UXN8,33,0,33,28,5,28
Q6ZU45,46,0,46,41,5,41
Q7Z4G1,5,0,5,4,1,4
Q86V24,26,0,26,25,1,25
Q86YS3,50,0,50,36,14,36
Q86YW5,28,0,28,23,5,23
Q8IWL1,11,0,11,10,1,10
Q8IWZ5,68,5,63,52,17,51
Q8IX30,59,3,56,48,10,49
Q8IZD9,188,6,182,152,34,154
Q8N687,11,0,11,11,0,11
Q8N6M5,18,1,17,13,4,14
Q8N8J0,23,0,23,20,3,20
Q8N8S7,69,25,44,42,52,17
Q8NEB5,15,0,15,14,1,14
Q8NI22,8,1,7,6,3,5
Q8TC71,72,11,61,48,33,39
Q8TEY5,39,5,34,25,17,22
Q8WTR7,78,1,77,60,19,59
Q8WU17,52,4,48,46,10,42
Q8WVZ9,69,4,65,52,21,48
Q92833,130,20,110,95,45,85
Q96GQ7,49,14,35,31,30,19
Q96GU1,11,4,7,5,10,1
Q96NU7,19,0,19,18,1,18
Q96Q35,28,0,28,23,5,23
Q96S16,14,1,13,12,3,11
Q9BR46,20,0,20,17,3,17
Q9BSF0,4,1,3,2,3,1
Q9BTE7,20,3,17,17,6,14
Q9BZX4,9,0,9,8,1,8
Q9H0N5,8,0,8,7,1,7
Q9H1Z8,4,0,4,3,1,3
Q9H269,51,1,50,44,8,43
Q9H341,21,0,21,20,1,20
Q9H9D4,64,7,57,47,18,46
Q9HAW7,34,1,33,30,3,31
Q9NPJ4,16,0,16,11,5,11
Q9NWU5,10,0,10,7,3,7
Q9NX76,13,0,13,12,1,12
Q9P286,104,9,95,76,37,67
Q9UBT7,57,3,54,51,9,48
Q9UHV8,7,0,7,6,1,6
Q9UJQ1,20,0,20,18,2,18
Q9UK05,45,1,44,36,10,35
Q9UKB1,52,2,50,46,8,44
Q9ULQ0,62,5,57,52,15,47
Q9ULT8,310,48,262,240,110,200
Q9Y2T7,20,5,15,13,12,8
Q9Y3A0,13,1,12,9,5,8
Q9Y508,16,3,13,13,4,12
A0A0B4J238,7,0,7,6,1,6
A0A1B0GUJ8,8,0,8,7,1,7
A0A1W2PNU3,45,0,45,27,18,27
A6ND91,21,3,18,17,5,16
A8MWX3,41,0,41,31,10,31
D6RA61,39,0,39,34,5,34
O14764,37,1,36,30,8,29
O14832,21,3,18,17,7,14
O15015,176,16,160,131,61,115
O15405,64,1,63,47,18,46
O43166,375,118,257,235,216,159
O43822,31,4,27,25,10,21
O75127,39,1,38,32,8,31
O75390,34,3,31,28,9,25
O75964,6,2,4,4,2,4
O94778,11,0,11,10,1,10
O94885,196,56,140,126,110,86
P00558,38,17,21,20,17,21
P03923,9,0,9,8,1,8
P0DW85,6,0,6,5,1,5
P13533,132,36,96,88,70,62
P16050,31,2,29,25,6,25
P17655,44,6,38,37,13,31
P23368,24,0,24,23,1,23
P26641,32,7,25,23,10,22
P32121,25,1,24,18,8,17
P32519,76,14,62,52,34,42
P52179,172,19,153,136,53,119
P53673,14,1,13,12,3,11
P61221,38,9,29,27,20,18
P62333,21,5,16,16,4,17
P62879,31,4,27,25,10,21
P63267,36,12,24,20,28,8
P68032,34,11,23,19,26,8
Q02878,23,9,14,11,15,8
Q14978,196,81,115,95,170,26
Q15125,8,0,8,8,0,8
Q15858,172,7,165,127,52,120
Q49A17,32,0,32,28,4,28
Q5BJF2,10,1,9,9,0,10
Q5JV73,205,6,199,156,53,152
Q5QGS0,192,4,188,149,45,147
Q5VT06,484,85,399,318,205,279
Q5VWJ9,40,11,29,27,16,24
Q5VZ72,11,0,11,11,0,11
Q5XUX0,27,2,25,18,9,18
Q6ICH7,23,0,23,19,4,19
Q6NT55,29,0,29,26,3,26
Q6P461,37,0,37,35,2,35
Q6UWU4,15,0,15,13,2,13
Q6UXF7,29,0,29,26,3,26
Q6ZQN5,28,0,28,21,7,21
Q6ZS72,29,0,29,18,11,18
Q7Z2Y8,187,0,187,166,21,166
Q7Z7M0,222,2,220,189,33,189
Q86X19,12,0,12,10,2,10
Q8IVY1,4,0,4,4,0,4
Q8IXQ5,34,2,32,28,4,30
Q8IY21,128,6,122,107,19,109
Q8IYL9,22,1,21,21,2,20
Q8N3C0,143,15,128,115,33,110
Q8N5U1,14,0,14,13,1,13
Q8NGC6,21,0,21,20,1,20
Q8NH87,34,1,33,30,3,31
Q8TCQ1,25,0,25,16,9,16
Q8WUW1,5,0,5,5,0,5
Q8WXI2,115,10,105,76,49,66
Q92771,66,2,64,53,15,51
Q969W8,36,0,36,32,4,32
Q96A59,21,1,20,15,7,14
Q96CB9,29,2,27,21,10,19
Q96D31,38,6,32,27,15,23
Q96HE7,35,5,30,28,8,27
Q96L50,36,2,34,29,9,27
Q96LR4,13,0,13,12,1,12
Q96NG5,39,0,39,32,7,32
Q96NT1,7,2,5,4,5,2
Q96PS6,11,0,11,10,1,10
Q99666,219,54,165,136,135,84
Q99678,21,0,21,18,3,18
Q9BRJ7,12,1,11,10,1,11
Q9BZ81,19,0,19,13,6,13
Q9BZY9,36,1,35,29,6,30
Q9GZN4,23,0,23,22,1,22
Q9GZY0,63,2,61,54,9,54
Q9H0H3,52,5,47,40,17,35
Q9H2U1,68,7,61,51,24,44
Q9HAU6,14,0,14,12,2,12
Q9HB65,36,0,36,29,7,29
Q9NQA3,37,1,36,30,8,29
Q9NRH3,40,5,35,31,14,26
Q9NYQ3,19,0,19,16,3,16
Q9P227,200,46,154,134,108,92
Q9P2W7,13,0,13,11,2,11
Q9UFW8,15,4,11,10,9,6
Q9UJT0,42,0,42,37,5,37
Q9Y303,21,0,21,21,0,21
Q9Y592,37,1,36,30,8,29
Q9Y5E3,66,1,65,58,9,57
Q9Y6W6,45,1,44,39,7,38
A0A0B4J249,10,0,10,10,0,10
A0A0B4J266,12,0,12,10,2,10
A0A2R8Y4Y8,11,0,11,8,3,8
A0A494C071,189,0,189,149,40,149
A0A6I8PU40,2,0,2,1,1,1
A6NCS6,10,0,10,9,1,9
A6NEV1,23,0,23,14,9,14
A6NLC5,30,0,30,23,7,23
A8K4G0,14,0,14,10,4,10
A8MVX0,76,0,76,56,20,56
B2RXH2,32,1,31,27,4,28
O14713,39,10,29,27,18,21
O14717,25,0,25,17,8,17
O14772,54,1,53,50,5,49
O15255,26,1,25,17,10,16
O15455,78,2,76,70,6,72
O43292,37,2,35,31,6,31
O43745,12,2,10,8,6,6
O75204,16,1,15,14,3,13
O75912,85,3,82,64,24,61
O75937,13,4,9,8,9,4
P00488,43,0,43,40,3,40
P01705,19,0,19,17,2,17
P07306,23,1,22,21,3,20
P17509,24,4,20,18,10,14
P22061,12,1,11,8,5,7
P22234,41,11,30,28,14,27
P23946,16,1,15,15,2,14
P33241,48,16,32,29,29,19
P34947,31,2,29,25,8,23
P40967,60,0,60,54,6,54
P49757,74,19,55,48,37,37
P49810,33,7,26,25,13,20
P53602,33,4,29,25,12,21
P53992,100,10,90,74,28,72
P56748,18,4,14,13,9,9
P57730,3,0,3,3,0,3
P62258,24,10,14,12,18,6
Q01459,25,0,25,21,4,21
Q02413,108,11,97,86,33,75
Q0VF96,136,26,110,88,66,70
Q13347,28,4,24,22,6,22
Q14050,21,0,21,17,4,17
Q15025,55,14,41,37,28,27
Q15436,56,3,53,51,4,52
Q15699,40,6,34,28,18,22
Q16538,55,0,55,40,15,40
Q494R0,11,0,11,6,5,6
Q567U6,49,9,40,33,17,32
Q58FF7,46,6,40,27,17,29
Q5SRE7,26,2,24,20,6,20
Q5T5A8,16,0,16,13,3,13
Q5T870,3,0,3,3,0,3
Q6PCB0,34,0,34,28,6,28
Q6QHF9,30,0,30,26,4,26
Q6S5H5,43,1,42,31,13,30
Q6ZNX1,23,0,23,20,3,20
Q6ZP80,16,0,16,15,1,15
Q6ZUT9,97,9,88,80,26,71
Q701N4,34,0,34,33,1,33
Q7L7X3,91,16,75,66,41,50
Q8IZD6,53,0,53,47,6,47
Q8N1G2,87,18,69,66,37,50
Q8N264,93,16,77,64,33,60
Q8N9B5,100,21,79,62,57,43
Q8NAN2,65,3,62,56,8,57
Q8NCU7,25,0,25,12,13,12
Q8NFM7,69,0,69,58,11,58
Q8NGN4,25,0,25,24,1,24
Q8NHP7,35,0,35,26,9,26
Q8TB52,77,5,72,64,18,59
Q8WU67,35,0,35,28,7,28
Q969P5,26,1,25,23,2,24
Q96A00,18,7,11,9,16,2
Q96H96,21,0,21,18,3,18
Q96KN8,21,0,21,15,6,15
Q96LU5,14,0,14,11,3,11
Q96MC2,47,0,47,42,5,42
Q96MV8,20,0,20,18,2,18
Q96QD9,23,6,17,14,15,8
Q96SY0,33,3,30,26,10,23
Q9BPZ7,67,12,55,48,27,40
Q9BVG8,82,15,67,55,34,48
Q9BYE9,114,2,112,102,12,102
Q9H2W2,19,0,19,11,8,11
Q9H2W6,17,2,15,13,6,11
Q9H7H0,30,0,30,23,7,23
Q9H8S9,11,2,9,7,4,7
Q9HC52,47,12,35,32,25,22
Q9NRX6,1,0,1,1,0,1
Q9NTN3,21,0,21,18,3,18
Q9NUM3,24,0,24,21,3,21
Q9UHF0,13,0,13,12,1,12
Q9UIR0,36,0,36,33,3,33
Q9UKY0,5,0,5,5,0,5
Q9UQ52,99,2,97,82,17,82
Q9Y259,31,3,28,27,7,24
Q9Y2P7,74,2,72,56,18,56
Q9Y2Y8,14,1,13,12,3,11
Q9Y6Q1,32,0,32,27,5,27
A0A075B6S2,16,0,16,16,0,16
A0A1W2PPG7,1,0,1,1,0,1
A0PJX0,14,0,14,11,3,11
A6NFR6,50,1,49,36,15,35
A6NH13,16,0,16,12,4,12
A6NIV6,34,0,34,30,4,30
A6NKD2,16,0,16,14,2,14
A8MU46,40,0,40,24,16,24
B2RC85,76,5,71,50,31,45
O14668,21,6,15,15,12,9
O15265,166,27,139,115,72,94
O43252,19,3,16,14,8,11
O43678,4,0,4,4,0,4
O75414,10,0,10,9,1,9
O75626,87,11,76,61,37,50
O76041,92,8,84,66,34,58
O94919,41,4,37,30,15,26
P01266,273,5,268,233,43,230
P03950,9,1,8,8,2,7
P04234,9,1,8,8,2,7
P05305,19,2,17,12,9,10
P07438,4,0,4,3,1,3
P08708,9,4,5,5,6,3
P14209,14,1,13,12,3,11
P15529,29,0,29,24,5,24
P23219,30,0,30,28,2,28
P25685,26,8,18,14,18,8
P28482,21,6,15,14,5,16
P31930,35,4,31,26,13,22
P35613,39,8,31,29,16,23
P41225,42,3,39,30,15,27
P51649,37,7,30,25,17,20
P57077,6,0,6,5,1,5
P61550,54,0,54,49,5,49
P61916,18,3,15,14,5,13
P62324,20,2,18,16,6,14
Q0D2K0,35,0,35,30,5,30
Q13093,27,0,27,20,7,20
Q13642,13,1,12,10,2,11
Q13702,28,0,28,26,2,26
Q14457,31,7,24,23,15,16
Q14590,75,1,74,69,7,68
Q14676,298,100,198,168,186,112
Q16527,11,2,9,9,4,7
Q3SY56,35,6,29,23,18,17
Q52M75,6,0,6,4,2,4
Q53H80,28,8,20,17,15,13
Q5GAN6,14,0,14,11,3,11
Q6IA69,55,2,53,44,13,42
Q6UWI4,30,0,30,22,8,22
Q6UX27,31,0,31,27,4,27
Q6UXL0,21,0,21,16,5,16
Q6ZSG2,39,0,39,27,12,27
Q7Z2V1,37,0,37,28,9,28
Q7Z5L4,21,4,17,12,9,12
Q86T82,133,18,115,100,51,82
Q86W42,27,0,27,23,4,23
Q86WC6,8,0,8,5,3,5
Q8N413,17,0,17,16,1,16
Q8N4N8,48,3,45,35,12,36
Q8N7C4,23,0,23,22,1,22
Q8NE71,51,17,34,33,35,16
Q8NGI7,28,0,28,23,5,23
Q8NGK9,27,0,27,26,1,26
Q8TF09,4,0,4,3,1,3
Q92600,19,1,18,15,5,14
Q96C03,28,1,27,24,5,23
Q96JL9,57,3,54,50,8,49
Q96LB9,19,0,19,13,6,13
Q96M29,27,0,27,21,6,21
Q96NK8,25,0,25,16,9,16
Q96PC5,130,0,130,97,33,97
Q96S59,80,12,68,61,31,49
Q99062,71,3,68,59,13,58
Q9BSE2,29,2,27,22,9,20
Q9BUA3,46,14,32,28,30,16
Q9C0D6,168,31,137,104,83,85
Q9C0I9,37,1,36,24,12,25
Q9H1H9,209,32,177,151,84,125
Q9HC21,22,1,21,17,6,16
Q9NQ89,46,3,43,35,12,34
Q9NRJ7,64,0,64,50,14,50
Q9NTX9,49,1,48,34,16,33
Q9NWS8,33,1,32,26,8,25
Q9NWT1,38,6,32,29,13,25
Q9NYW0,25,0,25,22,3,22
Q9NZP0,24,0,24,24,0,24
Q9NZW5,36,6,30,28,12,24
Q9P109,34,0,34,31,3,31
Q9P260,125,27,98,89,55,70
Q9UJ04,23,1,22,17,7,16
Q9UKG4,49,0,49,46,3,46
Q9ULI0,173,34,139,122,69,104
Q9ULJ8,131,21,110,92,60,71
Q9Y217,63,8,55,50,21,42
Q9Y257,19,0,19,16,3,16
Q9Y2K5,140,21,119,91,68,72
Q9Y462,54,4,50,41,17,37
Q9Y614,28,2,26,23,5,23
A0A0B4J277,11,0,11,9,2,9
A0A0J9YX94,29,0,29,21,8,21
A0A2R8YCY7,22,0,22,20,2,20
A8MV23,36,0,36,32,4,32
A8MYV0,12,0,12,8,4,8
B1ANY3,27,0,27,25,2,25
C9J069,82,12,70,47,47,35
C9JUS6,6,0,6,3,3,3
O00300,26,1,25,21,6,20
O14681,43,7,36,36,12,31
O14986,58,6,52,41,23,35
O15031,129,5,124,110,24,105
O43318,80,20,60,54,34,46
O43719,98,40,58,57,67,31
O60927,14,7,7,7,12,2
O75717,136,30,106,95,49,87
O94772,15,0,15,14,1,14
O94779,123,2,121,96,29,94
O95025,54,3,51,46,11,43
O95267,78,9,69,55,32,46
O95777,10,4,6,6,8,2
O95858,12,0,12,12,0,12
P01589,18,0,18,16,2,16
P05549,49,12,37,32,27,22
P09132,7,0,7,5,2,5
P0CG31,59,6,53,47,18,41
P0DV75,44,0,44,27,17,27
P20132,21,1,20,18,4,17
P22891,24,0,24,24,0,24
P23469,35,3,32,31,7,28
P29122,76,1,75,69,6,70
P29144,100,9,91,82,27,73
P32004,109,13,96,78,42,67
P35680,76,8,68,55,27,49
P36405,15,5,10,10,8,7
P36969,6,0,6,6,0,6
P48061,4,0,4,4,0,4
P49336,28,2,26,21,9,19
P50238,3,1,2,2,2,1
P51608,72,22,50,40,48,24
P53582,21,1,20,20,2,19
Q01432,63,10,53,45,28,35
Q02297,90,2,88,67,25,65
Q02880,161,47,114,104,80,81
Q03252,105,54,51,69,90,15
Q0D2J5,31,0,31,28,3,28
Q13296,5,0,5,5,0,5
Q13418,25,5,20,19,7,18
Q14CZ7,44,0,44,41,3,41
Q15937,58,4,54,45,17,41
Q16539,22,4,18,17,5,17
Q494R4,7,0,7,6,1,6
Q58FF6,37,0,37,26,11,26
Q5SRD1,5,0,5,5,0,5
Q5SZI1,26,1,25,17,8,18
Q5T3Y7,9,0,9,9,0,9
Q5TCH4,34,1,33,32,3,31
Q5VT99,27,0,27,21,6,21
Q66K64,61,8,53,47,22,39
Q6K0P9,50,1,49,39,12,38
Q6MZQ0,39,4,35,29,14,25
Q6NSJ2,50,7,43,39,16,34
Q6P575,14,0,14,11,3,11
Q6PG37,41,0,41,37,4,37
Q6ZMT9,72,1,71,60,13,59
Q86X53,39,6,33,27,16,23
Q8IW93,87,9,78,62,32,55
Q8N7Q2,15,0,15,12,3,12
Q8N7X2,31,0,31,20,11,20
Q8NBL1,27,1,26,25,3,24
Q8NCB2,32,1,31,27,6,26
Q8NEY4,34,3,31,27,10,24
Q8TDI7,87,4,83,60,29,58
Q8TF62,84,3,81,68,17,67
Q92733,48,14,34,31,29,19
Q96A28,33,0,33,31,2,31
Q96M15,14,0,14,12,2,12
Q96P65,21,1,20,20,2,19
Q96T52,12,0,12,7,5,7
Q9BQE4,13,1,12,9,5,8
Q9BQW3,52,0,52,40,12,40
Q9BT73,10,1,9,6,5,5
Q9BX79,53,3,50,48,8,45
Q9BXT6,97,3,94,83,13,84
Q9H161,47,5,42,34,18,29
Q9H1R2,20,0,20,17,3,17
Q9H347,53,0,53,41,12,41
Q9H7B7,4,0,4,4,0,4
Q9H9Q4,32,7,25,24,3,29
Q9HAY2,11,1,10,4,8,3
Q9NPF4,15,0,15,12,3,12
Q9NQX6,28,0,28,24,4,24
Q9NXH9,53,8,45,40,19,34
Q9UBY9,23,0,23,13,10,13
Q9UJ37,29,0,29,28,1,28
Q9UNA0,74,3,71,57,20,54
Q9UQN3,24,9,15,15,16,8
Q9Y6H6,8,1,7,6,3,5
Q9Y6N9,40,6,34,30,16,24
W6CW81,11,0,11,8,3,8
A0A096LPK9,15,0,15,14,1,14
A0A0A6YYK1,10,0,10,9,1,9
A0A1B0GUU1,41,0,41,33,8,33
A1L0T0,28,0,28,23,5,23
A6H8Z2,42,0,42,35,7,35
A6NDR6,26,0,26,25,1,25
A6NFN3,12,1,11,9,2,10
O00505,37,8,29,25,16,21
O14904,23,0,23,18,5,18
O15553,72,6,66,54,24,48
O43300,42,0,42,37,5,37
O60516,4,1,3,3,2,2
O75348,5,1,4,3,3,2
O75530,41,5,36,31,11,30
P07357,51,5,46,36,18,33
P09237,17,0,17,16,1,16
P0DMW2,3,0,3,2,1,2
P10721,89,11,78,66,30,59
P12273,4,0,4,4,0,4
P13804,33,10,23,22,17,16
P18583,440,103,337,292,201,239
P18859,9,2,7,6,5,4
P20336,18,2,16,12,8,10
P26374,63,4,59,53,10,53
P35498,159,11,148,117,53,106
P43243,133,55,78,77,95,38
P43364,46,10,36,32,22,24
P50458,33,0,33,23,10,23
P55083,20,0,20,19,1,19
P55789,12,3,9,8,7,5
P56182,28,8,20,19,15,13
P59551,23,0,23,23,0,23
P59817,62,0,62,45,17,45
P67870,9,3,6,6,6,3
P78527,399,73,326,302,120,279
Q09472,226,33,193,158,91,135
Q13011,36,10,26,25,21,15
Q14028,84,2,82,56,30,54
Q15642,70,18,52,48,34,36
Q52WX2,18,0,18,12,6,12
Q5EBM4,9,0,9,8,1,8
Q5T9Z0,16,0,16,16,0,16
Q6BCY4,11,1,10,8,2,9
Q6BDI9,16,0,16,13,3,13
Q6P531,43,0,43,35,8,35
Q6UVJ0,59,10,49,44,19,40
Q6UWM5,13,0,13,11,2,11
Q6UWR7,29,1,28,21,7,22
Q6ZN54,30,1,29,26,5,25
Q6ZQW0,26,0,26,22,4,22
Q86WA6,12,0,12,12,0,12
Q86XT2,15,1,14,10,6,9
Q8IUR6,65,2,63,52,13,52
Q8IXH8,59,0,59,47,12,47
Q8IXQ4,39,5,34,19,25,14
Q8IYM9,46,5,41,35,14,32
Q8N0V4,54,0,54,50,4,50
Q8N6K7,27,1,26,20,8,19
Q8NEG7,41,2,39,33,8,33
Q8NGG4,31,0,31,27,4,27
Q8NGK2,17,0,17,17,0,17
Q8NH50,23,0,23,22,1,22
Q8TED4,36,0,36,31,5,31
Q8WXI7,2689,45,2644,2199,521,2168
Q92922,77,17,60,51,41,36
Q96A05,9,0,9,7,2,7
Q96AE7,78,3,75,64,13,65
Q96C55,23,3,20,17,9,14
Q96CN7,19,1,18,14,6,13
Q96PC3,7,1,6,5,3,4
Q96PV6,86,10,76,58,38,48
Q96QT6,115,20,95,91,44,71
Q99942,10,2,8,8,4,6
Q9BWX1,34,0,34,32,2,32
Q9BYQ0,16,0,16,15,1,15
Q9BYQ5,28,0,28,28,0,28
Q9C004,34,5,29,28,11,23
Q9H0C3,34,0,34,31,3,31
Q9H0V1,50,0,50,44,6,44
Q9H1D0,37,0,37,26,11,26
Q9HBL0,357,128,229,205,264,93
Q9HBM0,74,9,65,56,21,53
Q9NQX4,120,7,113,97,28,92
Q9NQZ2,40,10,30,27,23,17
Q9NR11,61,2,59,51,10,51
Q9NR20,37,2,35,25,14,23
Q9NVR5,86,8,78,65,29,57
Q9NXZ2,44,1,43,35,8,36
Q9NYQ8,369,9,360,299,67,302
Q9UBD0,35,0,35,24,11,24
Q9UI25,5,0,5,4,1,4
Q9ULV4,35,5,30,27,11,24
Q9UNT1,15,0,15,10,5,10
Q9Y2G1,122,1,121,91,30,92
Q9Y2L8,72,3,69,60,15,57
Q9Y519,42,6,36,31,17,25
Q9Y5Q5,94,1,93,85,10,84
Q9Y6S9,47,1,46,34,12,35
Q9Y6Y0,66,15,51,46,35,31
A4QMS7,10,0,10,8,2,8
A6NJT0,45,4,41,31,18,27
B4DYI2,137,0,137,119,18,119
H0Y7S4,23,0,23,22,1,22
O00399,4,0,4,4,0,4
O14498,34,0,34,31,3,31
O14653,12,0,12,12,0,12
O14718,25,0,25,23,2,23
O14931,15,0,15,15,0,15
O43286,20,0,20,18,2,18
O60939,15,1,14,11,5,10
O75355,45,0,45,43,2,43
O95177,15,0,15,11,4,11
O95218,98,25,73,29,88,10
P07741,14,5,9,9,10,4
P07948,39,11,28,25,19,20
P08235,164,16,148,121,59,105
P09769,39,8,31,26,11,28
P0DPK2,4,0,4,1,3,1
P0DTE4,31,0,31,29,2,29
P13686,20,0,20,20,0,20
P20929,425,0,425,373,52,373
P21953,22,2,20,18,6,16
P33991,89,23,66,60,42,47
P35638,23,6,17,14,9,14
P35908,95,17,78,60,52,43
P47755,13,2,11,11,4,9
P61018,17,2,15,12,7,10
P61927,4,1,3,3,2,2
P78414,35,0,35,22,13,22
Q02221,5,0,5,5,0,5
Q03701,90,20,70,68,32,58
Q0P5P2,4,0,4,3,1,3
Q12950,34,0,34,26,8,26
Q13470,71,21,50,40,40,31
Q13472,65,8,57,49,22,43
Q14247,74,34,40,40,40,34
Q15198,28,1,27,25,4,24
Q15652,346,56,290,247,129,217
Q15678,125,28,97,87,62,63
Q15777,14,0,14,14,0,14
Q16663,12,0,12,12,0,12
Q29983,28,1,27,25,4,24
Q3LI70,2,0,2,1,1,1
Q3ZCQ8,22,3,19,17,8,14
Q3ZCT8,40,0,40,30,10,30
Q5VT66,21,1,20,18,4,17
Q5W188,6,0,6,6,0,6
Q6IBS0,20,1,19,15,6,14
Q6P1Q9,23,2,21,19,6,17
Q6P1X5,112,9,103,93,20,92
Q6P9G0,12,0,12,12,0,12
Q6PIW4,66,4,62,53,13,53
Q6Y1H2,19,1,18,18,0,19
Q7Z6A9,24,0,24,22,2,22
Q86SJ6,82,3,79,67,14,68
Q86UE3,41,1,40,36,4,37
Q8IU54,11,0,11,8,3,8
Q8IUH4,39,1,38,35,5,34
Q8IYK8,33,6,27,21,16,17
Q8IZP1,35,0,35,27,8,27
Q8N6Q8,54,3,51,44,13,41
Q8NE65,19,0,19,17,2,17
Q8NER1,65,8,57,49,20,45
Q8NH37,19,0,19,16,3,16
Q8NH89,24,0,24,24,0,24
Q8TAC9,15,0,15,13,2,13
Q8WUU5,29,4,25,22,9,20
Q8WXG8,3,0,3,2,1,2
Q92686,3,1,2,1,3,0
Q92959,68,0,68,59,9,59
Q96DN2,89,2,87,69,20,69
Q96E35,8,0,8,6,2,6
Q96F25,23,3,20,17,9,14
Q96GY3,32,8,24,22,18,14
Q96IT1,54,7,47,42,19,35
Q96JB1,291,5,286,249,45,246
Q96JP2,119,0,119,101,18,101
Q96K62,35,0,35,31,4,31
Q96R27,30,0,30,26,4,26
Q99489,22,0,22,18,4,18
Q9BUT9,12,5,7,7,10,2
Q9C005,6,1,5,5,2,4
Q9H8H3,15,2,13,13,4,11
Q9HBA0,60,4,56,49,15,45
Q9HBG7,76,3,73,66,9,67
Q9HC23,6,0,6,6,0,6
Q9NZ08,82,2,80,73,9,73
Q9NZC3,20,0,20,17,3,17
Q9UEW8,39,8,31,29,14,25
Q9UHB4,42,0,42,35,7,35
Q9UK33,20,5,15,15,10,10
Q9ULP0,28,4,24,19,11,17
Q9UNK0,14,3,11,10,5,9
Q9UPU5,305,51,254,220,110,195
Q9Y256,22,0,22,20,2,20
Q9Y2T2,36,2,34,32,6,30
Q9Y5U8,5,0,5,4,1,4
Q9Y675,5,2,3,3,4,1
Q9Y6I3,61,13,48,42,32,29
A0A087WUL8,368,0,368,324,44,324
A0A0B4J1V2,15,0,15,14,1,14
A0A0U1RQF7,7,0,7,5,2,5
A0A2R8YCJ5,7,0,7,5,2,5
A1L162,10,0,10,6,4,6
A6NDL7,17,0,17,15,2,15
A6NKP2,20,0,20,17,3,17
A6NL05,15,0,15,9,6,9
A8MSI8,2,0,2,1,1,1
O00204,37,5,32,28,14,23
O00410,63,8,55,49,16,47
O14983,60,10,50,45,21,39
O15460,29,2,27,23,8,21
O15481,34,3,31,26,11,23
O15482,45,4,41,33,16,29
O15524,17,0,17,8,9,8
O43541,47,4,43,36,11,36
O43614,31,0,31,26,5,26
O60883,42,3,39,34,11,31
O60884,33,9,24,23,17,16
O75342,33,1,32,24,10,23
O76027,24,0,24,19,5,19
O94915,356,49,307,264,111,245
P0CJ92,46,3,43,29,20,26
P23786,58,6,52,39,23,35
P24903,36,0,36,32,4,32
P29218,19,2,17,15,6,13
P30086,22,10,12,12,12,10
P46531,200,11,189,164,45,155
P56539,9,0,9,9,0,9
P57723,39,2,37,27,14,25
P58107,351,69,282,257,145,206
P59861,5,0,5,5,0,5
Q02040,68,12,56,40,40,28
Q02790,44,18,26,26,26,18
Q08477,28,0,28,26,2,26
Q0VGL1,8,0,8,7,1,7
Q13325,33,7,26,22,18,15
Q13443,61,10,51,46,15,46
Q14994,14,1,13,10,5,9
Q15399,83,0,83,76,7,76
Q2VIQ3,105,15,90,69,35,70
Q3ZCQ3,14,0,14,9,5,9
Q4UJ75,55,1,54,43,13,42
Q53GS9,42,8,34,27,21,21
Q53H76,35,0,35,32,3,32
Q5BKX5,25,2,23,18,9,16
Q5JSQ8,5,0,5,4,1,4
Q5S007,241,39,202,188,68,173
Q5TC82,118,16,102,90,40,78
Q5VY09,20,0,20,12,8,12
Q5W5X9,33,0,33,28,5,28
Q6GV28,23,0,23,23,0,23
Q6L8G8,34,0,34,33,1,33
Q6P2S7,132,0,132,112,20,112
Q6PJG6,75,9,66,56,20,55
Q6TCH4,24,0,24,23,1,23
Q6TFL3,95,0,95,76,19,76
Q6UWF9,18,0,18,13,5,13
Q6UWT4,5,0,5,3,2,3
Q6ZU69,131,0,131,103,28,103
Q7L590,89,21,68,55,53,36
Q8IWV2,79,0,79,63,16,63
Q8N4P6,49,2,47,36,13,36
Q8N7U7,36,0,36,28,8,28
Q8NG77,22,0,22,22,0,22
Q8NGS0,20,0,20,20,0,20
Q8NGS9,27,0,27,25,2,25
Q8TAF7,36,0,36,32,4,32
Q8TD84,201,2,199,163,40,161
Q8WVR3,61,12,49,44,29,32
Q8WXK3,17,0,17,13,4,13
Q8WZ71,14,0,14,12,2,12
Q92858,36,0,36,23,13,23
Q96FJ0,30,3,27,24,9,21
Q96JC9,39,4,35,24,19,20
Q96LZ2,22,0,22,19,3,19
Q96PI1,1,0,1,1,0,1
Q96PP8,36,4,32,27,7,29
Q96SN7,22,2,20,18,6,16
Q9BRQ5,29,2,27,21,8,21
Q9BYN0,12,2,10,9,3,9
Q9BYZ6,50,0,50,45,5,45
Q9H426,23,2,21,15,10,13
Q9H792,264,65,199,174,147,117
Q9HBE1,77,11,66,56,32,45
Q9NQ92,21,6,15,14,11,10
Q9NS39,65,9,56,48,20,45
Q9NYJ1,5,1,4,4,0,5
Q9NZT1,9,4,5,5,8,1
Q9UJD0,42,9,33,29,22,20
Q9UKI9,66,3,63,45,24,42
Q9UQ13,57,4,53,51,8,49
Q9UQB3,184,37,147,124,97,87
Q9Y250,79,17,62,55,33,46
Q9Y385,35,4,31,29,10,25
Q9Y3E2,15,4,11,8,11,4
Q9Y6R4,153,22,131,108,59,94
Q9Y6X3,42,1,41,39,2,40
A0A2R8Y619,11,0,11,8,3,8
A0PJZ3,20,1,19,16,5,15
A5PLL1,59,4,55,48,15,44
A6NHL2,30,3,27,25,8,22
A6NKL6,87,1,86,60,28,59
A8MT65,46,0,46,38,8,38
A8MV57,11,0,11,9,2,9
A8MW92,114,12,102,89,37,77
C9JDP6,15,0,15,15,0,15
O00409,72,9,63,47,32,40
O00478,43,0,43,37,6,37
O43272,31,0,31,24,7,24
O60542,8,0,8,8,0,8
O60729,38,1,37,29,10,28
O60885,139,34,105,81,78,61
O75071,63,8,55,45,26,37
O75865,7,0,7,7,0,7
O94966,110,9,101,88,27,83
O95057,14,0,14,11,3,11
O95405,152,14,138,119,47,105
P04080,8,3,5,4,7,1
P05362,33,2,31,27,8,25
P08697,41,1,40,34,8,33
P09912,13,0,13,10,3,10
P0DJD8,44,0,44,37,7,37
P13727,16,0,16,13,3,13
P23743,50,3,47,42,9,41
P26927,33,1,32,27,7,26
P27469,2,0,2,2,0,2
P35663,90,10,80,65,35,55
P39023,22,5,17,13,12,10
P41252,85,14,71,66,21,64
P41271,13,0,13,13,0,13
P42345,191,30,161,141,68,123
P42574,29,5,24,24,4,25
P48788,11,3,8,7,7,4
P63010,65,8,57,53,18,47
P83916,21,8,13,11,14,7
Q01064,42,2,40,30,14,28
Q02928,33,1,32,31,3,30
Q06033,52,0,52,43,9,43
Q12983,35,7,28,26,14,21
Q13330,75,19,56,53,35,40
Q13449,29,1,28,25,5,24
Q14145,41,2,39,32,9,32
Q14653,41,12,29,26,15,26
Q15907,19,4,15,13,10,9
Q58FF3,21,0,21,15,6,15
Q5H9T9,76,0,76,51,25,51
Q5HYL7,21,0,21,16,5,16
Q5JXX7,10,0,10,10,0,10
Q5T124,32,0,32,23,9,23
Q5TAX3,152,16,136,114,50,102
Q68EN5,31,4,27,20,11,20
Q6IQ49,42,10,32,30,18,24
Q6P2P2,61,0,61,52,9,52
Q6P4F2,10,0,10,9,1,9
Q6PEY1,6,0,6,5,1,5
Q6PML9,47,0,47,43,4,43
Q6W4X9,323,3,320,283,43,280
Q6ZP29,30,0,30,28,2,28
Q7Z388,46,0,46,38,8,38
Q86UD5,36,0,36,33,3,33
Q86XU0,40,0,40,35,5,35
Q8IY34,43,0,43,39,4,39
Q8N8L6,10,0,10,8,2,8
Q8N9U9,11,0,11,8,3,8
Q8NA75,37,0,37,35,2,35
Q8NEM8,86,2,84,67,19,67
Q8NFI3,48,2,46,41,7,41
Q8NG50,23,0,23,22,1,22
Q8NGS6,30,0,30,28,2,28
Q8NHQ9,30,5,25,24,11,19
Q8WVP7,40,1,39,35,6,34
Q92186,29,0,29,24,5,24
Q92777,60,1,59,48,13,47
Q92859,161,13,148,127,43,118
Q93063,47,0,47,43,4,43
Q96DX4,49,5,44,36,14,35
Q96KD3,34,0,34,33,1,33
Q96QU6,39,3,36,28,8,31
Q96RD7,38,2,36,32,6,32
Q9BQK8,97,13,84,70,40,57
Q9BV38,43,4,39,37,8,35
Q9BZF2,97,9,88,76,24,73
Q9C098,47,6,41,31,20,27
Q9GZZ9,31,7,24,23,15,16
Q9H3K6,5,2,3,3,0,5
Q9NPC7,61,6,55,49,18,43
Q9NPY3,61,4,57,45,20,41
Q9NSA2,59,0,59,47,12,47
Q9NW97,28,9,19,19,14,14
Q9NYU1,95,5,90,82,16,79
Q9UBP8,3,0,3,1,2,1
Q9UD71,30,12,18,17,25,5
Q9UIV8,33,0,33,26,7,26
Q9ULM2,39,1,38,33,7,32
Q9ULZ3,10,2,8,8,2,8
Q9Y2G2,49,0,49,37,12,37
A0A096LNW5,10,0,10,9,1,9
A0A0U1RRK4,9,0,9,4,5,4
A8K0S8,28,0,28,26,2,26
A8MZG2,18,0,18,11,7,11
O14863,37,0,37,32,5,32
O15131,31,1,30,23,9,22
O15389,58,2,56,47,13,45
O75593,28,0,28,17,11,17
O75935,9,1,8,7,3,6
O75951,14,0,14,14,0,14
O95136,34,5,29,26,13,21
O95347,71,6,65,59,16,55
O95817,85,32,53,47,58,27
O95983,27,8,19,17,14,13
P00915,37,9,28,26,18,19
P02671,147,41,106,96,64,83
P04280,28,6,22,10,24,4
P0CG34,2,0,2,2,0,2
P0DM35,5,0,5,2,3,2
P10075,37,1,36,27,11,26
P17030,29,2,27,27,4,25
P19367,55,8,47,37,26,29
P28329,57,2,55,44,15,42
P48444,49,15,34,31,29,20
P51648,23,2,21,19,6,17
P51911,13,2,11,9,6,7
P51956,49,9,40,35,23,26
P53384,22,1,21,18,5,17
P86434,13,0,13,12,1,12
Q01105,23,6,17,15,10,13
Q02846,70,3,67,54,15,55
Q12967,102,4,98,81,25,77
Q13352,28,7,21,20,13,15
Q13368,38,2,36,30,10,28
Q13445,12,0,12,9,3,9
Q15306,25,0,25,22,3,22
Q16740,18,3,15,14,7,11
Q4KMZ8,12,0,12,11,1,11
Q5T230,33,12,21,17,28,5
Q5VUD6,24,0,24,24,0,24
Q5VXH5,34,0,34,30,4,30
Q6IFH4,27,0,27,25,2,25
Q6ZP82,120,0,120,97,23,97
Q6ZSM3,41,0,41,37,4,37
Q6ZWT7,38,0,38,34,4,34
Q7L1W4,63,8,55,51,18,45
Q7Z4W1,19,4,15,15,6,13
Q8IU85,44,6,38,37,7,37
Q8IV36,74,14,60,54,32,42
Q8IXW5,75,10,65,58,27,48
Q8IYE0,35,1,34,28,6,29
Q8N2C3,16,0,16,14,2,14
Q8N5Q1,100,4,96,70,34,66
Q8N688,3,1,2,2,0,3
Q8N7B1,26,0,26,21,5,21
Q8N8E1,12,1,11,7,6,6
Q8NCQ7,50,5,45,30,25,25
Q8NFZ5,24,4,20,15,13,11
Q8NH72,23,0,23,23,0,23
Q8NHA8,28,0,28,26,2,26
Q8TBZ2,63,1,62,47,17,46
Q8TD47,8,1,7,5,4,4
Q8WTQ1,3,0,3,3,0,3
Q92752,129,5,124,103,31,98
Q96A26,13,1,12,12,2,11
Q96JJ6,60,0,60,37,23,37
Q96MT3,111,19,92,72,46,65
Q96MW5,31,2,29,26,5,26
Q96PE5,12,2,10,6,8,4
Q96R06,153,39,114,111,77,76
Q99570,123,19,104,89,51,72
Q99680,37,1,36,35,3,34
Q99743,105,2,103,76,31,74
Q9BS86,27,0,27,22,5,22
Q9BWC9,27,2,25,21,6,21
Q9BX82,47,0,47,43,4,43
Q9BY14,19,1,18,16,2,17
Q9GZP4,14,1,13,12,3,11
Q9GZT8,36,3,33,28,9,27
Q9H0B6,72,28,44,37,63,9
Q9H741,13,0,13,11,2,11
Q9H944,13,0,13,12,1,12
Q9HBT8,57,6,51,44,19,38
Q9NR09,529,42,487,416,149,380
Q9NUX5,54,1,53,52,3,51
Q9UEF7,58,2,56,47,11,47
Q9UL41,25,1,24,16,10,15
Q9ULU4,206,61,145,131,130,76
Q9Y261,62,10,52,42,30,32
Q9Y324,7,1,6,6,2,5
Q9Y3B9,39,16,23,22,29,10
Q9Y5J6,4,0,4,4,0,4
Q9Y5P6,22,0,22,18,4,18
